0,1,2
0.41823975138193314,0.540896871320283,0.04086337729778394
0.44202560177269923,0.5173982018520539,0.040576196375246905
0.4237674309023628,0.5346449954394428,0.04158757365819476
0.42328141676221487,0.5346440390808141,0.04207454415697098
0.5063034007952579,0.4597057423861254,0.0339908568186168
0.42262910163092815,0.5389058545158402,0.038465043853231476
0.5410666533598651,0.42075113295944705,0.0381822136806878
0.4324943160488819,0.526083381076821,0.04142230287429718
0.4295038064724021,0.4989174476645795,0.0715787458630185
0.48250486219518174,0.4749065726638483,0.042588565140970015
0.4177556682046689,0.46286467469992054,0.11937965709541062
0.495573794014916,0.4666981778468225,0.0377280281382613
0.44316508323877013,0.516549131776091,0.04028578498513878
0.42880698530434325,0.5341251502868988,0.037067864408758006
0.421687547062401,0.5471150723166257,0.031197380620973342
0.39029672650908603,0.5726066752821712,0.03709659820874261
0.45794172466223804,0.5028092680918045,0.039249007245957514
0.5081751965577519,0.4514641557973884,0.040360647644859624
0.4190142738625705,0.548323763536774,0.03266196260065552
0.4766626987955297,0.4827911868309898,0.04054611437348054
0.4706880007319198,0.49959169952975546,0.0297202997383248
0.451157255038043,0.5085274138631702,0.04031533109878672
0.4452395578008285,0.5132886652550346,0.04147177694413699
0.40558773166574474,0.5551406974990847,0.039271570835170376
0.4199156573081123,0.5428297149275768,0.03725462776431077
0.47067809143626144,0.4890833927496844,0.04023851581405422
0.5096832803271512,0.47416153500013763,0.016155184672711136
0.4791032383170016,0.4777458674547111,0.0431508942282874
0.40774630893388214,0.5642703195028007,0.027983371563317216
0.4814600797683379,0.47804310437471176,0.040496815856950454
0.43017959946124756,0.5278535099049383,0.041966890633814
0.41371023313067484,0.5450559722401606,0.041233794629164856
0.4747357725138998,0.4838177846003148,0.04144644288578505
0.46613940678395654,0.5064183902993299,0.0274422029167137
0.417014950213452,0.541506860296644,0.04147818948990404
0.47672496060322206,0.4853312509001949,0.037943788496582746
0.4346186993207244,0.5266011410242838,0.03878015965499137
0.4077311228809762,0.5387595826343514,0.05350929448467214
0.435176701426652,0.5243786347135128,0.04044466385983503
0.4336694774754395,0.5299158626428827,0.03641465988167765
0.4261313047558888,0.5392926795159212,0.03457601572819015
0.46594705669661995,0.5000556819430072,0.03399726136037301
0.41143416501401625,0.5507958504181271,0.03776998456785676
0.47759703603882825,0.4800287255772821,0.042374238383889595
0.4759864701935106,0.48853301865080045,0.0354805111556891
0.5187952230587102,0.4412773248079028,0.03992745213338701
0.4503722534748597,0.507279151650382,0.04234859487475824
0.48940294337051327,0.48012648910167244,0.030470567527814334
0.42392462831147554,0.5360399373758684,0.040035434312656146
0.43859521662567036,0.5319751393116587,0.02942964406267095
0.4134776883001371,0.5474676781802142,0.039054633519648496
0.4849468976339529,0.47430355047286143,0.04074955189318557
0.4461666557361735,0.5265162134364855,0.027317130827341152
0.45398275091705215,0.5100853530961453,0.035931895986802354
0.46996404700748495,0.48901351490392064,0.04102243808859436
0.42205011417548133,0.5438898656628598,0.03406002016165904
0.40712159027476824,0.5519416446250439,0.040936765100188156
0.45592121636687727,0.48607264727124083,0.05800613636188182
0.4690872288002653,0.48620460918926833,0.044708162010466186
0.48152251235901833,0.4920610300185296,0.02641645762245197
0.4471783709411347,0.5173073464350078,0.03551428262385743
0.42492477974967596,0.536081627020567,0.03899359322975712
0.4378504984155069,0.535117038074296,0.02703246351019705
0.4061721308859312,0.5552463727003264,0.0385814964137423
0.35100295217192273,0.606379485874965,0.042617561953112254
0.42757642177412114,0.5365209592258007,0.035902619000078316
0.4156809130734843,0.542377677697772,0.041941409228743766
0.40836042258091504,0.5505525467687621,0.04108703065032288
0.46170434988058345,0.49466848220851073,0.04362716791090589
0.4191529384147937,0.5441104154362039,0.03673664614900229
0.4557249777298725,0.5068082917829174,0.03746673048721013
0.41014995706361956,0.5478790599358173,0.0419709830005628
0.44326116755133427,0.5194378228031219,0.03730100964554374
0.5177416683999905,0.4496858760294075,0.03257245557060218
0.47912380966744395,0.47897418352615617,0.04190200680639982
0.4507754795112128,0.5099307978339165,0.039293722654870626
0.421422495348886,0.5393349877853443,0.03924251686576982
0.4574374749674872,0.504248933340327,0.038313591692185636
0.4449297465426638,0.5120559749596254,0.04301427849771088
0.4488256635232373,0.5108412914920523,0.04033304498471058
0.501039622227839,0.46122166919261937,0.037738708579541515
0.44887731756052296,0.5116834308625128,0.039439251576964277
0.5570513719218866,0.40546087290064675,0.03748775517746641
0.4273275984529012,0.5336703629907766,0.039002038556321984
0.43837652290653983,0.5230139873901379,0.038609489703322473
0.4236979250832417,0.537278716466555,0.03902335845020332
0.4314271119584137,0.5271105906301289,0.041462297411457204
0.48648956885248523,0.4770933686784841,0.03641706246903054
0.5205511146174818,0.4364867162824685,0.0429621691000496
0.4863052202890443,0.4721212113364615,0.04157356837449427
0.5387180041025421,0.4258137528699467,0.03546824302751134
0.4541243928597087,0.5081478473909165,0.03772775974937484
0.5158054663342081,0.45275718548863153,0.031437348177160436
0.45584791344090797,0.506620630623893,0.03753145593519927
0.5387942121945697,0.4248969309549925,0.0363088568504378
0.4197183825904113,0.5487605209767158,0.03152109643287291
0.4943341929040624,0.4653004126683545,0.04036539442758313
0.46139808560819773,0.5001435939461012,0.03845832044570092
0.43409727956378114,0.54494412932021,0.020958591116008785
0.423309597859817,0.5463376861585661,0.030352715981616665
0.47597113618454767,0.4831605957540608,0.04086826806139178
0.5342701766466824,0.4353080715568748,0.030421751796442607
0.5902023142977242,0.3738504179979845,0.03594726770429113
0.47535453937046285,0.504996227376005,0.019649233253531982
0.47732715500388895,0.48976118862965456,0.03291165636645637
0.461787664665067,0.49643151272632846,0.0417808226086045
0.3994451405946421,0.5594816697107423,0.041073189694615445
0.42659420925109875,0.5394143419586985,0.03399144879020272
0.4321412585499769,0.5283718463688184,0.03948689508120473
0.43182087303989164,0.5281253436162634,0.04005378334384472
0.42109667943813256,0.5361760359139939,0.04272728464787348
0.5520904835849044,0.4112149424317039,0.03669457398339161
0.44305019620140346,0.5162819831963702,0.040667820602226436
0.479495253354303,0.48318333270161556,0.03732141394408151
0.4715441880180461,0.4871925820511802,0.04126322993077368
0.44620511917448474,0.5190383888639518,0.03475649196156347
0.4733216753017272,0.45460653284046465,0.07207179185780803
0.5090280000486953,0.4500826049830274,0.04088939496827738
0.42261784410890024,0.5430452746121722,0.03433688127892763
0.5364127726946322,0.4341040796139184,0.029483147691449812
0.4898319401025948,0.4721504250359673,0.03801763486143793
0.4148204650991842,0.5431407436147676,0.042038791286048316
0.5126969006491456,0.4536504677086176,0.033652631642237
0.43496171059968375,0.5260485757530907,0.038989713647225595
0.4695024167361957,0.505208217667389,0.02528936559641529
0.4214598013554033,0.5310873028876573,0.04745289575693959
0.45230302691583785,0.5205057621532638,0.027191210930898345
0.4970697413239683,0.46921302617196176,0.0337172325040699
0.5568550122753393,0.4104561441501732,0.03268884357448764
0.44009976087739056,0.5215831764251911,0.038317062697418566
0.5678524372518565,0.3972074777810455,0.03494008496709779
0.5362298501544853,0.4132386307238929,0.05053151912162192
0.4479935409109365,0.5155721216213012,0.03643433746776241
0.5098067063638646,0.4512410192392204,0.03895227439691507
0.4674866149992627,0.49485344371411943,0.037659941286617905
0.5028273661242572,0.4583635705763657,0.038809063299376924
0.4383874441527685,0.5199126153010089,0.041699940546222364
0.44074559832804455,0.5181886564808225,0.04106574519113315
0.4579674825664537,0.5025570606019683,0.03947545683157826
0.5093953978861862,0.43370288228783177,0.05690171982598184
0.47481793207010736,0.4750325721398243,0.050149495790068464
0.4669947759221355,0.4917490206571819,0.041256203420682334
0.41929393606528137,0.547786511887359,0.032919552047359434
0.4733594249300528,0.48716338338931164,0.03947719168063555
0.4312293810396154,0.5303633479872851,0.03840727097309944
0.5003775355348803,0.4636209658992277,0.03600149856589209
0.4683499860750737,0.49410767986500204,0.03754233405992408
0.46896582902193384,0.48936429777703755,0.04166987320102864
0.42692508578586075,0.5320229123530172,0.04105200186112201
0.44078377582800937,0.517912709336985,0.04130351483500566
0.4371667339628023,0.5266804171699423,0.03615284886725524
0.45625476108905266,0.5034210200419234,0.04032421886902379
0.47570559335539253,0.48986062784508094,0.034433778799526416
0.440294034885867,0.5170042784594151,0.04270168665471782
0.4476844843696119,0.5094244970557339,0.04289101857465419
0.4122023540917251,0.5277954767848935,0.06000216912338155
0.3924531032344303,0.5675822619829086,0.039964634782661185
0.4618525406292274,0.4987823355534243,0.039365123817348274
0.41923755780214905,0.5504904171994435,0.030272024998407455
0.4847357676064431,0.47436853440676635,0.04089569798679039
0.44134196328563124,0.5241241713991794,0.03453386531518941
0.4910876892867478,0.4688443575405189,0.040067953172733435
0.53552127192141,0.4269070425859472,0.03757168549264284
0.49113496205451584,0.4673599784298679,0.04150505951561605
0.4369450473341494,0.5226971997685197,0.04035775289733077
0.3962165748707827,0.5634488631636496,0.040334561965567624
0.4664219912342453,0.4931673086662077,0.040410700099547
0.42205931005642533,0.5406852495476943,0.03725544039588044
0.41218122805433377,0.5634636192186723,0.024355152726994088
0.5286271018012192,0.43432569619037137,0.037047202008409365
0.418018826759704,0.5401488576313419,0.04183231560895409
0.4412972746372964,0.5174572070058527,0.0412455183568509
0.4880970318085143,0.46289481430182716,0.04900815388965846
0.4186985303426205,0.5370036636567936,0.0442978060005859
0.33456564688148926,0.5069179454204998,0.15851640769801087
0.45151182969665965,0.5164265747666215,0.032061595536718834
0.4107170098793241,0.550492147814833,0.038790842305843065
0.45544168225290266,0.5050907100365234,0.03946760771057379
0.5532108672791349,0.3899827571203773,0.056806375600487714
0.5494234221139089,0.40839385932452843,0.04218271856156264
0.47650882171603376,0.4842788353599246,0.039212342924041445
0.45790062014804606,0.511517940409553,0.030581439442400903
0.4992005465095953,0.46277551628334873,0.03802393720705609
0.4322829988465922,0.5307304117727242,0.03698658938068341
0.4443261723286899,0.5291758621941068,0.026497965477203362
0.5733695619994118,0.4121052403992545,0.014525197601333634
0.5597836536560511,0.4048704462139299,0.035345900130019106
0.5474438345279425,0.42333568252849907,0.029220482943558567
0.4610674473756395,0.5151006898093886,0.023831862814971922
0.498103619815506,0.46789521844417536,0.03400116174031865
0.4704871858550291,0.4950742597583857,0.03443855438658525
0.5503471131298491,0.39900005129335375,0.05065283557679691
0.4586868863306161,0.5039590930248605,0.0373540206445233
0.42434224162267214,0.5386169484470691,0.037040809930258795
0.31669774844188514,0.5187243461752543,0.1645779053828606
0.435934927503719,0.5222351259299312,0.041829946566349925
0.4425619812893199,0.4990463417526927,0.05839167695798732
0.414565931607504,0.550536759841565,0.03489730855093103
0.4798585589624536,0.4435023819236826,0.07663905911386382
0.4908134833120688,0.47664068722643094,0.032545829461500135
0.46895765634824493,0.49334410912199483,0.03769823452976025
0.4468400187778184,0.5122520774854661,0.040907903736715504
0.492159730515007,0.4665348158250802,0.041305453659913
0.5555911490569875,0.39670124481282343,0.0477076061301893
0.4335017417360604,0.5451372462364652,0.02136101202747436
0.43316680544290936,0.5264672687984142,0.04036592575867646
0.5099596995470176,0.4684108700463391,0.021629430406643616
0.49205440985833815,0.4741601697726091,0.03378542036905262
0.516383266573409,0.4579354517673142,0.025681281659276703
0.41830548149124125,0.5399659238597261,0.041728594649032474
0.45600866164934484,0.5022487532774983,0.041742585073157056
0.4445660686767254,0.513299200958096,0.04213473036517849
0.4331518218292624,0.5280640482764992,0.03878412989423849
0.5107627441270014,0.4509077649046212,0.038329490968377324
0.4495510430281629,0.5118733197111734,0.038575637260663785
0.4463615014310757,0.4823140007698494,0.07132449779907479
0.4581160511996777,0.5135010961012565,0.028382852699065743
0.4349772252668077,0.5240563860929409,0.040966388640251546
0.45364439248423066,0.5146123446727945,0.0317432628429748
0.48264985266422805,0.4806820458046138,0.03666810153115788
0.4328261477031631,0.5320055856059618,0.03516826669087508
0.40121655445322557,0.5642792598119003,0.03450418573487403
0.4734976613943215,0.4876678816330052,0.038834456972673154
0.4489363355454224,0.5113687910164405,0.03969487343813715
0.45357944067907674,0.5053509243242513,0.041069634996671725
0.47061732972941783,0.4904342358754844,0.03894843439509767
0.39814230075319207,0.5659453355410853,0.03591236370572297
0.4358947846547501,0.5317763999672772,0.032328815377972664
0.44036808869456767,0.5378217762303402,0.021810135075091882
0.5058353209294121,0.46004495403644396,0.034119725034144094
0.47932864007928305,0.4888829466467342,0.031788413273982664
0.4361890788047834,0.5246469184398567,0.03916400275535987
0.489776342906501,0.4695167946539821,0.04070686243951684
0.4639812559604465,0.49715022462554687,0.03886851941400655
0.5088754279700313,0.4466730540842395,0.04445151794572923
0.5067214739309255,0.45463616078465047,0.03864236528442418
0.4399439592810037,0.5198166947235433,0.04023934599545299
0.45332624084417233,0.5059114770205311,0.040762282135296576
0.4915657493261621,0.47216528295695837,0.03626896771687952
0.46713901433122273,0.48550184446717065,0.047359141201606454
0.4307764299347018,0.5309215870053893,0.038301983059908666
0.4259093368462774,0.5317394197748545,0.04235124337886782
0.4184596296322838,0.5365683011592209,0.04497206920849507
0.49391190562633547,0.46482492980891094,0.04126316456475359
0.45138721367420853,0.5139486067339992,0.034664179591792424
0.44097609044052144,0.525705279763569,0.033318629795909625
0.4706777306858812,0.4866733267196136,0.04264894259450502
0.44082417693675996,0.5195363000545844,0.03963952300865574
0.4463531997302925,0.520660729131419,0.03298607113828835
0.43401002525026805,0.5252714926037254,0.04071848214600666
0.42965656884664327,0.5336066833026516,0.03673674785070509
0.42897002596601885,0.5502188069030878,0.020811167130893045
0.4375246195112594,0.528119464596997,0.034355915891743555
0.4350704418768587,0.5254168397512613,0.03951271837188006
0.45894582976492304,0.5003573185192804,0.04069685171579636
0.4742118238352165,0.48741299070328725,0.03837518546149617
0.4308366338616439,0.5314705767941023,0.0376927893442541
0.4792400817772394,0.48007603912748326,0.04068387909527712
0.4119694689460959,0.5586749834015895,0.029355547652314663
0.49170149501609767,0.4667610314214654,0.04153747356243714
0.41982352240168713,0.5396580171747397,0.04051846042357313
0.4118429780123223,0.5504399835272094,0.037717038460468366
0.4514542735731167,0.5236492127202429,0.024896513706640103
0.42208657204872196,0.545017044374761,0.03289638357651701
0.5631341938479413,0.41068009314445497,0.02618571300760366
0.40326959688642333,0.5559492383935756,0.04078116472000121
0.4476808901410635,0.5174581713518551,0.03486093850708141
0.5774451359213638,0.38741245611157976,0.03514240796705627
0.4326575658090749,0.5450747452385589,0.02226768895236637
0.5270873904528659,0.42817810325265654,0.044734506294477755
0.5092618008053372,0.4685545032000344,0.02218369599462816
0.4711473121674566,0.4904154646953514,0.038437223137192035
0.02339855198016391,0.033921697358267736,0.9426797506615684
0.4289558863279688,0.5294518255358489,0.041592288136182175
0.41065574169512387,0.5516102278159328,0.03773403048894318
0.43516498517160285,0.5270977643187428,0.03773725050965453
0.5175713459790555,0.4635592904052262,0.018869363615718174
0.5496195036025783,0.4065872936938427,0.04379320270357889
0.4295431937487885,0.5415879923186219,0.028868813932589492
0.45937653534756895,0.5085549896797857,0.032068474972645304
0.4679305953863944,0.49233615404443903,0.03973325056916671
0.47240252912453545,0.4899058742907554,0.03769159658470912
0.45399727751546504,0.5047420712734818,0.04126065121105314
0.42129198383540584,0.5419164816673389,0.03679153449725521
0.4193110900488516,0.5397548253832336,0.040934084567915016
0.44124675426092974,0.5166267387866587,0.042126506952411547
0.456746982683406,0.47945413423918554,0.06379888307740851
0.5036067789420182,0.4666764340679363,0.029716786990045308
0.4310542374168905,0.5308251651283407,0.038120597454768916
0.4688375442693564,0.49300470794780726,0.038157747782836114
0.4237510198399367,0.5358566526548133,0.04039232750525023
0.47473188583879444,0.48645190270737804,0.03881621145382756
0.4124390519064822,0.55294135975489,0.03461958833862741
0.41739661461696115,0.5363059314007566,0.04629745398228224
0.43135023584177357,0.5415615951302266,0.027088169028000226
0.4795598988085867,0.480595484099325,0.03984461709208835
0.4619127915931061,0.4901212122994734,0.04796599610742056
0.5066095704895068,0.4591207743726175,0.03426965513787572
0.462683607401263,0.5003209938240982,0.03699539877463856
0.45010002097629775,0.5122889143504716,0.03761106467323077
0.4411141664461162,0.5196650815084001,0.03922075204548383
0.4727327568127464,0.48626320420277447,0.04100403898447922
0.4181434794555915,0.545425972199786,0.03643054834462268
0.4789269620613187,0.4936829443177733,0.027390093620907902
0.41406980721355074,0.544884063495567,0.041046129290882714
0.4002441226293808,0.5651804960288997,0.03457538134171969
0.43977499944449,0.5209387343645473,0.03928626619096272
0.4110120220895153,0.5470000071173846,0.04198797079309994
0.47167765422818964,0.49555684299870617,0.03276550277310427
0.4404549817211749,0.5301520582797871,0.029392959999037783
0.5174512820629805,0.440212871050239,0.042335846886780326
0.4099091609521192,0.5513676419780122,0.03872319706986858
0.42192559149764425,0.5363057549493639,0.041768653552991995
0.43346851781398393,0.5270512608851734,0.03948022130084238
0.4452956075981352,0.5129839464583226,0.041720445943542225
0.5622767189429422,0.40657268723140944,0.0311505938256485
0.4455040218417657,0.5153741627702031,0.03912181538803114
0.41731581946580304,0.5416633167458601,0.04102086378833694
0.4597489401955153,0.5036056802577209,0.03664537954676386
0.4230082090434322,0.5408650724462946,0.03612671851027315
0.4435745369579715,0.5230509908555014,0.03337447218652735
0.444446517220252,0.5436853206285516,0.011868162151196075
0.43100929113284886,0.5327415650319521,0.03624914383519889
0.41219470462241686,0.5302456320213915,0.05755966335619128
0.44073258513071106,0.5229532867858976,0.03631412808339141
0.4664521004751652,0.4907298937541975,0.04281800577063715
0.4202414963467551,0.5400771114235493,0.039681392229695384
0.4811569092999554,0.48506019830700337,0.0337828923930411
0.42088765241853276,0.5368483286770313,0.04226401890443582
0.40068494742968636,0.5633292946598237,0.035985757910490065
0.45639991557198156,0.5050894641551837,0.03851062027283455
0.4951963256573048,0.46405053412788705,0.040753140214808276
0.41432787005010424,0.5440377445815588,0.04163438536833675
0.4242153931954796,0.5343665837125848,0.04141802309193584
0.40601269450549027,0.5537260510923457,0.04026125440216395
0.4097680150684188,0.5468644480908998,0.04336753684068135
0.41710533110888814,0.5460731494266795,0.036821519464432316
0.45490078664852257,0.503211292070895,0.04188792128058257
0.5065635822929979,0.4565760870134635,0.03686033069353862
0.4472471789508312,0.5227384634532694,0.030014357595899575
0.46411328676544944,0.4762735431724716,0.05961317006207875
0.42448307059788104,0.5339516901225277,0.04156523927959123
0.5079201696827148,0.46580812085144224,0.02627170946584312
0.4215229333165796,0.5393298842380966,0.039147182445324044
0.4488656859977703,0.5131183166246351,0.03801599737759444
0.4161671976672063,0.5464770558611807,0.0373557464716129
0.4268091352928188,0.532524642474882,0.040666222232299064
0.4285016727767796,0.5171369214837466,0.05436140573947383
0.48619194658082243,0.4743758809718314,0.03943217244734621
0.432633388553215,0.5300769932515271,0.03728961819525788
0.3530435579754903,0.608293778352194,0.03866266367231571
0.441545409799028,0.5218929229796548,0.03656166722131707
0.44878384991957515,0.5146412185792144,0.03657493150121058
0.5007900127071413,0.47617850162304626,0.023031485669812515
0.5244569763378968,0.44738774734519066,0.028155276316912385
0.5164206852864025,0.4430594808534438,0.040519833860153696
0.44556475838619136,0.5116853154493202,0.042749926164488534
0.45532658959223893,0.5053855472747492,0.03928786313301171
0.41084897365955986,0.5472658922367997,0.041885134103640316
0.44247872178347697,0.5152677548240362,0.042253523392486766
0.4358393003199896,0.5305143386038412,0.03364636107616919
0.43403384146277985,0.5258705495371804,0.04009560900003987
0.4929673845677879,0.4710637686493028,0.03596884678290922
0.4316889052842042,0.5272317757580208,0.04107931895777522
0.4618826688983283,0.5106984835796722,0.027418847521999332
0.4312006610529272,0.5268412384594893,0.041958100487583576
0.445459398806403,0.513221628457778,0.04131897273581892
0.47149505769296707,0.48643632022908956,0.04206862207794347
0.42205491784701493,0.5363515467207588,0.041593535432226054
0.42906234338257176,0.542215525189616,0.028722131427812173
0.44135843745539494,0.5252390971429888,0.03340246540161621
0.44406411661155987,0.5195539807125401,0.0363819026758999
0.5136337833262268,0.45802579490582884,0.02834042176794437
0.3923012842440006,0.5676397653920996,0.04005895036389985
0.4078035098383178,0.5574244773393366,0.034772012822345696
0.44727674716420535,0.5134211623022988,0.039302090533495766
0.4281630585144476,0.544322792953078,0.02751414853247431
0.48164689233933733,0.4830342796273743,0.0353188280332886
0.4384293850344413,0.5208722852207623,0.04069832974479659
0.45517168935198576,0.504441910076259,0.04038640057175524
0.40409970952108387,0.5556982856382028,0.04020200484071321
0.4943661348046182,0.47131792735614264,0.034315937839239065
0.41868943848453816,0.5562111042174517,0.025099457298010226
0.3423442640615542,0.5120929643838967,0.1455627715545492
0.44394021681299917,0.5173903874863804,0.0386693957006203
0.464567768005044,0.4966756667932113,0.0387565652017447
0.44618837120930255,0.4590940987354226,0.09471753005527485
0.4713180906409477,0.5000178794098196,0.028664029949232783
0.3720357675214907,0.5796065436295259,0.04835768884898343
0.42537205611266626,0.5336847701653683,0.040943173721965403
0.4173808247242112,0.5438390689909453,0.03878010628484372
0.4447184376569241,0.5228639796050245,0.03241758273805149
0.4317821127911651,0.5308178833491531,0.03740000385968192
0.44151661159160976,0.5202719325188329,0.0382114558895571
0.411068868186274,0.558403382408314,0.030527749405412082
0.45775211302771407,0.5044035912652642,0.037844295707021615
0.47076329731713124,0.4896531695058289,0.039583533177040026
0.4624490534822448,0.5006783265689132,0.03687261994884198
0.384516286952902,0.5750213879979796,0.040462325049118494
0.4690089419770542,0.5028367032328519,0.028154354790093875
0.4532007084977838,0.5092001298755457,0.03759916162667041
0.4294258950679409,0.5332513479984452,0.037322756933613914
0.4803346047748053,0.47717539572106493,0.0424899995041299
0.537386181417962,0.4234828157548897,0.03913100282714824
0.4556512551652192,0.5092861917187007,0.03506255311608023
0.4311029240616043,0.33137208965128434,0.23752498628711124
0.4666570376165052,0.4926904723971625,0.04065248998633227
0.4302858554747087,0.529120077913685,0.04059406661160611
0.4305774528508811,0.5289317362927264,0.040490810856392376
0.5551887756677103,0.4092413903381025,0.035569833994187144
0.5971270955981501,0.37072540069568477,0.032147503706165134
0.40878652857303166,0.5557924541918143,0.03542101723515404
0.5858194176288685,0.37014732439915626,0.04403325797197529
0.47038026575936825,0.4922736678502049,0.03734606639042693
0.4451776637001004,0.5148453470610723,0.03997698923882719
0.48105653765275014,0.4797790727465286,0.03916438960072111
0.4746952145645572,0.4881388012613332,0.03716598417410966
0.561456917917798,0.4048292689618109,0.033713813120391393
0.4077159051504867,0.559057031752091,0.03322706309742236
0.451338201270859,0.5103326289206438,0.03832916980849694
0.41748817186650317,0.5408201908757333,0.04169163725776339
0.4963172907370579,0.46256434415442477,0.04111836510851753
0.44134459048830055,0.5193086974805803,0.03934671203111931
0.5362915403509048,0.45646113952137873,0.007247320127716539
0.4557333679794613,0.50260618499319,0.041660447027348835
0.4636940656096312,0.48824639001296083,0.04805954437740784
0.43636648318730903,0.5232343700616111,0.04039914675107974
0.3726072174104118,0.5848248442358025,0.042567938353785556
0.4042125873047217,0.5525945849801562,0.0431928277151222
0.4799174258384418,0.4803659656341329,0.039716608527425215
0.4340789096519351,0.5295632856233967,0.036357804724668104
0.42587384858232663,0.5358784115508759,0.03824773986679711
0.42753371744631363,0.5322115861013462,0.04025469645234028
0.48399488543726377,0.47353849574589507,0.042466618816841224
0.4054242212503182,0.5743428325443273,0.020232946205354665
0.45609869992403596,0.5066634753752217,0.03723782470074233
0.5478479669456127,0.4146141168618261,0.03753791619256127
0.47558028112400236,0.4964453329459904,0.027974385930007277
0.41740453425707724,0.5436007669105851,0.038994698832337846
0.549325077081593,0.41615072309898526,0.0345241998194216
0.4216688812288924,0.5402227800727386,0.038108338698368834
0.43098221874741954,0.5304354319261023,0.038582349326478124
0.46787097426056745,0.49105917116759906,0.041069854571833424
0.45050781357865166,0.5152273544855414,0.03426483193580693
0.5074455089720383,0.45968151218534486,0.032872978842616946
0.4393771802840341,0.5233010236826184,0.03732179603334726
0.41105737701779016,0.5608871732595885,0.02805544972262121
0.452014766798254,0.5065891139081145,0.041396119293631795
0.4683321619332608,0.49115311833814446,0.04051471972859456
0.46262332385666544,0.49516053771180973,0.04221613843152487
0.4284952721626031,0.5305546945853041,0.04095003325209295
0.5272171412173168,0.4474946055656273,0.025288253217056186
0.44183055140327143,0.5180697989290682,0.040099649667660324
0.42368893658460705,0.534865481489377,0.041445581926015884
0.44514633794906083,0.5306450036518985,0.024208658399040437
0.41283272099051466,0.5442827740670615,0.042884504942423796
0.45387347736219796,0.5116003167269481,0.03452620591085428
0.4506355840936753,0.5282374730563808,0.021126942849943882
0.4635831369627663,0.49586060155497236,0.040556261482261186
0.47292263011741403,0.4862179750391341,0.040859394843451684
0.6323573913541897,0.3216882528026387,0.04595435584317177
0.4304511065519366,0.5335330457403894,0.03601584770767407
0.4230529338641735,0.5348498755830026,0.042097190552823856
0.466841378310741,0.49175517664441376,0.041403445044845534
0.5371095801339724,0.42829759666491024,0.034592823201117166
0.49013969332592777,0.47539690644281335,0.034463400231259024
0.454409516023717,0.5050537591667006,0.04053672480958225
0.49060586142171597,0.4355583699658713,0.0738357686124128
0.5096895120341638,0.46856738060991265,0.021743107355923347
0.43751105227136144,0.5239884757615128,0.03850047196712588
0.4573181384423431,0.5032859517068848,0.03939590985077225
0.43742193431442816,0.5487716385056437,0.013806427179928105
0.43185266226188995,0.5296221725341173,0.038525165203992635
0.4316637020869767,0.5356010411554787,0.03273525675754429
0.46830874864658395,0.49320112794622806,0.03849012340718799
0.4535252623018236,0.5190623054370299,0.027412432261146556
0.42750394958731175,0.5316138912904264,0.0408821591222621
0.4164129657812861,0.5407381893545704,0.04284884486414356
0.43135563158505713,0.5300406168658733,0.0386037515490696
0.4450887609888594,0.514919442947442,0.03999179606369845
0.4598589231022619,0.47925538127784295,0.060885695619895215
0.5001930065203869,0.46921382291283925,0.030593170566773933
0.447867517847183,0.5115957578174062,0.04053672433541085
0.5155394695478345,0.4620042375086389,0.02245629294352669
0.46149544622766736,0.5005686953435436,0.037935858428789014
0.4212515274882466,0.5415498184206533,0.037198654091099986
0.47174419000345386,0.48852728211854746,0.03972852787799858
0.4687353880389313,0.4893622235094331,0.04190238845163575
0.42578806077547066,0.5370937604159195,0.03711817880860997
0.5124356478928073,0.446512948393035,0.04105140371415761
0.46015081889111226,0.4987430471237532,0.0411061339851343
0.43766143420462883,0.5240588461462146,0.03827971964915655
0.4346263165308262,0.5256251759383506,0.03974850753082309
0.5385740396558693,0.43165113155752577,0.029774828786605013
0.5117259450366728,0.44596531500172093,0.042308739961606216
0.4565204132872215,0.5070281477775864,0.036451438935191934
0.4515024229428692,0.5197907963262371,0.028706780730893517
0.4297079768095335,0.5355305673185431,0.034761455871923384
0.4776106155601272,0.49732504147649753,0.02506434296337515
0.4538187479561654,0.520466923837837,0.02571432820599741
0.4499282066288878,0.508877512757764,0.04119428061334787
0.5345422682964358,0.44012281674617937,0.02533491495738498
0.4067015151484595,0.5555467361289042,0.03775174872263626
0.4281162234613792,0.5337335000184443,0.03815027652017645
0.4384536629427458,0.5191009398838036,0.04244539717345046
0.4266570099102907,0.5335106375941724,0.03983235249553679
0.5676002272552751,0.4017109730701173,0.03068879967460745
0.41528927443085845,0.5443019349733134,0.0404087905958282
0.4110949009532774,0.5779452693493705,0.010959829697351852
0.43641212189787854,0.5234387825676434,0.04014909553447777
0.4379042614502878,0.5218836600794944,0.040212078470217676
0.46712851572006114,0.4988961934074363,0.03397529087250239
0.4561632208572501,0.5131408388865629,0.03069594025618697
0.4437499416917005,0.516253597530476,0.03999646077782343
0.4284549854971939,0.5343788708588367,0.03716614364396949
0.4170268803222086,0.5578332757820259,0.025139843895765443
0.570985602094315,0.39197214202681196,0.037042255878873
0.39510851462783053,0.5638659918300376,0.04102549354213171
0.43418848890502776,0.49416679284988585,0.07164471824508645
0.4063117987198962,0.5628014102418093,0.03088679103829447
0.47345781749721866,0.47914394180903774,0.047398240693743404
0.45240739834437615,0.509911759381914,0.03768084227370984
0.44433658780396,0.5237137923661459,0.031949619829894124
0.41740831841109427,0.5439005145553073,0.03869116703359826
0.43736371308923183,0.5325673030767487,0.03006898383401926
0.41577855622710086,0.5533529797663205,0.030868464006578625
0.4127235198420197,0.5446746247986551,0.04260185535932518
0.4186864988810383,0.5527813168753637,0.028532184243598123
0.4365061364943387,0.5252508917751113,0.03824297173054983
0.4545452206597964,0.5069560420623208,0.03849873727788281
0.4469675349228356,0.5135189474422782,0.039513517634886294
0.4674205482200253,0.4925194016954714,0.0400600500845035
0.4735080849576799,0.48544020867555215,0.04105170636676789
0.42783739463146425,0.5368961341987045,0.03526647116983149
0.45612873950296723,0.5048054304512497,0.03906583004578283
0.45453363166760835,0.5053557303020115,0.04011063803038016
0.4782447028602879,0.48233111717274335,0.03942417996696859
0.45832028583572326,0.4820561483803932,0.059623565783883364
0.43333711474012093,0.5265357081022297,0.040127177157649595
0.4467983410648646,0.5129870883136779,0.040214570621457515
0.4339780562330361,0.5255185949211958,0.04050334884576806
0.4546404728366341,0.5245085553113422,0.02085097185202354
0.4402166202868158,0.5217170458114365,0.03806633390174779
0.4208876609771975,0.5435957282950784,0.03551661072772417
0.39220299338300596,0.5711341335614006,0.0366628730555935
0.4123468830518666,0.46282159921502847,0.12483151773310495
0.3982307223256041,0.5624059374313932,0.03936334024300279
0.41254353517435455,0.5491908434909452,0.038265621334700364
0.44867861474516935,0.5072807635026751,0.04404062175215551
0.5230446147756836,0.43983407041341693,0.037121314810899524
0.4635647970657689,0.4974237570913306,0.039011445842900436
0.4340457753904837,0.5264448392882091,0.03950938532130718
0.46108138609903354,0.4989271527919848,0.039991461108981656
0.3858990557904491,0.5835623912350947,0.030538552974456127
0.4298114616658969,0.5466084366578968,0.02358010167620635
0.4439993347380542,0.5141717904912508,0.04182887477069509
0.41015926086069765,0.5472196797635,0.042621059375802135
0.43726083461051923,0.5214533004051755,0.04128586498430545
0.43299818309372956,0.5339857823725337,0.03301603453373656
0.5001439761856782,0.45279561291271647,0.047060410901605065
0.4594376035806135,0.4994181194562935,0.04114427696309277
0.4573205228991157,0.5098323029754964,0.032847174125387756
0.487901703260915,0.47912846515018986,0.03296983158889514
0.48366917077043775,0.4755542081464961,0.040776621083066185
0.4309192857810205,0.5319673840514932,0.037113330167486115
0.42829350031795355,0.5353144108343741,0.03639208884767224
0.4320205296181997,0.5319060320520799,0.03607343832972004
0.43585370737011275,0.527416119992488,0.036730172637398965
0.4042204031694056,0.5562968292290055,0.03948276760158907
0.4638349520760473,0.5078503551469584,0.028314692776994187
0.471207251556744,0.5023629530683004,0.026429795374955555
0.4558177420709325,0.5041528794366542,0.04002937849241332
0.4218256233437272,0.4130815052182754,0.16509287143799728
0.42197724730108743,0.5395980401032957,0.03842471259561681
0.41329346546906603,0.5390348500332804,0.04767168449765351
0.46528533416222145,0.5108750778593011,0.02383958797847729
0.45304356495180625,0.5104260612321905,0.03653037381600336
0.46892142856707003,0.4911763604528393,0.0399022109800906
0.4766212996320904,0.48256797486491493,0.0408107255029945
0.47024482886327695,0.4889033185165864,0.040851852620136714
0.42933684546852147,0.5396463836157718,0.031016770915706916
0.4147859262489326,0.5453679803728739,0.03984609337819335
0.42389741412192455,0.5340510453458416,0.04205154053223398
0.4330283847855175,0.5414770259182464,0.025494589296236245
0.46412814513106876,0.4947093653720793,0.04116248949685183
0.45316843309579274,0.520903207502411,0.025928359401796195
0.474349880522725,0.48677986316191935,0.038870256315355504
0.5050154950457973,0.47194978255155323,0.02303472240264935
0.534216720266567,0.43679650896600775,0.028986770767425403
0.4255480590998998,0.5342235602444886,0.040228380655611524
0.4870647480525218,0.47958371192487703,0.03335154002260095
0.33974859430733606,0.6277317437606446,0.032519661932019245
0.5674250731079895,0.3982694822259982,0.034305444666012236
0.4587652249090568,0.5028061686455402,0.03842860644540283
0.4298170506538803,0.5280001086272889,0.04218284071883066
0.44286082584302083,0.528702855625016,0.02843631853196306
0.4622835312281652,0.5042015804956688,0.033514888276166055
0.48573232738988326,0.47314727800764467,0.041120394602472216
0.4657479670263256,0.49451282515825806,0.03973920781541639
0.47026011029619114,0.4884117847405368,0.04132810496327202
0.4072344623258869,0.5589692768509161,0.033796260823196735
0.4522965139619096,0.5188222857771522,0.02888120026093805
0.4460012905726376,0.5239830107541885,0.030015698673173826
0.44799699107198154,0.5112374825623279,0.04076552636569055
0.41973562002426756,0.5040104924744139,0.07625388750131833
0.4983446130044382,0.4652337814397614,0.03642160555580036
0.4693661602645628,0.48056083724665727,0.050073002488779904
0.49610446500467376,0.4604967198230716,0.0433988151722547
0.4235259010072302,0.5461226862396144,0.030351412753155622
0.49365221101742596,0.46667650425819723,0.03967128472437671
0.4917981487715233,0.47215457509263054,0.03604727613584623
0.42125070176872914,0.55057702957469,0.028172268656580866
0.4163700180173693,0.5470386094559255,0.03659137252670501
0.44281829675706535,0.5247657061233187,0.032415997119616076
0.46967811206270904,0.49469888036225274,0.03562300757503832
0.46360305459254814,0.49608120549218665,0.040315739915265165
0.4352759954838075,0.524506962266049,0.04021704225014347
0.4105954508485928,0.5542384696427503,0.03516607950865686
0.4839831497654447,0.4763335815880122,0.03968326864654306
0.4844179103393052,0.4211805620263577,0.09440152763433723
0.4293442008995427,0.5245888839301656,0.04606691517029162
0.4715064767985687,0.47726840479060456,0.05122511841082696
0.41197136026389647,0.5547214833960677,0.03330715634003578
0.44396521753391405,0.5182961602955287,0.03773862217055703
0.386032364166051,0.5733554256896404,0.04061221014430866
0.4991685989516504,0.4657515541428571,0.03507984690549234
0.42505343030688475,0.537057710991058,0.03788885870205735
0.45242329608205817,0.5081021021266279,0.0394746017913142
0.3066536923302664,0.5703505079698911,0.12299579969984253
0.47736857723498966,0.4816693645055819,0.04096205825942838
0.449330024048641,0.5139099894694671,0.0367599864818919
0.46570384698685113,0.49663927293728627,0.03765688007586239
0.42234249922127265,0.5379167562226757,0.039740744556051866
0.4702460933943726,0.5061518689587767,0.02360203764685062
0.48798022577124406,0.4741437430529046,0.037876031175851504
0.4316474117172764,0.5164221562626163,0.0519304320201074
0.44392861069361844,0.5147870138730152,0.04128437543336632
0.4317835470512308,0.5462708494104301,0.021945603538338708
0.41622652133207083,0.5499685958219785,0.0338048828459506
0.4770856332375126,0.4874687208602631,0.03544564590222422
0.41179058754260156,0.5519803895458293,0.03622902291156908
0.46847721437818335,0.4910571457062116,0.04046563991560488
0.47851625838128986,0.481884836372528,0.03959890524618203
0.4355313012616602,0.525964393013694,0.038504305724645686
0.46583734828808815,0.49422812339741945,0.039934528314492033
0.45330031647334007,0.5109120045079557,0.035787679018704055
0.4580830603447458,0.5085054782538464,0.033411461401407584
0.46925117333322874,0.49535535488916227,0.03539347177760895
0.4659731970614273,0.49732217596537426,0.03670462697319829
0.43052261120417984,0.5305029430395787,0.038974445756241524
0.3787340531627062,0.5858362388398124,0.035429707997481186
0.4684572360395641,0.5039185828110626,0.027624181149373272
0.4315693471740725,0.5252825455188022,0.043148107307125316
0.5272369931790959,0.44713884197280646,0.025624164848097573
0.4279758845888162,0.53567928855364,0.03634482685754393
0.40966532487804197,0.5475159402370623,0.04281873488489552
0.4657511671283871,0.4975952003887759,0.03665363248283721
0.4286870144297913,0.5291209805428188,0.04219200502739006
0.46459798305951117,0.49430665119206746,0.04109536574842148
0.41360010098637545,0.5621616795582672,0.024238219455357247
0.5780263516874035,0.3889052830811311,0.03306836523146546
0.40872624143086106,0.5514892467820255,0.03978451178711366
0.4197093026847887,0.5516473607973009,0.028643336517910227
0.42233983649100354,0.5341057254507036,0.04355443805829281
0.40452311739550945,0.5682142661953301,0.027262616409160355
0.46921316073476665,0.4916834403147561,0.039103398950477375
0.4412250617240885,0.5400015799116967,0.018773358364214957
0.4495723252903326,0.5213017814949998,0.02912589321466783
0.44809276442334445,0.5155265218572157,0.0363807137194397
0.43394839478234754,0.5357090405396246,0.03034256467802768
0.41825475048281535,0.5143391167337911,0.06740613278339351
0.3996414146274965,0.5588927614866345,0.041465823885868856
0.671042016775305,0.22787963519819193,0.10107834802650309
0.6116833113468262,0.33846059964886843,0.04985608900430535
0.42660896138249466,0.5483188111385494,0.02507222747895558
0.4258282115142792,0.531943425201533,0.04222836328418762
0.4725156345255571,0.48586625533415906,0.04161811014028399
0.43524958360570537,0.530284762181689,0.034465654212605494
0.4295341977604095,0.5303591992911779,0.0401066029484124
0.4409537866382024,0.5292156163858708,0.029830596975927156
0.4405054448795982,0.5227017279116994,0.03679282720870228
