0,1,2
0.4687374888137363,0.4929495811816393,0.03831293000462392
0.46646357876295325,0.49266364934453066,0.04087277189251605
0.4651395455703698,0.4982482825050558,0.03661217192457445
0.4637376185693322,0.4996744499953164,0.03658793143535119
0.44387617629367765,0.5013680132920536,0.05475581041426841
0.46330370372407637,0.493582204208321,0.043114092067602514
0.46875134500476207,0.4929937178521627,0.03825493714307536
0.4684553153788691,0.49263912817245065,0.038905556448680684
0.46163606674529334,0.49417799554401665,0.04418593771069
0.4577986486662765,0.505242455906904,0.036958895426819044
0.4666560435850271,0.4965937057136346,0.036750250701338305
0.46867032086470645,0.49282035523766815,0.038509323897625486
0.4640814993747029,0.49933097929715015,0.03658752132814648
0.461022610124164,0.5022875208971456,0.03668986897869003
0.46213900933632907,0.4939937411824032,0.04386724948126765
0.4679906965537829,0.49490988880334297,0.03709941464287418
0.46873604983843925,0.49347707494137594,0.03778687522018524
0.4675110438400068,0.4925124368671591,0.039976519292833745
0.4588609774934199,0.49524197563107464,0.04589704687550577
0.4684445676714943,0.49263362603638317,0.038921806292122926
0.4598648863114024,0.4948495733128353,0.04528554037576233
0.4423403897897781,0.5184126525851862,0.03924695762503529
0.4567637343831638,0.49607978765829847,0.04715647795853725
0.4594621945619177,0.5037329906685686,0.03680481476951368
0.46574047830541737,0.49283310734027697,0.04142641435430598
0.4243759311454589,0.5326505042277734,0.04297356462676844
0.46619487514003544,0.4927222183693784,0.041082906490586164
0.46506916304183094,0.4983217235502408,0.03660911340792811
0.4435177111394913,0.5015137296316283,0.054968559228881206
0.4623616310181445,0.4939133243046298,0.04372504467722564
0.460627961525222,0.5026562277095128,0.036715810765265644
0.46842791625225283,0.4926254981618999,0.03894658558584756
0.46066288246766174,0.49454318655027624,0.04479393098206205
0.46405289807646477,0.4993596854219185,0.03658741650161719
0.46791180348648137,0.49502235709831294,0.03706583941520598
0.45411380509731814,0.5085000894959318,0.0373861054067498
0.45768245559795806,0.5053468552344832,0.0369706891675578
0.4245099396659437,0.5325474169925051,0.042942643341550894
0.46505098032309744,0.4983406593575589,0.03660836031934362
0.46541024290397814,0.4979635873019091,0.036626169794113116
0.46592965392653557,0.49740600038714994,0.036664345686314194
0.46500555415264333,0.49838790169340436,0.03660654415395218
0.4677373426616604,0.4925055423593511,0.03975711497898846
0.44794752263311477,0.49970096326292784,0.05235151410395727
0.46869191864505994,0.49285327650768307,0.038454804847256975
0.4643603941798812,0.4932334110574539,0.04240619476266521
0.4351684857487104,0.5048373238694323,0.05999419038185779
0.4603834657002051,0.4946498336276718,0.044966700672123154
0.4673974669684092,0.49570413180991635,0.036898401221674614
0.4687480826441175,0.49298216034373704,0.03826975701214519
0.4687472568579365,0.4934281986697815,0.03782454447228186
0.45635386873175565,0.5065321915048706,0.037113939763372995
0.4555658888867748,0.49656584829020534,0.047868262823020105
0.447495265484377,0.4998870345301872,0.0526176999854359
0.4640008546096729,0.49334887068676053,0.04265027470356692
0.46670792381950815,0.4926159427340622,0.04067613344642941
0.4510696377489852,0.498413464150645,0.05051689810036937
0.4577318110519323,0.5053025246588777,0.036965664289189744
0.46310108714029974,0.5003014604254896,0.03659745243421071
0.45994502206626253,0.49481856343649355,0.04523641449724398
0.4677998442020601,0.495177612479344,0.037022543318596036
0.46449205157334034,0.4931920911917914,0.04231585723486857
0.4687685609005029,0.4932984205459846,0.037933018553512214
0.4635989135933882,0.4998120045637536,0.03658908184285829
0.4519458721599671,0.49805195640183736,0.050002171438195915
0.4686722941445147,0.49282314708661856,0.03850455876886625
0.44193285385906705,0.5021554173863993,0.05591172875453305
0.46397026059128155,0.49335886108527915,0.042670878323439194
0.4533618452122495,0.49746867228564234,0.04916948250210819
0.44597968612689454,0.5005091719348654,0.053511141938239366
0.4684879914692714,0.4926572123103383,0.03885479622039025
0.46590762258756796,0.4927907732824498,0.041301604129982634
0.4685813229634208,0.4939080026659651,0.03751067437061394
0.450530600002137,0.5115835972429263,0.03788580275493596
0.46385667500452266,0.49339616564250804,0.042747159352969445
0.4451996620835649,0.5160580240692858,0.03874231384715003
0.44801442578361755,0.4996734235819912,0.05231215063439164
0.46612865499433603,0.49718774638735264,0.036683598618311664
0.46506047585484256,0.49302050608995684,0.04191901805520029
0.4411182514936851,0.5024834924453725,0.056398256060942537
0.45886324913196447,0.4952410802313371,0.04589567063669893
0.40135084102567753,0.5162168563046213,0.08243230266970085
0.46850100882552353,0.49266504104701814,0.03883395012745819
0.4648419859323341,0.4985572599205269,0.03660075414713889
0.4685921568118955,0.49388386372062665,0.03752397946747769
0.4672138888421513,0.49253895295558053,0.040247158202267846
0.46368444075759274,0.49972725105500126,0.03658830818740556
0.4681365644412619,0.4946936987391735,0.03716973681956455
0.46699916698365174,0.4961918082778619,0.036809024738485886
0.44178849305720164,0.5022136477432662,0.05599785919953219
0.44088960110644937,0.5195967850050658,0.03951361388848514
0.46605618534383136,0.49275461370749174,0.04118920094867698
0.44966707350816504,0.5123167425902349,0.038016183901600775
0.46041365290856967,0.4946382773550375,0.0449480697363928
0.4540701043115222,0.5085381419986235,0.037391753689854534
0.4149908831677608,0.5120906133711993,0.07291850346103994
0.4685905903672085,0.49273150918003195,0.038677900452759505
0.4687291549795219,0.4929277679108005,0.03834307710967747
0.4677744435506763,0.4952122066527535,0.03701334979657036
0.459784567284277,0.5034369546526496,0.03677847806307338
0.4154818405690948,0.5393964698731398,0.0451216895577664
0.468620038855694,0.4927598699225967,0.038620091221708945
0.4462988126323168,0.500378375505909,0.053322811861774115
0.45707729323805657,0.4959533138153419,0.04696939294660134
0.46170259669649294,0.49415342973693527,0.04414397356657177
0.46821768644089407,0.49255375174981225,0.0392285618092936
0.4547165988674378,0.4969127062734762,0.04837069485908618
0.4685443376445222,0.49269411491077014,0.03876154744470756
0.4687467720987766,0.49343046863197737,0.037822759269245755
0.45743123716839423,0.5055721535369536,0.036996609294652476
0.4488824025966086,0.49931585579060744,0.051801741612784155
0.4127887708462341,0.5128023772130477,0.07440885194071796
0.4683705737473783,0.4926007793447541,0.039028646907867705
0.46043941746550604,0.4946284206424111,0.044932161892082524
0.4683694363341542,0.4926003353218763,0.039030228343969776
0.4665212014056646,0.492651886062438,0.040826912531897186
0.4396786822681573,0.5205799871039145,0.039741330627928693
0.4611467626084234,0.5021710464778243,0.03668219091375223
0.4674312775914944,0.492517840715176,0.040050881693329175
0.4483382744817504,0.5134382459346785,0.03822347958357059
0.4657968474969607,0.4975501357012678,0.036653016801771104
0.465049647438644,0.4983420468559542,0.036608305705401495
0.46358736312325266,0.499823434929084,0.036589201947662985
0.46446551365531447,0.4989429187981243,0.036591567546561614
0.4684231327061563,0.4942214054220455,0.03735546187179818
0.4663253051288779,0.49696911063731,0.03670558423381231
0.4679160975232806,0.4925111469759279,0.039572755500791985
0.4464575698966455,0.515012729909565,0.03852970019378853
0.44513580816840564,0.5008544433249296,0.054009748506664415
0.4645817955682659,0.49316424344756177,0.04225396098417236
0.4683849772451025,0.4926065492640942,0.03900847349080359
0.46586243348445555,0.49280205244173597,0.041335514073808165
0.4470361323148531,0.5000757522849801,0.05288811540016743
0.4660631468495143,0.49275295533187824,0.041183897818607484
0.46657484952440653,0.492641209616367,0.04078394085922674
0.4469900208014852,0.5000946945365118,0.05291528466200279
0.467895075271679,0.4950458609341657,0.03705906379415477
0.4621163781435843,0.49400195722959384,0.04388166462682203
0.4644087446678766,0.49321817359079567,0.0423730817413277
0.45513268077987096,0.4967425794076406,0.048124739812489055
0.4683320016832304,0.4925866111040282,0.03908138721274155
0.4686630809691842,0.49281043346060427,0.03852648557021189
0.46633740823313896,0.49269041951295967,0.040972172253901096
0.4575249950874306,0.50548813594796,0.036986868964609544
0.4683340150056968,0.49258730716459115,0.03907867782971198
0.4634647641425163,0.49352730337748574,0.04300793247999815
0.4678683098561784,0.49250851097559245,0.039623179168228745
0.42668117637701297,0.5308710520138447,0.04244777160914156
0.464330213527454,0.49908022224817944,0.03658956422436699
0.46776409110883477,0.49250568193893074,0.039730226952234694
0.4391530477937823,0.5032695896471504,0.057577362559068306
0.4687636316458696,0.4930485688840253,0.038187799470104825
0.46759062209427626,0.49250849277736153,0.03990088512836251
0.4657912070424185,0.4975562319416519,0.03665256101592923
0.4444479018406351,0.5166799032461107,0.03887219491325361
0.4570866320480483,0.4959495525621157,0.046963815389835684
0.46748628819902555,0.4955913835994449,0.03692232820152925
0.45833850764788286,0.5047557144659292,0.0369057778861889
0.4585781364078543,0.4953536984936338,0.04606816509851191
0.4415999261977022,0.5190178746948546,0.03938219910744319
0.46838974371311554,0.49428113210410995,0.03732912418277428
0.4609508139192271,0.5023547693605824,0.03669441672019076
0.4533542641122909,0.4974717904320552,0.04917394545565343
0.4415707741148839,0.5190416655271776,0.039387560357937675
0.46483218118929037,0.49308800122234686,0.04207981758836304
0.4654575071157579,0.4929083548332872,0.04163413805095522
0.43799522556754106,0.503728908722516,0.05827586570994345
0.4476095967721918,0.499840011447112,0.05255039178069605
0.4576166265965071,0.5054059474222392,0.03697742598125405
0.4677568160613566,0.4925056215997246,0.039737562338919154
0.4037514815629897,0.548011313558606,0.048237204878405104
0.46776591288314656,0.4952237766041059,0.037010310512747446
0.4668140102943191,0.49259713593226656,0.04058885377341405
0.46583744341610384,0.4928083437996795,0.041354212784216894
0.46819024802664544,0.4925475535131086,0.03926219846024637
0.4675385553206741,0.4955242151979199,0.03693722948140638
0.46843723533487824,0.49419565658342296,0.037367108081698824
0.4663270826680722,0.49269266928122063,0.04098024805070753
0.46485796399253865,0.49308027818997513,0.04206175781748613
0.4612796458100453,0.49431052263439124,0.04440983155556349
0.4552414459160632,0.4966981673657729,0.04806038671816409
0.46486982360733436,0.49307673408194463,0.04205344231072126
0.46872329281190694,0.4929138905242509,0.038362816663841864
0.4675998990359961,0.49250813380801,0.03989196715599414
0.46249815278646406,0.5008862997968015,0.03661554741673484
0.4662546567179389,0.4927086890937667,0.0410366541882945
0.4675492308669306,0.49551041665609424,0.0369403524769752
0.4657370472151418,0.4976146664389161,0.03664828634594218
0.46510456403807166,0.493007710862065,0.04188772509986336
0.46333055363598674,0.5000766455533402,0.03659280081067308
0.46015352118004443,0.49473812326187067,0.045108355558084894
0.4636330297605921,0.49977822154692536,0.03658874869248261
0.4670985007106918,0.4925534385502073,0.04034806073910118
0.4385645429642236,0.5214806159142364,0.03995484112154
0.45771618874739806,0.4956968019344901,0.046587009318111945
0.46237402210625206,0.5010057300638416,0.03662024782990612
0.46783281888395956,0.4951323704133022,0.037034810702737786
0.46086142614130626,0.5024383868582305,0.03670018700046376
0.4657609867159444,0.49758886006939207,0.036650153214663334
0.4666058098541148,0.49665141114374056,0.036742779002144295
0.4390709704084144,0.5210717056441202,0.03985732394746496
0.4682289925721564,0.49255647757840526,0.03921452984943819
0.4645973382414724,0.4931594475459888,0.04224321421253892
0.45716292774420125,0.5058121595699528,0.03702491268584654
0.43345208305848504,0.5255670682046123,0.040980848736902345
0.46874326803181315,0.4929665386930752,0.03829019327511135
0.46759636128293725,0.49250826812590315,0.03989537059115992
0.45039947850318446,0.5116951498587814,0.03790537163803316
0.4663641739361539,0.4926846283221805,0.04095119774166512
0.46877499944482126,0.49316899629737493,0.03805600425780387
0.43716995124091546,0.5040544660790842,0.058775582679999515
0.45864797257266327,0.4953260701522332,0.04602595727510346
0.43557823931413847,0.523876564902005,0.04054519578385641
0.45995703499080137,0.5032780553679129,0.0367649096412854
0.4572043980932322,0.5057751048783437,0.03702049702842471
0.4488197414399747,0.5130327920806875,0.03814746647933876
0.4654312931390559,0.4929155350142614,0.04165317184668221
0.4358546232502501,0.5045700406552893,0.05957533609446119
0.421830029666954,0.5097744537422915,0.06839551659075381
0.45849964759510853,0.49538478251581725,0.04611556988907408
0.45656630507210577,0.4961595979546512,0.04727409697324276
0.46780679694136534,0.49250638537692354,0.03968681768171137
0.4633484282033509,0.49356690338510867,0.04308466841154063
0.4668560394792651,0.49259003740738766,0.04055392311334713
0.46707272162632374,0.4961036691540125,0.03682360921966401
0.4635225608910246,0.4998874954604646,0.03658994364851058
0.4621100884136504,0.4940042419709418,0.043885669615408
0.4663791179360259,0.49690872198776,0.03671216007621425
0.4671784866487286,0.49597551304746323,0.03684600030380837
0.46873939561000455,0.493463186446355,0.03779741794364055
0.39887688721315934,0.5168906563712672,0.08423245641557262
0.38362113757585947,0.5205071052562843,0.09587175716785616
0.4642943014580459,0.49325435512098575,0.042451343420968436
0.466380303168602,0.4926811671365588,0.04093852969483945
0.45926986087102817,0.5039090275150899,0.03682111161388222
0.4627105572966773,0.5006811905303865,0.036608252172936034
0.4681850231594427,0.49254643760736333,0.0392685392331943
0.4610933843163707,0.49438036323570744,0.04452625244792209
0.4663777034197405,0.4926817235501886,0.040940573030071356
0.46871337439063687,0.4928925655590744,0.03839406005028892
0.4216892640489425,0.5347080915347873,0.043602644416270944
0.44107162686968915,0.5025022321735226,0.056426140956788266
0.46823185362628195,0.49255718386375724,0.039210962509961055
0.4479745939752702,0.4996898201596144,0.052335585865115004
0.46798382022236507,0.49491980378209727,0.037096375995537334
0.4359678187300463,0.5235654519042785,0.04046672936567596
0.44398692146034185,0.5170602321441333,0.038952846395525355
0.46798596686745786,0.49251672045377376,0.039497312678768104
0.3999420551859934,0.516603449823223,0.0834544949907834
0.4659048690361187,0.49279145693247556,0.04130367403140574
0.46741898041657826,0.49567697699653307,0.036904042586889084
0.4684543042221175,0.49263860161785167,0.038907094160030534
0.4679019910366874,0.4950361578170291,0.03706185114628383
0.46687322000627424,0.49258719585989513,0.04053958413383085
0.46667033527970986,0.49657723965588146,0.03675242506440843
0.4687748876737963,0.4932065911539894,0.03801852117221474
0.46672303694932343,0.49261318837510654,0.040663774675570155
0.46849172659857263,0.492659419926355,0.03884885347507215
0.46079911362981646,0.49449145886990964,0.044709427500274186
0.46388706125401796,0.49338615348087966,0.042726785265102436
0.4670634930345289,0.49255823077369615,0.040378276191775454
0.46136484787205934,0.4942787054296695,0.04435644669827102
0.46857124804177197,0.4927149399832529,0.03871381197497473
0.45891471863720007,0.4952208011302036,0.04586448023259616
0.4586157632034631,0.5045046202720623,0.036879616524473684
0.4647845489880997,0.4986164611895696,0.03659898982233107
0.4633484336717563,0.4935669015168739,0.04308466481137017
0.4670550555574633,0.4925594121071011,0.04038553233543554
0.4487527682645001,0.5130892520825546,0.03815797965294592
0.4623910338401658,0.5009893810971662,0.036619585062668186
0.4687714320475589,0.49310562647831113,0.03812294147413
0.454315388415657,0.5083244031661132,0.037360208418229034
0.46292905387593963,0.500469168511265,0.0366017776127956
0.4687489419403023,0.4929851202407983,0.038265937818899
0.46803135365031434,0.4948507931397812,0.03711785320990484
0.46653124377822186,0.496736592940461,0.03673216328131703
0.4629976649867239,0.5004023659815765,0.036599969031699174
0.45889873603996684,0.4952270965895527,0.04587416737048059
0.4627198874962418,0.5006721585404842,0.036607953963273564
0.46480931129894043,0.49309487233368965,0.042095816367370205
0.468751301358998,0.4929935572166303,0.038255141424371586
0.46696328303468404,0.4925728953241337,0.04046382164118241
0.46872899434623166,0.49350483386410954,0.03776617178965839
0.4509212012064663,0.5112507921066222,0.03782800668691127
0.4619349057928244,0.5014257804162836,0.036639313790891664
0.4678126998686039,0.49250653092778207,0.0396807692036141
0.4587141383606573,0.49529991949813723,0.04598594214120523
0.46349318563877107,0.49351767374933125,0.04298914061189733
0.4578450233463812,0.4956452878291262,0.0465096888244923
0.4681129434574557,0.49253296821626175,0.03935408832628212
0.4686451486017297,0.49278778909499926,0.03856706230327127
0.4338478734358274,0.525253313468505,0.040898813095667313
0.42346375979762274,0.5091983930005125,0.06733784720186442
0.45904180666093564,0.504117213536849,0.036840979802214825
0.46671092281924426,0.492615394235291,0.04067368294546451
0.4607003141085099,0.49452895551664966,0.04477073037484069
0.46785693385642374,0.49509903573890734,0.037044030404668665
0.4578041426579076,0.5052375164646419,0.036958340877451264
0.4679273224023707,0.4925118998286084,0.0395607777690208
0.46483896532982977,0.49856037671551795,0.03660065795465183
0.4123606136895951,0.5417198373005887,0.04591954900981632
0.46413873989708265,0.49927345005179796,0.03658781005111966
0.45459488651818414,0.4969625355629235,0.04844257791889231
0.43980604012723407,0.5030092651640533,0.05718469470871291
0.46309393706779334,0.5003084447384897,0.03659761819371754
0.4620679937575338,0.4940195474284849,0.043912458813981446
0.46876708482913704,0.4933110236969843,0.03792189147387824
0.4437329431200656,0.5014262619341969,0.054840794945737854
0.46656701380766136,0.492642752020078,0.04079023417226043
0.45873709555815084,0.4952908520484838,0.045972052393365284
0.46847957590235595,0.49265234832163246,0.03886807577601151
0.46433069109077807,0.49324280734751447,0.0424265015617073
0.4685738112329741,0.4939244667164085,0.03750172205061789
0.46838340884141205,0.49429228190411156,0.037324309254476426
0.46546354016416613,0.497907091755094,0.036629368080739626
0.4599784059974746,0.503258339650799,0.036763254351726296
0.46780255465161164,0.4925062881666477,0.03969115718174029
0.46460389208357317,0.4931574276973421,0.042238680219084355
0.439054613689904,0.5210849248239436,0.0398604614861525
0.4574117490434364,0.4958188221749235,0.04676942878163961
0.44838447281928834,0.49952104049999546,0.05209448668071589
0.44910911030477574,0.5127886195346982,0.03810227016052637
0.4609957283991149,0.5023127090167281,0.036691562584156893
0.46446225392096036,0.49320139522056755,0.04233635085847209
0.4674860757230634,0.4925139787849804,0.03999994549195613
0.4555334411162452,0.5072570755245339,0.037209483359220134
0.46574944069332047,0.49760131092249305,0.03664924838418667
0.4672910593323398,0.4958370941689363,0.03687184649872353
0.4595575312089535,0.5036455722274119,0.03679689656363421
0.4687413318093253,0.49296066160911967,0.03829800658155487
0.44640612193576695,0.5150556010409116,0.03853827702332081
0.44441197483066575,0.5011498421941862,0.05443818297514882
0.4546372538839339,0.50804334155246,0.03731940456360616
0.42142193355493035,0.5349118792929061,0.04366618715216299
0.4340476678192803,0.5250947691101422,0.040857563070577085
0.4493808905234061,0.5125589478770961,0.03806016159949857
0.4667263907611139,0.4926125804530078,0.04066102878587798
0.4587285760516957,0.4952942166572712,0.04597720729103294
0.45313254619726856,0.5093516880740215,0.03751576572870931
0.4676004642896982,0.492508112642384,0.039891423067917924
0.46876713714770446,0.4930701467122277,0.03816271614006735
0.46852412088934825,0.49267993122470577,0.038795947885945946
0.4597987673758152,0.5034238856931464,0.03677734693103843
0.4563511891661311,0.49624670391651,0.04740210691735915
0.4686997433808212,0.49360496882879384,0.03769528779038507
0.46154997316262336,0.49420986739376815,0.04424015944360883
0.4442306491299449,0.5012237242204259,0.05454562664962839
0.4636348790173096,0.49977638942225955,0.036588731560430375
0.45150821111992956,0.49823249279502824,0.05025929608504265
0.4663141153275918,0.4926955068689283,0.04099037780347977
0.412597616330378,0.512863357784314,0.07453902588530817
0.46826805680566375,0.4925667249851549,0.03916521820918157
0.4614103615125531,0.49426174363176933,0.04432789485567749
0.4650287041553386,0.49836383772842147,0.036607458116239944
0.4636651585948722,0.4997463767276379,0.03658846467749037
0.46418532939015944,0.4932891694645727,0.04252550114526764
0.4687575021910538,0.4930183936230916,0.03822410418585444
0.46087867161065166,0.5024222639062225,0.03669906448312578
0.4591392118761376,0.4951325420840031,0.045728246039859644
0.4687587438017783,0.49302395308882835,0.03821730310939311
0.46645536115519587,0.4926653511936563,0.04087928765114812
0.46811785995448246,0.4925337793970854,0.039348360648432064
0.4677225191066453,0.49250556070289053,0.039771920190463904
0.46840063748960625,0.4926131446524322,0.03898621785796157
0.4672179131169679,0.4925384858599746,0.04024360102305764
0.46195193422297565,0.5014095593580132,0.03663850641901152
0.46060356650320894,0.494565765242381,0.044830668254409595
0.4679130051027083,0.49251094873728873,0.03957604616000272
0.4644289463634129,0.49898009195784887,0.03659096167873858
0.4675388890811824,0.49552378421665305,0.03693732670216443
0.4647469931765045,0.4931136922446365,0.042139314578859235
0.4490801309116434,0.4992343384121455,0.05168553067621055
0.4604207156880012,0.49463557476114023,0.04494370955085893
0.45872415897457725,0.49529596125981873,0.045979879765604185
0.46359373160376,0.4934837526809651,0.04292251571527477
0.46829965597196826,0.49443500642993654,0.03726533759809547
0.4687384853823391,0.49346701681999056,0.03779449779767046
0.4422879995013816,0.5184555336436043,0.03925646685501408
0.45568112550376677,0.4965189120665712,0.04779996242966225
0.4394273463381306,0.5207834876917535,0.03978916597011599
0.4631582070957117,0.5002456201942158,0.036596172710072664
0.4557158576686357,0.507096337801705,0.03718780452965874
0.46690400758175554,0.4925821933106663,0.04051379910757822
0.46682763697158186,0.49259481184570536,0.04057755118271275
0.4410554826751535,0.502508719995683,0.056435797329163394
0.46510241207148884,0.4930083335310366,0.04188925439747483
0.467932979754781,0.49499243711221225,0.037074583133006794
0.43776027702815945,0.5221284394065487,0.04011128356529247
0.4592293909731657,0.5039460142898661,0.036824594736968565
0.4619919522893869,0.501371417671803,0.036636630038810555
0.45243946522669093,0.49784845924416593,0.04971207552914326
0.46367149954604264,0.4997400883984078,0.0365884120555493
0.46173501657780813,0.49414147932134783,0.04412350410084423
0.44989366044149354,0.4988987719130142,0.05120756764549268
0.46809605397986137,0.4947549528817227,0.03714899313841567
0.438370120214297,0.5216373963739739,0.039992483411728785
0.46866191431668713,0.49371381884199866,0.03762426684131453
0.46873012993920393,0.4929301837496292,0.03833968631116654
0.46242564516391255,0.5009561000855237,0.036618254750563524
0.46869837289541105,0.49286428168353996,0.038437345421048576
0.45915363771995454,0.49512688153196516,0.04571948074808044
0.46419071533006634,0.4932874406899707,0.042521843979962476
0.4605568302715163,0.5027224435691445,0.036720726159339134
0.46855957540276066,0.4939551038663845,0.03748532073085512
0.46723105625337774,0.49591114536159725,0.03685779838502517
0.45338082938175756,0.5091367621079587,0.037482408510283075
0.46877291326969167,0.4931230343018596,0.03810405242844832
0.4225444246798054,0.5340550495370537,0.043400525783141346
0.46735056558371274,0.49252465291899533,0.04012478149729197
0.4652251824061017,0.49297312520653647,0.04180169238736212
0.456743772020138,0.4960878513556803,0.04716837662418138
0.4589619915654182,0.4952021897223804,0.0458358187122012
0.4010637595455935,0.54994028697413,0.04899595348027722
0.46051497999106145,0.5027613686835912,0.036723651325347266
0.46231010642066134,0.4939318698888875,0.04375802369045102
0.4586566965248281,0.4953226207546208,0.04602068272055118
0.46260136421771025,0.49382758702409174,0.04357104875819754
0.46863796588462187,0.49277939345878174,0.03858264065659661
0.46868987390849737,0.49284991476871925,0.03846021132278295
0.4413077273435558,0.5192562116728251,0.039436060983618904
0.46791773080909527,0.49501400136591994,0.03706826782498521
0.4366276561216027,0.5042675315501293,0.059104812328267094
0.46697606759802174,0.4925709491690455,0.04045298323293311
0.4342476256887167,0.524935986080582,0.040816388230702
0.4685089599965483,0.49267001506521757,0.03882102493823428
0.46620935073331826,0.4927189175865851,0.04107173168009707
0.4635243356731186,0.4998857425153549,0.036589921811526684
0.4663752351972867,0.49268225233735313,0.04094251246536058
0.4652914335019384,0.4929543999181543,0.04175416657990738
0.46223079415804685,0.4939604962227474,0.04380870961920602
0.45747391220804023,0.5055339216776291,0.03699216611433007
0.45059936865762834,0.4986075442642747,0.05079308707809632
0.4340619702570546,0.5052658778295341,0.060672151913410834
0.4687545209574207,0.49300590793886706,0.03823957110371227
0.46355482085094674,0.4998556190752453,0.036589560073808196
0.4276233142637709,0.5076940971465623,0.0646825885896674
0.4441772456178536,0.5169032981035478,0.03891945627859903
0.46876365631095723,0.49333673281443485,0.03789961087460813
0.4541663522129961,0.5084543180068873,0.037379329780116786
0.46573895534273724,0.4976126108122265,0.036648433845036285
0.4254343745878749,0.5318350945522445,0.04273053085988042
0.45686105363162943,0.496040496009637,0.04709845035873393
0.4678320795258644,0.49250709428170125,0.03966082619243459
0.46874511433303684,0.49297234874595136,0.0382825369210118
0.4491343885856642,0.5127672717694429,0.038098339644893724
0.46870736502446503,0.4935806561345108,0.03771197884102423
0.46846808564142794,0.49264594345730917,0.038885970901262695
0.45971268823097483,0.4949086058104352,0.04537870595858972
0.4686121382534918,0.4927518447987888,0.03863601694771899
0.46132846381071213,0.502000147076316,0.03667138911297187
0.4098737495828497,0.5435548311667053,0.04657141925044562
0.4659716819427166,0.4927750045496914,0.04125331350759227
0.4657946316833653,0.4975525308080149,0.03665283750861991
0.4685453952671558,0.4939849464817233,0.03746965825112129
0.4664127576063274,0.49267426906621226,0.04091297332746009
0.46849121392818527,0.4940937689864606,0.03741501708535374
0.46692237465208253,0.49257926465969615,0.040498360688220804
0.4324122646349126,0.5263893557876629,0.04119837957742391
0.46011689688605284,0.5031304340055975,0.03675266910834913
0.4584931383835653,0.4953873618935078,0.04611949972292702
0.4390371974598277,0.5033156804298012,0.057647122110371554
0.46587120799073845,0.49279985245849894,0.04132893955076267
0.46826006685890814,0.4944998520441551,0.037240081096936384
0.41203170673490086,0.5130431302801358,0.07492516298496261
0.4683817800955836,0.49260524460042365,0.039012975303992385
0.44178433729601646,0.502215323473218,0.05600033923076553
0.44394630970261695,0.5170937024633734,0.03895998783400927
0.4555531226572437,0.5072397446442846,0.037207132698471986
0.4634113586757178,0.49354544594315,0.04304319538113207
0.46652013503577255,0.4926521010075475,0.04082776395668029
0.4368352248681713,0.5041860605299782,0.05897871460185111
0.46363327514832153,0.4997779784380383,0.03658874641363984
0.46497985640484774,0.4984145860468433,0.03660555754830946
0.4624700791684651,0.5009133380400469,0.036616582791488335
0.46877276585878114,0.4932520780452626,0.0379751560959562
0.46632680949795546,0.4969674258358889,0.03670576466615559
0.45845678268826917,0.5046486951906954,0.03689452212103571
0.45522046410493655,0.4967067328334853,0.04807280306157789
0.4686596222987966,0.49371992832167655,0.03762044937952728
0.44121729729286424,0.5024436693321755,0.05633903337496088
0.44538812083089,0.5159017996739551,0.03871007949515493
0.46824544152667913,0.49256063158968616,0.0391939268836342
0.46795524256227095,0.49251400463307,0.03953075280465926
0.46869453774541386,0.49362102354057913,0.03768443871400741
0.4653934640581723,0.4929259556530486,0.04168058028877911
0.4673244620457479,0.4957955890606889,0.03687994889356296
0.46823234727029134,0.4925573064091795,0.03921034632052913
0.4645206527248337,0.4988867739054494,0.03659257336971693
0.4612020755480373,0.5021190771764084,0.036678847275554774
0.45995708338661373,0.49481390050272633,0.04522901611065941
0.46835649894527964,0.49433905152677476,0.03730444952794571
0.46362605848003496,0.49347289566934605,0.04290104585061916
0.46084957405485605,0.5024494649334652,0.036700961011678614
0.4682159133999432,0.4945705113903001,0.0372135752097567
0.4669596986632305,0.4962387892909599,0.036801512045809934
0.45130343439345194,0.4983169857629692,0.05037957984357898
0.4687423072341041,0.49345064934090505,0.037807043424991166
0.4683942269525422,0.4926104030084208,0.03899537003903702
0.4666660015566642,0.4926237088127132,0.040710289630622475
0.4669286597380213,0.49627558892826235,0.03679575133371669
0.46850277632117693,0.49266613380361873,0.038831089875204484
0.4627548626167347,0.4937731892244866,0.04347194815877839
0.4613912806224776,0.4942688516510734,0.04433986772644875
0.44156450112985923,0.5023039225785207,0.05613157629161966
0.45622880106698155,0.5066430254326613,0.037128173500357575
0.4513768239922892,0.49828670320110857,0.05033647280660299
0.45566106226596387,0.5071446467305217,0.03719429100351461
0.4659222542305018,0.49278714854764927,0.041290597221848684
0.4589631318794909,0.49520174094914765,0.04583512717136152
0.46831476604789696,0.49258083593195373,0.03910439802014916
0.4596087412602589,0.4949490234599654,0.045442235279775395
0.46579390777225016,0.49755331322702173,0.03665277900072834
0.455329180523156,0.5074367759102547,0.03723404356658989
0.46875763128862363,0.49301896096298325,0.038223407748393445
0.46317818083633894,0.49362536817262875,0.043196450991032566
0.46813750663708625,0.49253717218693294,0.039325321175980636
0.4317415636141721,0.5061542076275606,0.06210422875826681
0.45384473645125206,0.4972701983866829,0.04888506516206496
0.4677538764367406,0.49250560200042126,0.039740521562838034
0.4686818047231205,0.4928371794616417,0.038481015815238016
0.46825300537231845,0.4945112650895461,0.03723572953813564
0.4622182722781624,0.5011551433066888,0.036626584415148496
0.45915495708473414,0.5040139935787932,0.03683104933647223
0.43417495754094676,0.5052222608934223,0.06060278156563155
0.45460168970432374,0.49695974960735995,0.0484385606883161
0.4632195056130243,0.4936111222205916,0.0431693721663842
0.4466494637067725,0.5148527350454577,0.03849780124777015
0.46852009386544174,0.49267723997931057,0.03880266615524738
0.4418241690069307,0.5021992608028082,0.055976570190260436
0.4643174680068434,0.4932469989275297,0.04243553306562701
0.46373686135874365,0.4934358687724911,0.04282726986876557
0.4661645282607985,0.49714809180899816,0.03668737993020338
0.46423220249772595,0.49327415210289083,0.04249364539938341
0.46811042228014055,0.4925325579981736,0.0393570197216861
0.4529246980990933,0.49764857107830984,0.04942673082259677
0.45467186490533784,0.49693101726723293,0.04839711782742866
0.4684242812628904,0.49262378504463294,0.038951933692476334
0.45330385732728934,0.497492524623582,0.049203618049129164
0.4396651900404352,0.503065492806385,0.057269317153179164
0.4681077756825225,0.49473733328620156,0.037154891031276165
0.4606245018249055,0.502659449987103,0.03671604818799173
0.4637001521422751,0.49344810349863577,0.042851744359088804
0.45466168586633243,0.49693518438329204,0.04840312975037567
0.4651185554800454,0.4982702088083691,0.03661123571158531
0.4601645954153341,0.5030863237746919,0.03674908080997355
0.4631196407790879,0.4936456071710045,0.04323475204990759
0.4339208434811172,0.5053203113074523,0.060758845211430636
0.4653210613371489,0.49805778645990334,0.03662115220294817
0.4687640565741471,0.4930509686353883,0.03818497479046464
0.4201773910350865,0.5103484198349368,0.06947418912997733
0.4517987239084011,0.4981126469499204,0.0500886291416779
0.46845957006863487,0.4941541762158611,0.03738625371550421
0.46172746301433715,0.49414426246179777,0.04412827452386499
0.4157983203150644,0.5391596245916138,0.04504205509332266
0.46873803933261166,0.4929511242493817,0.038310836418007
0.46204575249738267,0.49402764444920155,0.043926603053416086
0.45789132910441377,0.5051590926258122,0.036949578269774866
0.4685642618061766,0.4927093002490626,0.03872643794476045
0.4634921584850956,0.4935180214524866,0.04298982006241747
0.46778118624358345,0.492505890995555,0.0397129227608613
0.4600687606219565,0.5031749190602955,0.03675632031774765
0.46722742938808715,0.4959156011668589,0.036856969445053914
0.4537707757556709,0.5087984607381831,0.037430763506145624
0.4687454876113318,0.492973549495585,0.03828096289308305
0.46476544786742546,0.49310810435023994,0.04212644778233471
0.4261008439476772,0.5313202487763602,0.04257890727596219
0.4660761310430254,0.49274987113160634,0.041173997825368326
0.41559709749711377,0.511891707301451,0.07251119520143562
0.4556810464109363,0.4965189442698134,0.04780000931924988
0.4662380734926402,0.49271241483628575,0.04104951167107443
0.4359323700153498,0.5045396815834007,0.05952794840125031
0.4616333827480661,0.5017121456973037,0.03665447155463054
0.4551378940980849,0.5076047938750754,0.037257312026839004
0.46869677019804423,0.4936141894240191,0.037689040377937036
0.46792914392114204,0.4949978708390187,0.037072985239839526
0.33114233234304935,0.5251051560941241,0.14375251156282584
0.45258340867513686,0.5098257782428174,0.03759081308204515
0.4664710863115493,0.49266209978360576,0.040866813904845097
0.45128864873785707,0.49832308688327515,0.05038826437886872
0.46769905947714374,0.4953136480892304,0.03698729243362597
0.46851339561643807,0.49267285619864226,0.03881374818491992
0.468571448838388,0.4939296007760686,0.037498950385543045
0.46362245579218125,0.49347410443559125,0.04290343977222747
0.4650227026092138,0.4983700785196227,0.03660721887116357
0.4667097079268201,0.49653176255704984,0.03675852951612964
0.4632341443405756,0.49360608407668816,0.04315977158273626
0.45790094453601615,0.5051504392166456,0.0369486162473389
0.4608503995866588,0.49447203288529357,0.0446775675280473
0.4405497225094549,0.5027117109823843,0.056738566508161004
0.44491399903217094,0.5009450420744995,0.054140958893328844
0.4665287357983952,0.49673944838887657,0.03673181581272847
0.4602192356906859,0.5030357573709352,0.036745006938378746
0.4601647144189537,0.5030862136863816,0.03674907189466481
0.45903331882076376,0.4951741342683716,0.045792546910864776
0.4458817528932665,0.5005492866662967,0.053568960440437755
0.4442857675489047,0.5168137574561246,0.03890047499497039
0.4536021385629171,0.5089448765350016,0.03745298490208036
0.46681158577413495,0.49641328094874254,0.03677513327712297
0.4651019846906193,0.49300845721620096,0.0418895580931796
0.46018081411667144,0.4947276200924787,0.04509156579084967
0.44750766251364466,0.5141354013277387,0.038356936158617475
0.4624102661472215,0.5009708910069728,0.03661884284580604
0.46857449596985534,0.49392297476651087,0.03750252926363391
0.45757619886980316,0.5054422182839735,0.036981582846222855
0.4686301185792171,0.4927706091093899,0.03859927231139271
0.4659428488823962,0.49278206956289794,0.041275081554705745
0.4655307531305009,0.49783562566991385,0.03663362119958493
0.4624162141335887,0.5009651710439847,0.03661861482242676
0.46875866577885805,0.4930235967519858,0.03821773746915634
0.4438155966281675,0.5013926531294792,0.05479175024235327
0.4675919924145634,0.49545486379448733,0.03695314379094883
0.4616107150650669,0.4941873711779603,0.044201913756972876
0.46814700059013437,0.49253890075737605,0.03931409865248931
0.45748806025450195,0.4957881992176666,0.04672374052783146
0.4479619986162468,0.5137544232983572,0.03828357808539602
0.46715834772433057,0.4925456669717695,0.04029598530389987
0.46462058944515056,0.49878472500908744,0.03659468554576193
0.46826844618041186,0.49256683392183837,0.03916471989775022
0.464313230369885,0.4932483433263585,0.0424384263037566
0.45631515693240304,0.5065665106597309,0.037118332407865946
0.4589241183695013,0.49521709935336045,0.045858782277138084
0.4685804087620292,0.4927226052325087,0.038696986005461856
0.467577461621025,0.4954737926451472,0.03694874573382812
0.4526019550919335,0.4977815022875669,0.049616542620500095
0.4685551613620081,0.4939644624639364,0.037480376174055544
0.4669408869116781,0.49257635581596493,0.040482757272356944
0.4683959294926714,0.49261112541241864,0.03899294509490955
0.45866033741471796,0.49532118129737734,0.04601848128790485
0.45771132481041216,0.5053209279184371,0.036967747271150125
0.4658320750256477,0.49751201557376673,0.03665590940058578
0.46845551633297977,0.49416177190825106,0.03738271175876946
0.4625248824746333,0.5008605407046618,0.03661457682070513
0.4529017196585656,0.4976580324999935,0.04944024784144145
0.46027496357932596,0.4946914371003958,0.04503359932027786
0.45902191230002937,0.5041353472687845,0.0368427404311862
0.4616556270370188,0.501691074225114,0.036653298737867324
0.4678866823292766,0.49250941790755287,0.039603899763170455
0.460765460941105,0.5025280256368075,0.03670651342208711
0.445573342964074,0.5006755390358214,0.05375111800010396
0.448874555633156,0.49931909044018014,0.05180635392666438
0.44022781198859845,0.5201346914688075,0.03963749654259318
0.4525566797665591,0.5098488105759191,0.037594509657520904
0.42641050626392546,0.5310806633303128,0.04250883040576081
0.44450795017900246,0.501110717046667,0.05438133277432965
0.4675245220131116,0.495542312160264,0.03693316582662403
0.46865213006967366,0.49279630286610066,0.03855156706422543
0.45578073889148213,0.4964783665411771,0.04774089456733998
0.4687618870532319,0.493039204266947,0.03819890867982079
0.46800574724453875,0.4925187016862967,0.03947555106916474
0.45500987557123884,0.5077170974671079,0.03727302696165384
0.46875620418970176,0.4933826768825108,0.037861118927786985
0.4678140579888995,0.4925065661198848,0.03967937589121527
0.4676699512546676,0.49250615134254777,0.0398238974027843
0.46864538134518213,0.49375693142797944,0.03759768722683882
0.4359252149181364,0.5045424761689511,0.0595323089129118
0.45558357717102826,0.5072129219257506,0.0372035009032206
0.46838717730065277,0.49260745513728144,0.0390053675620655
0.46455626037320774,0.493172140147707,0.042271599479085126
0.46664038008179126,0.49262854433277514,0.040731075585433256
0.4661844696832016,0.4971260053699758,0.036689524946822406
0.44228843131840834,0.5184551802419498,0.039256388439642326
0.4510458987007287,0.5111443864495346,0.03780971484973713
0.4639512663786806,0.4994614811672921,0.036587252454026935
0.4522981641632934,0.4979066996951538,0.049795136141552766
0.466552269319671,0.49264567022291,0.04080206045741944
0.4588978007384665,0.4952274650479253,0.04587473421360783
0.46787085330104966,0.4925086287986671,0.039620517900282905
0.4601535485706906,0.4947381127179556,0.04510833871135363
0.44351938339586183,0.5015130503308729,0.05496756627326495
0.44482857335245346,0.5009799165042109,0.05419151014333646
0.46785171814607374,0.492507802152858,0.039640479701068716
0.46783682529737736,0.49250725254150274,0.0396559221611202
0.46459315250815264,0.4988127795103083,0.03659406798153889
0.4687739865778927,0.493140068012383,0.038085945409724084
0.4672059343836403,0.4959419630286579,0.0368521025877021
0.46071071048359685,0.4945250053541972,0.044764284162205965
0.4618378611795626,0.49410365974215825,0.04405847907827929
0.46715177533848246,0.4925464937560259,0.040301730905491925
0.43311330284045735,0.5258352934182644,0.04105140374127774
