0,1,2
0.4139719579276347,0.5478686489155433,0.03815939315682201
0.512810943617871,0.4478642819810162,0.039324774401112844
0.463675523713549,0.5012655712811728,0.03505890500527805
0.4655425757991746,0.4954762968780092,0.03898112732281594
0.4137263650600174,0.5472194785872203,0.03905415635276221
0.41511841085861506,0.5461319424276492,0.0387496467137357
0.470336531601981,0.4938710738545931,0.03579239454342599
0.5635363386562833,0.3989636973855556,0.0374999639581612
0.5247207079113967,0.4376579138768742,0.03762137821172927
0.4829373003726081,0.4779741176698383,0.03908858195755349
0.42930790659560675,0.5229958561735722,0.047696237230821066
0.42916353214840525,0.5306479576010225,0.04018851025057223
0.41448572892523355,0.548213803659202,0.037300467415564545
0.5235685693636167,0.43607091934250175,0.040360511293881386
0.41215321059734605,0.548157623782889,0.039689165619765196
0.47719822785418736,0.48219425238783575,0.040607519757976746
0.42621090442614634,0.535662555194073,0.03812654037978063
0.4274922914588974,0.5346163336789068,0.037891374862195966
0.5281911769626495,0.4425242432052793,0.029284579832071424
0.4927889485962614,0.46918533255161626,0.03802571885212235
0.49874610105148703,0.46651721412592695,0.0347366848225861
0.42602957751380094,0.5335280554115712,0.040442367074627596
0.40346704515611265,0.5570214519448649,0.0395115028990222
0.4172023452221404,0.5418355740430968,0.04096208073476259
0.5133586348277783,0.4515183135995194,0.03512305157270203
0.41158907671601136,0.5491370198403368,0.03927390344365148
0.4054603359274805,0.5552630944489458,0.03927656962357376
0.5088404275680303,0.44548979197416977,0.04566978045779982
0.47632006412846317,0.4826226806884168,0.041057255183119964
0.4900448588050062,0.4716058623060263,0.03834927888896762
0.5687952796140263,0.39523709606564655,0.03596762432032692
0.4321490127661047,0.5281542180463558,0.039696769187539685
0.5014534572053281,0.458357698801014,0.04018884399365806
0.42744984757824783,0.5314053248622677,0.04114482755948462
0.5618908679904111,0.40101092875716515,0.03709820325242393
0.40157150178180956,0.5593467458565492,0.03908175236164153
0.4137347569811744,0.5477278908100699,0.038537352208755746
0.45314590231328256,0.5127735773650752,0.03408052032164209
0.411098275140032,0.5487867242507896,0.04011500060917845
0.418314397257613,0.5416168016836249,0.040068801058761816
0.42241121071741305,0.5380124990336524,0.039576290248934776
0.48501971851337916,0.4768102121920025,0.03817006929461844
0.5862649262862558,0.3779604286823611,0.035774645031383105
0.42607026756781713,0.5340550601791652,0.039874672253017454
0.5014636173503256,0.43229855271013307,0.06623782993954144
0.454459606078832,0.5047040489809468,0.040836344940221286
0.5422094465957051,0.42144040595823123,0.03635014744606369
0.4826668882611003,0.4822270407648611,0.035106070974038756
0.4190998995825975,0.5426362353616175,0.0382638650557847
0.4093533259633904,0.5509780590939937,0.039668614942615914
0.406885124708419,0.5544914209710171,0.0386234543205639
0.4054543129076342,0.5561811271451781,0.03836455994718798
0.4012311308780056,0.5579648560345156,0.04080401308747916
0.5022526194332358,0.4412404542607014,0.05650692630606283
0.5068491257470013,0.4574702573080648,0.03568061694493351
0.5042527201962607,0.4556490068861646,0.04009827291757458
0.39775406120205337,0.5607461231733101,0.041499815624636144
0.4514779524013009,0.5091612632176739,0.039360784381025304
0.40169615955670374,0.5627135777403949,0.03559026270290131
0.4213458898100605,0.5440676552863529,0.0345864549035866
0.4253941306315565,0.5347892794991016,0.039816589869342
0.505753058913958,0.45793031636638376,0.03631662471965814
0.4264904219188294,0.5371657232131322,0.03634385486803834
0.4182296932967071,0.5435662677640799,0.03820403893921292
0.4942453684637997,0.4675524742650057,0.03820215727119445
0.4331756985991551,0.5280971077328552,0.03872719366798958
0.421979698962314,0.5384258836365119,0.0395944174011741
0.4535018660028194,0.5056903106630458,0.040807823334134914
0.4139885520424604,0.5461178295149519,0.039893618442587944
0.4378666581481394,0.521885947191856,0.04024739466000443
0.42202864688510966,0.5283752230590953,0.049596130055794725
0.4289511461147457,0.5362983856811209,0.03475046820413342
0.4720847770336508,0.49445786904069927,0.03345735392564996
0.4558855409754674,0.5041407005585251,0.03997375846600745
0.4621432454011688,0.49882658802877466,0.03903016657005649
0.436211185769606,0.5242840577568618,0.03950475647353199
0.42852344413759835,0.5324114554851118,0.03906510037728967
0.42300110410947606,0.5391494857519933,0.03784941013853058
0.4130728856971694,0.5510663996849131,0.035860714617917594
0.5065957787736189,0.4643843010521793,0.02901992017420168
0.41329534185154393,0.5461117655836707,0.04059289256478518
0.5079072634236426,0.46246506650615016,0.029627670070207224
0.4483002907554764,0.514054628548268,0.0376450806962556
0.495379556907289,0.46443202279254525,0.040188420300165596
0.42651945862352103,0.5336047183175183,0.0398758230589606
0.42308578019450443,0.5372680143611035,0.03964620544439209
0.48824723805870784,0.4741932081261388,0.03755955381515328
0.4773442159532308,0.4896062725200139,0.03304951152675517
0.47045286333385217,0.4900743873739963,0.039472749292151374
0.4837185902674887,0.4784863686977262,0.03779504103478505
0.40639283318195113,0.557321755085165,0.03628541173288399
0.5329766917003801,0.42767753413859294,0.03934577416102729
0.44950939691541003,0.5232617015263636,0.027228901558226555
0.4499776729303449,0.5094591531104622,0.04056317395919301
0.6146221503275376,0.35319248420328647,0.03218536546917582
0.5748593894464962,0.3698309003308672,0.05530971022263656
0.4752882860458928,0.4839635274872443,0.04074818646686288
0.4318718239966185,0.5440179958032125,0.024110180200169074
0.5115725397288766,0.4339101005120752,0.05451735975904838
0.543953493845749,0.4185718561746125,0.037474649979638466
0.5238387136213862,0.4404887845910007,0.035672501787613005
0.4065692063489661,0.5529438982379133,0.04048689541312029
0.40879556345733803,0.5533902091387605,0.0378142274039014
0.4159152080451323,0.5444477912908866,0.039637000663981244
0.682776500395382,0.1785974254798408,0.13862607412477707
0.3991790958247051,0.5616837395969078,0.039137164578387104
0.5547274569121798,0.4116167717894473,0.03365577129837293
0.45471237716514845,0.5002242367392765,0.04506338609557517
0.5115938134274526,0.44686711915672467,0.04153906741582293
0.5323886797455337,0.4287389987910379,0.038872321463428505
0.4164199488459919,0.5417687196490344,0.041811331504973646
0.42097248403257165,0.540670325152591,0.03835719081483736
0.425389221934332,0.534128316244384,0.040482461821284246
0.4184396596743711,0.5422448282585088,0.03931551206712001
0.4061812470996616,0.5556413861005083,0.03817736679982999
0.5478158537208935,0.4132982069689995,0.03888593931010691
0.40735422991270603,0.5542103975022306,0.03843537258506344
0.4247919387765112,0.5350651062572916,0.04014295496619721
0.42844115586567033,0.5306569079180532,0.040901936216276205
0.45654622997074873,0.503933501634531,0.03952026839472038
0.48410302276645095,0.47576496306756094,0.04013201416598823
0.4301096462339975,0.5296387490181368,0.04025160474786568
0.5216159210961225,0.439666667657124,0.03871741124675352
0.48480661463905683,0.4756776123133302,0.039515773047613084
0.4306549073469892,0.5257569774506309,0.043588115202379714
0.4493715045478578,0.5104819145362097,0.04014658091593245
0.41387080617983896,0.5458760090186572,0.04025318480150398
0.5705862149010287,0.39536616777821926,0.034047617320752004
0.44126009040422104,0.5362286885830945,0.02251122101268427
0.47631586553708516,0.4824116358559647,0.04127249860694998
0.532454550641218,0.4284075050444886,0.039137944314293426
0.43433402684276184,0.5326175191752792,0.03304845398195881
0.44500856348549905,0.5150436456483111,0.03994779086618971
0.41307566584386496,0.5467341967338831,0.04019013742225202
0.4787982945716489,0.4881601555177557,0.0330415499105954
0.4039108572909212,0.5561236546680919,0.03996548804098701
0.4853891145389791,0.4876070306860345,0.027003854774986482
0.4274966302237317,0.5329967524829987,0.03950661729326945
0.423050523509002,0.537564830673733,0.039384645817265
0.47054112387760993,0.48894106544735366,0.04051781067503646
0.47227216455480336,0.48806966792531087,0.0396581675198858
0.44216054332339977,0.5233197749671447,0.03451968170945543
0.41442341550898065,0.5472841353957476,0.038292449095271984
0.4445681925693362,0.5147667527177342,0.04066505471292955
0.42255208486223206,0.5403749477493668,0.03707296738840094
0.4068205851316099,0.5625191635383314,0.030660251330058653
0.4593645634198806,0.5017346407807945,0.03890079579932515
0.47247737186018907,0.48902359399836526,0.03849903414144557
0.4669254676370086,0.49459311088590646,0.038481421477085206
0.543591434162062,0.41548167641095785,0.040926889426980174
0.4481009403394819,0.5155119974030151,0.03638706225750292
0.48723373653287466,0.47960670748460416,0.03315955598252116
0.4809722124257345,0.479614937732543,0.03941284984172262
0.5096457779859491,0.4611191994320241,0.029235022582026638
0.41463971458635046,0.5444203098655728,0.040939975548076414
0.5181934706517,0.44419297074213,0.03761355860617012
0.42820150872745444,0.5312395500223014,0.040558941250244146
0.42616882011533697,0.5333972679678773,0.040433911916785935
0.41495331531168933,0.5471201901736439,0.0379264945146668
0.45073640201986315,0.5072288696164117,0.04203472836372509
0.510405799403824,0.4518762941579857,0.03771790643819012
0.42166045395541124,0.5379048284607185,0.040434717583870204
0.43300281047375355,0.526493120188685,0.040504069337561496
0.5515909060550885,0.40601876405017895,0.04239032989473243
0.43106079390802776,0.5312583015513362,0.03768090454063588
0.39948654177842846,0.5633702228465446,0.0371432353750271
0.5174925879294775,0.45053596377544186,0.031971448295080515
0.41777589501818063,0.5473151769280241,0.03490892805379525
0.43861282180681677,0.5218939513457682,0.03949322684741473
0.5601400381596685,0.399975636686953,0.0398843251533785
0.4169657872654613,0.5459326734002139,0.03710153933432477
0.48486537744835545,0.48222317333459136,0.03291144921705344
0.4666365182021536,0.492529731402121,0.040833750395725635
0.4383643280842424,0.5238954088685436,0.03774026304721404
0.46563303523678223,0.49562796119242697,0.03873900357079073
0.3576378385056979,0.5048499595078101,0.13751220198649203
0.42613783483877743,0.5342511387943847,0.03961102636683772
0.5312582039745964,0.4323096975182875,0.03643209850711587
0.45914901977989847,0.4999521123272137,0.04089886789288799
0.4736102038201827,0.48852007285181964,0.03786972332799762
0.5282891505743622,0.4301766339988955,0.04153421542674213
0.4411962504371995,0.5191762289644075,0.03962752059839318
0.5079353250569728,0.46128568791259567,0.0307789870304314
0.45338350865742105,0.5090790898403051,0.037537401502273575
0.41797883796126606,0.5444780980464939,0.03754306399224015
0.40561841793994197,0.557911826110929,0.0364697559491291
0.4173151081843034,0.5416472737583904,0.04103761805730616
0.44848993829685146,0.5158377879788444,0.03567227372430417
0.4072514312955011,0.5533801244519725,0.03936844425252654
0.4755120925674769,0.49726084993379643,0.027227057498726635
0.42232803793422447,0.5417103446912297,0.035961617374545715
0.5528365949802562,0.4061296640447824,0.0410337409749613
0.485111597811428,0.4798147718014632,0.035073630387108805
0.4831283103477835,0.4762532394310206,0.04061845022119601
0.4182748123895507,0.5417771460609213,0.03994804154952782
0.5514575007583906,0.41922716081632966,0.029315338425279776
0.42432257181114313,0.5357825306363232,0.039894897552533594
0.42127702080801027,0.5399141691978708,0.03880880999411862
0.41801867817576,0.5433678943751072,0.03861342744913268
0.4144904687044867,0.4847271136688053,0.10078241762670793
0.444763865852653,0.514981318011933,0.04025481613541409
0.5023503969404186,0.4497817312103738,0.0478678718492078
0.4465606257223569,0.5184261266520765,0.03501324762556656
0.5774513192952467,0.3958823515982329,0.026666329106520375
0.5117234374522743,0.4509377697761397,0.03733879277158612
0.403084142727595,0.3387382616920144,0.2581775955803907
0.38749187999906387,0.5282675707465486,0.08424054925438756
0.4433612068421189,0.5165839057043989,0.040054887453482076
0.4053556235655878,0.5567805861311367,0.037863790303275614
0.5366480357344449,0.4285794383097482,0.03477252595580679
0.5085433058355859,0.45436473865981103,0.037091955504602946
0.4929208738983222,0.4684300453850879,0.03864908071659001
0.4359290946548709,0.523534900984922,0.04053600436020715
0.527092884376515,0.43868243109638494,0.03422468452709975
0.5001937229643602,0.46187550299853447,0.03793077403710537
0.42502996330168785,0.5365365966915427,0.038433440006769126
0.4201739331794471,0.5506874428204931,0.029138624000059732
0.5828644658991706,0.37579975299229046,0.04133578110853914
0.5552318262753183,0.4062881570711265,0.03848001665355522
0.4982581488825237,0.4605948476217319,0.04114700349574438
0.4220622764715223,0.5395056957905422,0.03843202773793548
0.41763260702436655,0.5431901692107278,0.03917722376490576
0.41397372047109177,0.5488509955730444,0.03717528395586395
0.48430637663553816,0.47595733010377606,0.039736293260686076
0.43585026986851383,0.5311708838454305,0.03297884628605562
0.49753153015981133,0.4675842903864357,0.034884179453752905
0.4181001653570573,0.5419065079354063,0.039993326707536324
0.4039887753454696,0.555743764739211,0.04026745991531944
0.5090555763977492,0.45175985129605645,0.03918457230619457
0.4248046955822732,0.5347012368770235,0.04049406754070355
0.49420555980085235,0.46814905766134074,0.03764538253780677
0.42121682723752424,0.5408348421661373,0.03794833059633849
0.5512747409605618,0.4142061632484802,0.03451909579095772
0.49911510055687003,0.4658657410282252,0.03501915841490483
0.42068429586732264,0.5444219398297545,0.034893764302922674
0.47298599321836055,0.48560740353730836,0.041406603244330854
0.5390192510102433,0.41952381886485157,0.041456930124904874
0.4261532736889157,0.5382715048461777,0.03557522146490651
0.44267597351454463,0.515766114517126,0.041557911968329315
0.4392736070662415,0.5232247628295209,0.03750163010423767
0.41165553721067316,0.5497636715760147,0.0385807912133121
0.41000880522567007,0.5504550561863876,0.03953613858794243
0.4225515705885173,0.5415121727172462,0.035936256694236376
0.4296915535785718,0.5297594068693118,0.040549039552116264
0.5017599473839772,0.44670085470849497,0.051539197907527895
0.42184374227715116,0.5404420481447241,0.037714209578124394
0.48386658837271196,0.48001905921093885,0.036114352416349194
0.4391224644501655,0.5218767294335863,0.03900080611624846
0.4511176544488845,0.5077223695821096,0.04115997596900577
0.44543733330175456,0.5168421728633502,0.03772049383489526
0.42333344139356843,0.5384898119243432,0.03817674668208865
0.4914342319467091,0.47401428604455953,0.03455148200873122
0.49937302043661214,0.46039705808578163,0.04022992147760605
0.4490985051274773,0.5099344743647001,0.040967020507822714
0.48026140054082306,0.48183794012408715,0.037900659335089786
0.41308664730344336,0.5468735250037481,0.0400398276928088
0.5474164535941956,0.41342001225510866,0.039163534150695865
0.43925000752167964,0.5220160960336212,0.038733896444699156
0.4912246697954183,0.4757411109377077,0.03303421926687403
0.5538424169629027,0.39250620793546487,0.05365137510163234
0.4954995746685759,0.4673825351461669,0.03711789018525748
0.4353566134453825,0.5314323510272493,0.03321103552736817
0.43465402344018766,0.5261576951176822,0.039188281442130095
0.4139908177286959,0.5474105731931082,0.03859860907819581
0.4632905714973555,0.49587835533138586,0.040831073171258836
0.4422007509462037,0.5166889051926038,0.04111034386119256
0.42261910406646125,0.5379168607430631,0.03946403519047562
0.5617738808570234,0.4045450227910626,0.03368109635191404
0.5139053492203606,0.4505157663888264,0.03557888439081315
0.4223620511992898,0.5424843996896574,0.035153549111052965
0.4839156401546353,0.4802929067169373,0.03579145312842739
0.4179069711377772,0.5427067137519748,0.03938631511024805
0.4483440940157791,0.512488659808457,0.03916724617576388
0.46596057880005354,0.49832313328912076,0.03571628791082585
0.47251156903761676,0.4899548814531169,0.03753354950926633
0.43682124287076457,0.5256062835825558,0.03757247354667991
0.406248752089428,0.5581559030157064,0.035595344894865974
0.41506883527401267,0.544920100941468,0.04001106378451942
0.4745533112533048,0.487463040099771,0.03798364864692426
0.4078768505371671,0.5531356242975793,0.03898752516525341
0.4489234240359039,0.5127500793243436,0.03832649663975253
0.5151485835149053,0.4521113781803047,0.03274003830478991
0.5056610798782386,0.45525175258878475,0.03908716753297672
0.5058220602784825,0.45501331398577977,0.03916462573573764
0.5281772340873512,0.4316033012435933,0.040219464669055835
0.3977597589530925,0.571823273720473,0.030416967326434664
0.47235976008569225,0.4901635553717374,0.03747668454257044
0.4156050867487358,0.5438826500940733,0.040512263157191024
0.4366076865798217,0.5233439337838021,0.040048379636376225
0.508053458822686,0.46012699697199677,0.03181954420531719
0.42969278403751426,0.5361366365126498,0.03417057944983581
0.42061047595067175,0.5407519832586092,0.03863754079071878
0.4602637970422307,0.5004727213732281,0.03926348158454128
0.483992889049714,0.4789859974759098,0.03702111347437622
0.42866674932605797,0.5314055912400936,0.039927659433848475
0.4077781450793229,0.5668038230769048,0.025418031843772292
0.4668454385605164,0.49234699792127185,0.04080756351821154
0.5327697706873401,0.43013638719174513,0.03709384212091461
0.46531363617840477,0.49504947188191567,0.03963689193967948
0.4262053700894664,0.5384858244004569,0.03530880551007672
0.4290102433704903,0.5426007106698989,0.028389045959610767
0.4376515139418285,0.5229789999145111,0.039369486143660516
0.4366299932162117,0.5230296594114117,0.040340347372376704
0.432903509494894,0.5283948650767577,0.03870162542834824
0.470044629314748,0.49909768897673,0.030857681708522024
0.43959443245712293,0.5199241639149498,0.040481403627927355
0.42200509143519843,0.5371145760900755,0.04088033247472583
0.41877904714084496,0.5418299564007936,0.039390996458361284
0.41211319140104935,0.5503384068209031,0.03754840177804773
0.5035112062443662,0.4576775265515842,0.038811267204049926
0.5311428654431345,0.4310286329702346,0.03782850158663106
0.45619925713719156,0.505582204418608,0.038218538444200686
0.42770212106043176,0.53288495086903,0.03941292807053808
0.4131696747292779,0.5488207396388843,0.038009585631837636
0.42801075427302543,0.5412102566528764,0.030778989074098054
0.4765067874084339,0.4851407201765003,0.03835249241506571
0.4857161239438957,0.47419950238650055,0.04008437366960362
0.462378202356682,0.4968653865629426,0.040756411080375296
0.4742702535538457,0.48413119690825557,0.041598549537898634
0.42222207996069067,0.5382343663970812,0.03954355364222829
0.4385629772557807,0.5212773724868922,0.04015965025732705
0.4232728517733749,0.5369503060862052,0.039776842140419925
0.5497757345890124,0.40590797808473744,0.0443162873262501
0.4510420281347197,0.5120989959085359,0.03685897595674438
0.5151760472645613,0.45106888252569655,0.03375507020974211
0.406662246943377,0.5543987806349122,0.03893897242171093
0.4108408575561878,0.551264907931662,0.037894234512150314
0.4302426173337311,0.5321920582300643,0.03756532443620456
0.4721517007685393,0.481093729418684,0.04675456981277664
0.47679613845354746,0.4926726181446371,0.030531243401815508
0.4563048712935748,0.502793092673038,0.0409020360333874
0.42869161108039594,0.5318808254015156,0.039427563518088564
0.42941525700198074,0.5301417260292144,0.04044301696880461
0.434290176973037,0.5338818104419071,0.03182801258505604
0.4295698396383334,0.5321513996148105,0.03827876074685604
0.408715154271048,0.5523865456286139,0.03889830010033797
0.4573121999913478,0.5033215444776561,0.0393662555309961
0.485764783947678,0.4785812919316434,0.035653924120678526
0.5195366838680467,0.44153825024667276,0.038925065885280274
0.5573901266449865,0.39265513298716026,0.04995474036785303
0.4100077308458511,0.5428075578340655,0.047184711320083506
0.5530748523361046,0.41345381673352855,0.03347133093036695
0.5223043353397603,0.43659906855249897,0.041096596107740684
0.42340653818821056,0.5356893448139547,0.04090411699783508
0.5097733484766045,0.4541926024511903,0.03603404907220494
0.45891967395060124,0.5085454679519117,0.03253485809748698
0.5037989859686904,0.46291842899276203,0.033282585038547675
0.5349895149245125,0.42754892031395153,0.037461564761535844
0.42319640449241147,0.5369126884808416,0.039890907026746664
0.5220552872053563,0.4432313212896521,0.03471339150499169
0.418652209899262,0.5409373447824709,0.04041044531826717
0.44763683658282,0.5162681706893475,0.036094992727832696
0.4206865119975354,0.5383517284010707,0.0409617596013938
0.4101109739795314,0.553253406446194,0.036635619574274546
0.45747327598012777,0.5073010731285887,0.035225650891283676
0.4692424199663599,0.483133518917038,0.04762406111660215
0.42354776293794744,0.5354970279693965,0.04095520909265592
0.45334873258531666,0.5129631071558648,0.033688160258818683
0.4245792404417246,0.5365943147736703,0.038826444784605216
0.44126948019444207,0.5205841879989729,0.038146331806585144
0.42701777715786693,0.5320617631760391,0.04092045966609411
0.4307758274661001,0.530621963854941,0.038602208678958944
0.44317175289414407,0.5181643727874697,0.03866387431838623
0.4392224714603316,0.5263319724943998,0.03444555604526848
0.4118931736270683,0.5498792605581049,0.038227565814827044
0.45640481804406047,0.507450956390532,0.03614422556540749
0.5643907235643063,0.4043618498821056,0.031247426553588288
0.5455797314916239,0.4182462448270505,0.03617402368132569
0.4583480948697065,0.5067042089370835,0.034947696193210094
0.4276368293835481,0.5387313488006823,0.03363182181576957
0.41977293585439457,0.5414328759243917,0.03879418822121366
0.49318676726001803,0.47381493295218086,0.03299829978780099
0.4125700180377198,0.5472504634139209,0.04017951854835937
0.43062369393773275,0.5320858256570227,0.03729048040524446
0.40259096496496255,0.5711928387743972,0.026216196260640378
0.4192606308031748,0.5434344504373226,0.03730491875950255
0.5373419260750208,0.4258141752271725,0.03684389869780661
0.520914850560961,0.4397536510711964,0.039331498367842506
0.49300190055584486,0.44710864198196,0.05988945746219533
0.5046350187814858,0.46022952229713693,0.035135458921377226
0.4169168083348736,0.5404695357574892,0.042613655907637285
0.4346744733864008,0.5298750172126624,0.0354505094009369
0.4952181516537965,0.46643211597719614,0.03834973236900752
0.49707197536596415,0.46329101909349724,0.039637005540538686
0.43248838381436167,0.5291360904419147,0.03837552574372331
0.4848490166090371,0.48052140540675986,0.034629577984203005
0.43115602940368,0.5386249800061381,0.03021899059018195
0.4031204241836755,0.5562452239521426,0.04063435186418185
0.4214773661752003,0.5397334658456647,0.03878916797913491
0.41969173908124785,0.5453936186159389,0.03491464230281327
0.38980741345071346,0.5552836335561941,0.05490895299309225
0.5070184224197989,0.4558162096446309,0.037165367935569925
0.48243595763978564,0.496209213975856,0.02135482838435849
0.449819715934156,0.5150451069136505,0.035135177152193525
0.47774200039854936,0.49270332324056304,0.02955467636088757
0.5120626071827185,0.45221467311697094,0.035722719700310636
0.4246676094472734,0.5421602498037396,0.033172140748987264
0.48634308592421516,0.47724552055835284,0.03641139351743195
0.4131135625579246,0.5489066842032557,0.03797975323881974
0.4333969994800702,0.5282251254601793,0.03837787505975057
0.48628204365325833,0.4877033046128631,0.026014651733878465
0.4360432201293578,0.5263393667937349,0.03761741307690677
0.41815372426356223,0.5416448257694209,0.04020144996701667
0.4537662799793558,0.5058815080041437,0.0403522120165005
0.4907143627611363,0.46876906080135206,0.04051657643751162
0.4593635319813607,0.47902586690214477,0.061610601116494586
0.44377411336425715,0.5004551112364781,0.05577077539926469
0.5479897461465881,0.4222110931778249,0.02979916067558693
0.47401947987224724,0.4860616516906801,0.03991886843707269
0.4471525634636638,0.5123271144036459,0.04052032213269042
0.41465100029318985,0.5448221683702585,0.04052683133655166
0.42119669458681036,0.5405843193995681,0.03821898601362136
0.49959149146480747,0.46212902239140313,0.038279486143789294
0.42777053664673864,0.5432391316072184,0.02899033174604309
0.44346632015021176,0.5162150036677647,0.04031867618202344
0.4443980414133163,0.51554354407006,0.04005841451662382
0.5328871263029931,0.4254924501414479,0.04162042355555902
0.5115234216527048,0.45246882415776507,0.036007754189529874
0.45267831083453147,0.5092353543814029,0.03808633478406564
0.39990856747357656,0.5641053404577924,0.035986092068631056
0.38006425457011206,0.5538616001893006,0.06607414524058759
0.40940387704942627,0.5519575673296019,0.038638555620971946
0.49782913022057523,0.43109592625787396,0.0710749435215508
0.543789737619745,0.42646210281291425,0.029748159567340744
0.4103617240141073,0.5530599217560866,0.03657835422980557
0.4262256518372985,0.538997200698645,0.03477714746405652
0.4092743141043813,0.5510496226417212,0.039676063253897505
0.40839265911131545,0.5520163766909671,0.03959096419771746
0.4497617185848983,0.514250422491085,0.03598785892401672
0.4316630326429009,0.5282229801557092,0.04011398720138968
0.44004300635017213,0.5197372586117203,0.04021973503810735
0.48059424043773596,0.478609436947718,0.04079632261454608
0.41003044694448565,0.5509182720530883,0.03905128100242605
0.42292840285485517,0.5370491704485516,0.04002242669659318
0.5347193927808117,0.42865236543397073,0.036628241785217314
0.4228352426083389,0.5385535267418614,0.03861123064979975
0.43526556187899307,0.525911424058976,0.03882301406203098
0.43137143415373963,0.5293723042573636,0.039256261588896814
0.4790334118852909,0.4844679492928332,0.03649863882187573
0.44437840427687353,0.5150907311163484,0.040530864606778065
0.5009394317032297,0.46181755146812264,0.03724301682864732
0.5365095339399235,0.4252192148466585,0.038271251213417845
0.5063644889054333,0.45261271648394263,0.04102279461062385
0.44209719525588786,0.517308592732204,0.04059421201190832
0.40890700957994625,0.5202730793966561,0.07081991102339773
0.5799211788575507,0.3839508234443737,0.036127997698075544
0.4126831080971107,0.5493115744827423,0.038005317420147094
0.5287990136013914,0.43543959041612984,0.03576139598247887
0.4656288564818277,0.49541663266754044,0.038954510850631764
0.4173009012340836,0.5402723864387085,0.0424267123272079
0.46036988031075987,0.5021980131100029,0.03743210657923715
0.48584558448386184,0.4490742518751977,0.06508016364094046
0.513912503796937,0.4468485814165685,0.03923891478649474
0.41948280199937443,0.5402181577542722,0.04029904024635367
0.41871621695488703,0.548192609800971,0.03309117324414202
0.46220444530319277,0.49798840361463803,0.03980715108216909
0.4529905659957939,0.5087368719840216,0.03827256202018448
0.41078082909291674,0.546445101544358,0.042774069362725466
0.5225430519857425,0.44779939894957194,0.02965754906468567
0.47442561082555407,0.482080896653404,0.04349349252104195
0.4274137427999217,0.5338467311828096,0.038739526017268544
0.4259068322666626,0.534685273200722,0.039407894532615215
0.49040595064441306,0.47351425370434547,0.03607979565124158
0.4079994270053264,0.5516945417368094,0.040306031257864285
0.46418810247707976,0.4979326243015883,0.037879273221331874
0.4100981143894196,0.5493874029404385,0.040514482670141884
0.4143748890822301,0.5463087252072931,0.03931638571047689
0.40281789764493436,0.5617896219927533,0.03539248036231227
0.460946777564685,0.4990142285379125,0.04003899389740242
0.42563132417571614,0.5381864689826767,0.036182206841607466
0.40753410134483387,0.5577657857426976,0.0347001129124685
0.5031051947269313,0.46127802102610893,0.0356167842469601
0.49238268198091606,0.4672048647760727,0.04041245324301144
0.4458078002079303,0.5149627267930676,0.03922947299900186
0.45971524605880326,0.5012243706648909,0.03906038327630609
0.5323255758981035,0.4284831358012367,0.03919128830065969
0.41180110725650954,0.5508218669042679,0.03737702583922232
0.4261913051471089,0.5366866200782016,0.0371220747746895
0.4088844557469467,0.5522451192024008,0.038870425050652635
0.44969768490984763,0.5091416338810636,0.04116068120908892
0.41662828590937884,0.5446540081760941,0.03871770591452718
0.4835843817464777,0.48598724880499244,0.030428369448529828
0.3992767274414858,0.5608268678607928,0.039896404697721224
0.519651091543934,0.44793923007796693,0.03240967837809899
0.45037328441109353,0.50854414892256,0.04108256666634685
0.42330080271734766,0.5372545225865587,0.03944467469609371
0.4417217200319624,0.5198775218858328,0.03840075808220476
0.4747010177467538,0.4862382474351527,0.03906073481809347
0.4871129567968865,0.47925727347071784,0.03362976973239568
0.41814405877507044,0.5415861108710991,0.040269830353830395
0.4855200295451014,0.480961115415972,0.033518855038926695
0.4517457879796756,0.5081891746886634,0.040065037331660794
0.5012751161703003,0.4562761337411637,0.042448750088536116
0.48796672585354056,0.4725606200458578,0.03947265410060175
0.49183548209495714,0.4658872016517958,0.042277316253246884
0.4338110091952331,0.5269946682966605,0.03919432250810641
0.42529702035398,0.5345734268814208,0.04012955276459891
0.41510952616048075,0.5469650226290229,0.03792545121049651
0.43125890817296497,0.5313957241993634,0.03734536762767181
0.44714603072044784,0.5132119056606275,0.039642063618924674
0.4259829572102988,0.5337486127927603,0.040268429996940865
0.5310874426289265,0.39248587147742175,0.07642668589365167
0.4293064966957792,0.531563176874331,0.039130326429889714
0.4489469060998789,0.5134800035217533,0.037573090378368035
0.44727264626696406,0.5131365494704523,0.039590804262583705
0.41204241125544233,0.5558367613809506,0.032120827363606816
0.46125419783961996,0.49943381820530935,0.03931198395507068
0.529643621740791,0.4301350041458159,0.04022137411339304
0.5396208342444847,0.42150439991964656,0.03887476583586863
0.5503146421183458,0.4177900515146267,0.031895306367027546
0.3996520153579149,0.556134159025896,0.044213825616188994
0.41333497012414727,0.545954372315828,0.040710657560024656
0.5157808243137011,0.45017204768634744,0.03404712799995138
0.42296945715736567,0.5374427975363676,0.03958774530626676
0.4386259603935603,0.5244161986256983,0.03695784098074135
0.5339808769747669,0.4354341153420988,0.030585007683134297
0.5598416479323123,0.3961434555841196,0.04401489648356849
0.435692630187146,0.5247102997687398,0.039597070044114197
0.436834281023147,0.5260271189403793,0.037138600036473755
0.4183809314148202,0.5464094369466368,0.03520963163854284
0.49246351241765596,0.4687295436933561,0.03880694388898792
0.41302506418259605,0.5484766825312481,0.03849825328615593
0.4217948667947692,0.5393678957432455,0.03883723746198512
0.42403418428787276,0.5364956184629773,0.039470197249149665
0.42465828246081766,0.5356361151325998,0.039705602406582635
0.4583529782550639,0.5037262860311726,0.0379207357137633
0.40540000614065763,0.5561588295336907,0.0384411643256516
0.41034195180002975,0.5525920634765676,0.0370659847234025
0.43624068860143805,0.5249052638463677,0.038854047552194015
0.45350282109545015,0.4610463411089119,0.08545083779563764
0.4334003478136789,0.5317346263738559,0.034865025812465165
0.5353538553641557,0.42910428198964595,0.035541862646198435
0.5590226434728267,0.4018955374689301,0.039081819058243115
0.5220540788534072,0.43933918283394974,0.038606738312643066
0.5493719103835932,0.39696580290691896,0.0536622867094877
0.41450904788585496,0.5549661310718199,0.030524821042325227
0.5702963674418373,0.32812938160161476,0.1015742509565479
0.5176471012871726,0.44355544640608724,0.03879745230674036
0.45778376278087973,0.5015696898658226,0.04064654735329749
0.4604256449787432,0.4995547072162631,0.04001964780499368
0.4200571947105656,0.5441729748450586,0.03576983044437589
0.4095057404590575,0.5524486889046095,0.03804557063633281
0.5269220359401101,0.44390825456359606,0.029169709496293914
0.5816372278720833,0.38625520187041545,0.03210757025750152
0.38895483734148123,0.5706664605146454,0.0403787021438733
0.4661015701539142,0.49173678840985935,0.04216164143622637
0.5145737793588974,0.4497425357800286,0.03568368486107412
0.5066482128952294,0.4576391994912737,0.03571258761349664
0.45660994079998907,0.503470572843225,0.0399194863567857
0.41586067329305365,0.5451204416279187,0.039018885079027676
0.5291996125294653,0.4381990459411486,0.03260134152938606
0.42970900180632665,0.5331735112725277,0.03711748692114568
0.4091895067851717,0.5509054709440755,0.03990502227075291
0.5326283186012951,0.4001572257391808,0.06721445565952389
0.5709086797263435,0.3852246640443948,0.04386665622926174
0.41367570265575826,0.5507237580179235,0.035600539326318244
0.4041781185616899,0.5590992664551139,0.036722614983196185
0.5006117911715964,0.460522304605354,0.038865904223049384
0.4077957384324037,0.5640411037744314,0.02816315779316498
0.47181829163767147,0.49156430513403143,0.03661740322829693
0.5632716943141933,0.4015508892315281,0.03517741645427857
0.4086904692924321,0.5485511166191386,0.04275841408842951
0.5162296253663833,0.4480564199532763,0.03571395468034037
0.42351889848197916,0.5354904597932046,0.04099064172481627
0.502011591933767,0.46226649215543275,0.03572191591080045
0.5355989977889258,0.4229188960145698,0.04148210619650438
0.4567790193224005,0.5110402188586924,0.032180761818907
0.4185574863794173,0.5425485911191897,0.03889392250139306
0.41678304402590993,0.5460712934629105,0.0371456625111793
0.39271685776254156,0.5715961588777342,0.03568698335972439
0.42857534778984163,0.5378430239872011,0.03358162822295722
0.4230075413803763,0.5362404717926421,0.04075198682698127
0.46467062199726966,0.498947331960799,0.03638204604193118
0.43025794808492657,0.46369069079417014,0.10605136112090295
0.43702471178076874,0.5252250959634777,0.03775019225575344
0.15844676188028214,0.3936932512759408,0.447859986843777
0.472111943751607,0.4315399414297503,0.09634811481864264
0.4097972460377171,0.5517823857467774,0.03842036821550563
0.4286259056555154,0.5314892469962532,0.039884847348231424
0.45473974954486873,0.5044188824999222,0.04084136795520913
0.5327926389810846,0.4329867496804455,0.03422061133846961
0.4192841446440043,0.5413504221439092,0.03936543321208646
0.4267328078542088,0.535064170008489,0.03820302213730186
0.4139806150024007,0.5502665588478948,0.0357528261497045
0.4248450628363166,0.5342687804672713,0.040886156696412004
0.4784605956688826,0.4829499943519007,0.03858940997921676
0.5061133772189447,0.45775081239931165,0.036135810381743384
0.5101542574812306,0.45273685216233045,0.03710889035643887
0.40385707396924836,0.5586957485656755,0.037447177465076135
0.41531975126859955,0.5464361711852221,0.03824407754617819
0.5044797061452756,0.45679761118136675,0.03872268267335756
0.4894154510432079,0.47345410603806537,0.037130442918726775
0.44511077046659425,0.5164460489260155,0.03844318060739037
0.4108329296917604,0.5610673009204726,0.02809976938776676
0.4270534282503615,0.5373728838857305,0.035573687863908
0.44384539386381755,0.5138861626265838,0.04226844350959862
0.4964300949252875,0.4673780671759564,0.03619183789875612
0.42370220973738826,0.5366154560786787,0.03968233418393307
0.47737216535529287,0.4451352626075171,0.07749257203719008
0.4584320200090529,0.5014434403223231,0.040124539668623976
0.5252237241667923,0.4425518926509234,0.03222438318228428
0.5098188726847778,0.45182548336801964,0.03835564394720259
0.5271149528830867,0.4371427518507519,0.03574229526616127
0.5053425834220264,0.4580420494778615,0.036615367100112206
0.4365642884312398,0.5251604692853562,0.038275242283404176
0.4055887748709369,0.5553925298265329,0.03901869530253009
0.4932818605325815,0.4680236537192042,0.03869448574821449
0.5550336917949275,0.4030147387114113,0.04195156949366098
0.4175685399441492,0.541868603957386,0.04056285609846473
0.43347013879999524,0.5273099903037624,0.039219870896242466
0.4359823760522797,0.5235353458475036,0.040482278100216824
0.4467922554573659,0.5138714517280147,0.0393362928146193
0.41007749490505,0.5504983531995005,0.039424151895449636
0.42797860070419386,0.53629066981472,0.035730729481086285
0.5106042558054219,0.44923280322883646,0.04016294096574152
0.4917996083982568,0.4715931519700389,0.036607239631704314
0.6076905982408919,0.22907713532185434,0.16323226643725372
0.41561171050322526,0.5461752827508556,0.038213006745918945
0.5197265996598388,0.44283637855980473,0.03743702178035635
0.5447698062240082,0.41841665114767934,0.036813542628312185
0.4409134347870876,0.5186889479575877,0.040397617255324654
0.4138692608369112,0.5463558052513801,0.03977493391170868
0.41361262857233416,0.5492406678403108,0.03714670358735504
0.4164392808783604,0.5431843886445368,0.040376330477102915
0.4127319925879663,0.5478566038432379,0.03941140356879618
0.4182736959126244,0.5422960502416061,0.039430253845769245
0.47424584575824696,0.4846495082522892,0.041104645989463784
0.5560840625267774,0.40748649553188987,0.0364294419413328
0.43277228948042173,0.5281945840958926,0.03903312642368576
0.41569390150064356,0.5462123358477017,0.038093762651654435
0.4148823567340834,0.5447554297633056,0.040362213502610864
0.5192257241629273,0.43982260746470814,0.04095166837236451
0.4525671458124279,0.5068107493894157,0.04062210479815678
0.5142061146681055,0.4567221340069546,0.02907175132493981
0.41748920405604706,0.541711920839049,0.04079887510490406
0.4540149221911134,0.5074911387028023,0.03849393910608421
0.4369032570057341,0.5248435188200137,0.038253224174252254
0.565937554206244,0.3964748577394924,0.037587588054263564
0.4918346119393349,0.4694190649375072,0.03874632312315779
0.4594500159788139,0.5025094017925394,0.038040582228646584
0.43149492095335557,0.5282563065839948,0.04024877246264952
0.42004962999407597,0.5393062477326517,0.04064412227327241
0.44965299799351,0.5088531567374623,0.041493845269027795
0.445873381169928,0.5141588853222427,0.03996773350782915
0.4663158373953876,0.4976540707613871,0.03603009184322523
0.4297552697574145,0.5301617830182472,0.040082947224338195
0.41156134652803883,0.5481626277170446,0.04027602575491666
0.4459413590966857,0.5150489823121137,0.03900965859120044
0.439850723118321,0.5208161476544888,0.039333129227190115
0.45053086102755663,0.5058891082747409,0.043580030697702436
0.44389502632548866,0.5211535329833422,0.034951440691169185
0.5252282361557001,0.43617856559926144,0.03859319824503836
0.4628734385386317,0.5024345823322885,0.034691979129079696
0.41529747414319346,0.5461335285127752,0.038568997344031346
0.43804616298375365,0.5225570231043536,0.0393968139118928
0.4611141812822295,0.5029285270681854,0.035957291649585214
0.4351031223098113,0.5243924824197014,0.04050439527048747
0.43704611513749364,0.5207004255604449,0.0422534593020613
0.5548725632730522,0.4201109004008004,0.025016536326147296
0.5209315298081346,0.44188572675913723,0.03718274343272825
0.42845063223379054,0.5313885308285191,0.040160836937690195
0.42058491609912824,0.541214150943742,0.0382009329571298
0.5572872265256106,0.40595973899462523,0.036753034479763996
0.4308949900199525,0.5290532569813063,0.040051752998741134
0.4827486367177838,0.4780261939221942,0.03922516936002189
0.4116335929177278,0.5475446551685116,0.040821751913760834
0.5192924829263142,0.44215965213243824,0.03854786494124756
0.4589145285473652,0.5099016988238981,0.031183772628736773
0.4288646031053496,0.5254782269502607,0.04565716994438968
0.5402776691982748,0.41835996183864915,0.041362368963075984
0.5154887108586864,0.44802446699130627,0.03648682215000739
0.41006385193499345,0.5499473694921078,0.03998877857289861
0.5282478315416895,0.4342592692749672,0.03749289918334335
0.4069705893707197,0.5673778568249728,0.025651553804307493
0.4205195597454331,0.5563945073785389,0.023085932876027924
0.518530441217434,0.4456708788441869,0.035798679938379256
0.4761938194066281,0.4897745366782177,0.03403164391515432
0.48110625607328855,0.4830126169515889,0.03588112697512273
0.41739171881377984,0.5420226226361556,0.040585658550064796
0.49350292370753285,0.4690297546108936,0.03746732168157356
0.40698652722642165,0.5660574717833807,0.026956000990197466
0.5101761088209972,0.4549627794294344,0.03486111174956846
