0,1,2
0.44746936633710993,0.5060058885608183,0.04652474510207174
0.4568401906450294,0.5064568270001937,0.03670298235477665
0.4810096442156939,0.48300234062308617,0.03598801516122013
0.493605660534859,0.46864740189673404,0.03774693756840716
0.43277089181096934,0.5220788879564627,0.04515022023256788
0.45625013411942955,0.49750428909684685,0.046245576783723895
0.45309746293060027,0.5092015568232569,0.0377009802461429
0.4953674228472744,0.4685892835065881,0.03604329364613745
0.48704173229855735,0.47700434155506405,0.0359539261463786
0.47497097676654576,0.48958667630876246,0.035442346924691996
0.4386875719343217,0.5261858016283406,0.035126626437337556
0.46219883819757857,0.4994174419856563,0.0383837198167652
0.4447114410072115,0.5135291894556783,0.04175936953711019
0.46406377769505747,0.49967068950264704,0.03626553280229535
0.444748892695408,0.5140216995470221,0.041229407757569704
0.46757622070106725,0.4950223366396804,0.03740144265925227
0.4550548937895521,0.5072135506888714,0.03773155552157624
0.40327197002794724,0.5578020163970691,0.03892601357498364
0.4558711093573591,0.5035538333722713,0.040575057270369454
0.43744174272107966,0.5219331796787822,0.04062507760013798
0.4339767010710864,0.525211063742914,0.04081223518599954
0.44138760551414175,0.520528811242556,0.0380835832433022
0.39679157036894236,0.5607480660567281,0.0424603635743297
0.43622515251127286,0.5162122105822333,0.047562636906493885
0.4194969012441373,0.5437337329618095,0.036769365794053245
0.44446510387085053,0.5092152987026871,0.04631959742646229
0.3798413170491269,0.5792588275739087,0.040899855376964694
0.5794769748091713,0.38109839652120836,0.0394246286696203
0.45851978495521384,0.503951178893046,0.037529036151740025
0.4702056194038363,0.4911949898305208,0.038599390765642914
0.5961994722231644,0.36001361572085855,0.04378691205597711
0.46224227175132304,0.49357639587717905,0.04418133237149789
0.4633914709843409,0.49604691912913235,0.04056160988652679
0.42430946124396596,0.5324530650227498,0.04323747373328393
0.4855664621536823,0.4787753957255745,0.035658142120743114
0.3863848910939435,0.5744534305964216,0.03916167830963477
0.3946063340032421,0.5680787162215697,0.03731494977518829
0.4725216496459024,0.48727882949095397,0.040199520863143885
0.4467161837146713,0.5119313368680846,0.04135247941724378
0.4747501314126914,0.48579991838769804,0.03944995019961071
0.4598748505437225,0.5012202433327837,0.03890490612349391
0.48513072013098624,0.47784152792614076,0.03702775194287279
0.6487939316274476,0.32001224458085725,0.031193823791695045
0.433941370157248,0.5194017412387595,0.046656888603992336
0.5702534632256729,0.31086588531923026,0.11888065145509684
0.49126458793996974,0.472356786598217,0.03637862546181302
0.4279401046015797,0.534853314854699,0.03720658054372151
0.4937457630663573,0.47142859521785857,0.034825641715784034
0.46389451434840656,0.49239473708777776,0.043710748563815634
0.4405054720385121,0.5123696603597433,0.04712486760174464
0.39956470704251834,0.5585317997146921,0.04190349324278949
0.43061026953003045,0.5303689495674573,0.03902078090251209
0.41770284151390175,0.539941686940011,0.042355471546087195
0.44711060668076397,0.5105275518804714,0.04236184143876453
0.4330175454807073,0.5214305693554033,0.04555188516388926
0.4799055038457745,0.48125594797944615,0.038838548174779185
0.3663043511973408,0.5881317454675379,0.04556390333512117
0.462251212078154,0.4962766627751789,0.04147212514666697
0.43530645832672005,0.5266244001597913,0.0380691415134885
0.4528492629313033,0.507559314100432,0.03959142296826481
0.44168233918323657,0.5204768663973162,0.03784079441944721
0.45905076886039664,0.5019395620941614,0.03900966904544179
0.46128923621130113,0.5007130705464461,0.0379976932422528
0.4443852100433856,0.5090921682373134,0.0465226217193011
0.45663281297431557,0.5066626391173608,0.03670454790832358
0.4632005100519123,0.4932603438529878,0.04353914609510016
0.42436194544296385,0.5363720088572024,0.03926604569983345
0.5332229938692222,0.430769977824984,0.03600702830579372
0.4251177711272866,0.5366378041373717,0.03824442473534164
0.4391091616562857,0.5219952213541179,0.03889561698959632
0.3375613975167188,0.6239409815698519,0.03849762091342917
0.4892165847267887,0.47271172762890395,0.03807168764430718
0.3977334729098943,0.5643767032532695,0.03788982383683585
0.4525506414374997,0.5091912949892459,0.038258063573254425
0.4851409773493071,0.47419570676655565,0.04066331588413733
0.4636961797845171,0.49902135642985024,0.03728246378563274
0.4504015054493837,0.5076998989041694,0.04189859564644692
0.43480863126898434,0.5232036974076906,0.04198767132332502
0.4312506231783625,0.5270672088049941,0.041682168016643324
0.4485284336568119,0.5146362605146334,0.03683530582855454
0.4556673523133395,0.49722196478463615,0.04711068290202442
0.4629516511832743,0.49889192000041016,0.03815642881631559
0.45076137851792997,0.5055592582480161,0.04367936323405403
0.47897866681415074,0.4815675278577262,0.03945380532812305
0.4605661509502106,0.5020336781903172,0.0374001708594721
0.4615083232954289,0.49129661456997326,0.04719506213459781
0.502385197026826,0.46126806824632755,0.03634673472684614
0.43268070179708634,0.5285619797568799,0.038757318446033424
0.44455750173170144,0.5169350922447356,0.03850740602356287
0.4704767044668671,0.4935916111000271,0.035931684433105716
0.41531133914984963,0.5442530150358157,0.04043564581433471
0.4586964089150719,0.5045030831363779,0.0368005079485503
0.48127468588473354,0.47539826916369,0.04332704495157677
0.4540266667741341,0.5079460213467443,0.038027311879121645
0.6241632181757674,0.34173894942473226,0.034097832399500316
0.5062516209116498,0.45288357338906665,0.04086480569928342
0.46546905641848274,0.49746059419132044,0.03707034939019679
0.47510488992877525,0.4869302588243545,0.03796485124687042
0.46474199966808905,0.5011489171955714,0.03410908313633941
0.4539422135606697,0.5087405165816907,0.03731726985763946
0.5042072492284964,0.4604416741325976,0.03535107663890593
0.4360370100684157,0.5203350481977932,0.043627941733791024
0.39933854883795117,0.5567264635351007,0.043934987626947926
0.46601023789877327,0.4877314412522744,0.046258320848952345
0.8626267115434817,0.10750617556292535,0.02986711289359298
0.2604922557456826,0.7065562150652026,0.0329515291891147
0.6017368496118202,0.35666915371427005,0.0415939966739099
0.3042240588774988,0.659120046774592,0.03665589434790953
0.5967744224970102,0.36324904817717485,0.03997652932581466
0.49588308200621434,0.4542814354158123,0.04983548257797335
0.46110387851617035,0.497946188201772,0.04094993328205772
0.45297804893149524,0.504330127800734,0.04269182326777042
0.4807148453410161,0.4781885200002008,0.04109663465878306
0.4810171113636151,0.48021918732081426,0.038763701315570734
0.4212174000940623,0.5413679974091966,0.03741460249674091
0.4708163037426091,0.4911364246463222,0.038047271611068606
0.38899561254468734,0.5690836983987168,0.041920689056595996
0.4397910455471412,0.5187121734932232,0.04149678095963557
0.438993377617037,0.5264420853758455,0.034564537007117375
0.48254212695585563,0.4815333861766758,0.035924486867468616
0.49043265153842636,0.4705208282471304,0.03904652021444321
0.3557966486338207,0.616618877048319,0.027584474317860104
0.44445118984105386,0.5123276393981901,0.04322117076075601
0.46569117463427984,0.4990841666623168,0.03522465870340343
0.37089466475206756,0.5874895374029683,0.04161579784496425
0.45964594459479324,0.5019743483175291,0.038379707087677684
0.4488988191599537,0.5035213955820107,0.04757978525803553
0.4850637251927018,0.47521292511015034,0.039723349697147914
0.45227676130358174,0.5117367161757451,0.03598652252067301
0.441268733292291,0.5121189168771566,0.046612349830552534
0.4488454223638945,0.5110380734627847,0.0401165041733208
0.37782314510104825,0.5843154665940575,0.037861388304893884
0.5131641022507861,0.4406197584587585,0.04621613929045537
0.4381301242160208,0.5219145994984843,0.03995527628549485
0.40861948646350105,0.5506590210965655,0.04072149243993332
0.3847746272145789,0.5710721724921518,0.04415320029326939
0.4582936501290639,0.49937827916674876,0.04232807070418753
0.43744670763743126,0.5223120853281014,0.040241207034467465
0.41977785913430654,0.5338702240932185,0.046351916772475125
0.4989530482997678,0.46468290845759397,0.036364043242638144
0.43949390088744966,0.5194047012676049,0.04110139784494544
0.39867207683878175,0.5639856114184633,0.03734231174275527
0.4420607940213538,0.5200828523931499,0.03785635358549622
0.45743309107174934,0.5070182918897538,0.03554861703849671
0.43780162273871537,0.5249335761048641,0.037264801156420585
0.4034484543351933,0.5636333422163503,0.032918203448456654
0.5131236639850294,0.44278903972938627,0.04408729628558424
0.4597638689196038,0.5039950246215706,0.03624110645882555
0.4475085935431438,0.5118259567791117,0.040665449677744554
0.4454995890213499,0.5082602119586778,0.046240199019972526
0.48710440249045717,0.4760261019709744,0.03686949553856863
0.4490035405892288,0.5107358446071047,0.04026061480366648
0.42568286878414885,0.5359979772185449,0.038319153997306316
0.46288757343651926,0.4976386081819181,0.03947381838156281
0.4381352046128308,0.5165984803203083,0.04526631506686065
0.46452125555541407,0.4943141931787126,0.04116455126587341
0.44762383428309493,0.5142894040861257,0.03808676163077944
0.45928650625146944,0.4935449090480687,0.04716858470046194
0.4519090984047421,0.5050099212632014,0.04308098033205664
0.46720357352881364,0.48847966768939066,0.04431675878179578
0.43371964769303634,0.5262170787974111,0.04006327350955286
0.42852111268913917,0.5254861846781121,0.04599270263274852
0.4554330661660479,0.5036969387513583,0.04086999508259363
0.459853426406828,0.4986766160742807,0.04146995751889122
0.42455599717802717,0.5293822545465608,0.04606174827541182
0.4797332178697996,0.4817550357465006,0.03851174638369988
0.5022847948471058,0.46042352724289837,0.03729167790999583
0.37822275654553966,0.5834769581541407,0.03830028530031985
0.4420082932338636,0.5193282942783025,0.038663412487833906
0.4863428932474241,0.47179616979583494,0.04186093695674093
0.44655452252288613,0.5128854153911735,0.04056006208594041
0.45245351385066473,0.5111214279862855,0.036425058163049896
0.47257240960684443,0.48921304709902885,0.038214543294126734
0.4542844732581098,0.5088668757225663,0.03684865101932405
0.4422918364234789,0.5116873437761359,0.04602081980038521
0.4608240073371376,0.5000919290641843,0.03908406359867807
0.45491006269330275,0.5031434949637129,0.041946442342984135
0.4629531768813885,0.4996186052269634,0.037428217891648345
0.46529186286247626,0.49680944573035235,0.03789869140717139
0.49338494516212894,0.4693972341019039,0.0372178207359672
0.5230243236665885,0.43272795956562987,0.044247716767781886
0.4593167871546111,0.495828895108415,0.0448543177369739
0.4571079813506138,0.5064034720329236,0.03648854661646248
0.44682706474900374,0.510580392362746,0.042592542888250234
0.4423997309771239,0.520391630518132,0.03720863850474397
0.42131194228682,0.5397701588426888,0.03891789887049128
0.437704566633185,0.5142700735637149,0.048025359803100055
0.4786085123143877,0.48306367219911406,0.03832781548649799
0.4491962742365482,0.5087732601349996,0.04203046562845228
0.4682962855908989,0.4959287792408261,0.03577493516827495
0.44432499059409886,0.5199839052790094,0.03569110412689154
0.4607370376390784,0.49073113562275644,0.048531826738164925
0.46763999097300213,0.4896908028953097,0.04266920613168805
0.4533890358747158,0.5087221220497986,0.03788884207548565
0.23846729345422937,0.7344786523794151,0.02705405416635561
0.474420689399897,0.48931849953890855,0.03626081106119431
0.45481102717748906,0.5062904574513926,0.03889851537111842
0.4683487589721219,0.5016836343718732,0.02996760665600478
0.45233307429695707,0.5105363408378047,0.037130584865238105
0.4771020922461057,0.48332360863858376,0.03957429911531041
0.45105762212819633,0.5096503517565384,0.03929202611526527
0.4792192734477336,0.4831753089477351,0.03760541760453148
0.49489594599502257,0.46173662084113765,0.043367433163839675
0.5493931367193247,0.4142944238035423,0.03631243947713308
0.41294597880430467,0.551015132814672,0.036038888381023114
0.4114639143827512,0.5444573457595608,0.044078739857687996
0.4472068738567311,0.5073933400888414,0.045399786054427384
0.4490748182053384,0.5101940692527241,0.040731112541937335
0.44581673097180935,0.509302226894685,0.04488104213350577
0.482967497161062,0.48122336743188343,0.03580913540705446
0.4320893871211427,0.5305272857998693,0.03738332707898807
0.5379388017407676,0.41437392068443457,0.04768727757479799
0.436697395638388,0.5187429294042313,0.044559674957380765
0.47294227319556204,0.4918387200399108,0.03521900676452714
0.4886936839901117,0.47384358017835493,0.03746273583153324
0.4509250920606684,0.5052261994476923,0.04384870849163932
0.39531766922237505,0.5628236307736916,0.04185870000393336
0.5019924253694952,0.4593793753742943,0.03862819925621081
0.5404608156500987,0.4258596405104185,0.0336795438394827
0.4701070045112272,0.49217485949944983,0.037718135989323144
0.44378157218601977,0.5163791967860072,0.039839231027972974
0.4148126003575703,0.5471198608871372,0.03806753875529259
0.42891543116569775,0.5293584484009701,0.04172612043333214
0.4903069841730842,0.47248376578684376,0.03720925004007207
0.45238911952857835,0.5060737078258578,0.041537172645563926
0.4862693710671511,0.4787769765707298,0.034953652362119086
0.4524159184027312,0.5012524612183936,0.046331620378875095
0.4565339557515736,0.5001240788307263,0.0433419654177004
0.5310737583658842,0.4311461558319983,0.03778008580211734
0.4541659022030377,0.5036026556313109,0.04223144216565142
0.49087886893040333,0.4737861546282032,0.035334976441393516
0.44463858230941067,0.5100267805291008,0.04533463716148844
0.5123514112962658,0.45241792418146015,0.035230664522274024
0.43041648448621467,0.5305353542771296,0.03904816123665568
0.49294087737407155,0.4739914770469102,0.033067645579018236
0.4925083215992689,0.46790641582944636,0.039585262571284766
0.466107296600197,0.48770934967305174,0.046183353726751204
0.47169505995684924,0.48696755660304303,0.04133738344010766
0.4332646375999041,0.5300101325417232,0.0367252298583727
0.4542940215726382,0.4995983018276163,0.04610767659974556
0.44838457974704693,0.5073710493100463,0.04424437094290694
0.42423404736013165,0.5316108190520747,0.04415513358779367
0.4559803851516014,0.505448460449505,0.038571154398893595
0.4691529298594068,0.49096063596921535,0.03988643417137783
0.4852675364976801,0.47792142876510224,0.03681103473721768
0.4561218978716013,0.5019504727057101,0.0419276294226886
0.4899287699766962,0.47364290860919983,0.036428321414103744
0.47761705148871114,0.4810837213978083,0.04129922711348063
0.46059365947050185,0.498986510762291,0.040419829767207115
0.4506906929153206,0.5088350547727617,0.04047425231191768
0.425206972505337,0.5315123302459135,0.0432806972487496
0.49007200219109687,0.46894417976719155,0.040983818041711605
0.5193077077846584,0.4322626093095236,0.04842968290581803
0.43361597898661725,0.5284156104376202,0.037968410575762467
0.5143236060164758,0.450174442331873,0.0355019516516512
0.4557947437384962,0.49698755574362724,0.04721770051787646
0.45791399519859016,0.5056446112271717,0.03644139357423814
0.5010228528549581,0.4543763837071974,0.04460076343784441
0.5430201692340066,0.4274796385226665,0.0295001922433271
0.44451500080827794,0.508728972316547,0.046756026875175084
0.40699123968352297,0.552152570626945,0.04085618968953214
0.42131667406646556,0.5442141240463001,0.03446920188723438
0.4757791352473946,0.48059759804201224,0.0436232667105931
0.45510034549026673,0.4990949918334907,0.04580466267624244
0.4804108677202223,0.4824334580821163,0.03715567419766136
0.44869718923659463,0.5043439869463767,0.046958823817028414
0.4565979906005045,0.5055670799903008,0.03783492940919452
0.5746152184075612,0.37984973538551414,0.04553504620692441
0.46140348318538354,0.5007038132433324,0.03789270357128398
0.4399491747958845,0.5194778072677997,0.040573017936315965
0.48442190167766497,0.4671412840623895,0.048436814259945754
0.45168085089000104,0.5085596100407747,0.03975953906922431
0.46340536196217136,0.5004266727520692,0.03616796528575938
0.449374359450942,0.5078408596546072,0.04278478089445087
0.5113895863965912,0.44783454910336723,0.04077586450004127
0.4373856384184144,0.5157086729585318,0.04690568862305383
0.4166292177503248,0.5396366924029414,0.04373408984673373
0.4338722151695103,0.5206680235848621,0.04545976124562778
0.43823022472840745,0.5181895780533996,0.043580197218193215
0.42494941995842184,0.5394717220733518,0.03557885796822649
0.4962070434458298,0.4601256451284044,0.043667311425765576
0.49670441601234916,0.46302070480459667,0.040274879183054
0.4534237312544504,0.5090476529870692,0.03752861575848053
0.4612129515505338,0.5003341315045016,0.0384529169449646
0.4683179366058493,0.4936171681114359,0.03806489528271483
0.4051026648516637,0.557270428643689,0.03762690650464724
0.463712958226862,0.5002212607893829,0.03606578098375513
0.3818867818576821,0.5724040653410916,0.0457091528012261
0.4434922441585394,0.5090495218922848,0.04745823394917571
0.440176111906487,0.5142583661569268,0.045565521936586244
0.3491913514957818,0.6120927324065794,0.03871591609763913
0.46140133876573125,0.49486685148643905,0.04373180974782968
0.49720162984763366,0.45828244932581713,0.044515920826549246
0.4458080514324185,0.518906921292995,0.03528502727458642
0.4332089135719052,0.5283480014263019,0.03844308500179278
0.3989477060304935,0.5618636750825295,0.03918861888697681
0.4494309271622573,0.5122704094603796,0.038298663377363214
0.5508004983929338,0.40221614310918563,0.04698335849788038
0.474951318690315,0.4866306124696445,0.03841806884004029
0.4588701415324516,0.5043216385400298,0.036808219927518364
0.41968821497624753,0.540164253601614,0.04014753142213854
0.447678427962029,0.5161200031130009,0.03620156892496991
0.46158187136500994,0.5007398863814038,0.037678242253586236
0.4505075423971246,0.5118188744098146,0.037673583193060675
0.5460861688534399,0.429618874889032,0.02429495625752803
0.38561363305998725,0.5726260171175189,0.04176034982249408
0.473832178880933,0.48050991392297915,0.04565790719608776
0.44843087054857445,0.5051921488293151,0.04637698062211059
0.43955184171684225,0.5188398157666697,0.04160834251648811
0.5085352542783511,0.4465111170498855,0.04495362867176363
0.4654427182699807,0.49596551033119674,0.03859177139882229
0.4477175676400921,0.5058872353823891,0.04639519697751869
0.46143437823791994,0.49820282507909475,0.04036279668298528
0.44319304393981196,0.513801696589814,0.04300525947037396
0.4542192714271216,0.5082647181213817,0.03751601045149678
0.502847498177552,0.4616381629104477,0.035514338912000225
0.48958806848443126,0.47198421340335334,0.03842771811221543
0.4576357222303704,0.503009769183665,0.03935450858596443
0.4834007062594169,0.4809935300976078,0.03560576364297527
0.45866682892284677,0.5022410244173643,0.03909214665978874
0.47863894775423266,0.48399257812060587,0.037368474125161276
0.4323526700050843,0.5186077455793973,0.049039584415518186
0.601143196735002,0.3576547093475577,0.041202093917439966
0.4245912674423011,0.5407495644595877,0.034659168098111114
0.41137980236161076,0.5452312806036047,0.043388917034784535
0.3699888626169203,0.589694431714187,0.04031670566889273
0.4152495258199052,0.5396807552284426,0.04506971895165228
0.48870045117838484,0.47542650812859694,0.03587304069301835
0.4116818352937418,0.550086269951284,0.038231894754974176
0.4226275532790911,0.5299263094981413,0.04744613722276755
0.5055351368456709,0.44533500764446243,0.0491298555098667
0.4513604206028025,0.5102507562644104,0.03838882313278715
0.44261732015031824,0.522542211552482,0.034840468297199785
0.415928406396922,0.5454030911484079,0.038668502454670184
0.4417820134103967,0.5202521135882734,0.03796587300132973
0.4096092844644085,0.5545140357099249,0.03587667982566675
0.5115686666424688,0.44152754018701956,0.04690379317051157
0.4870354801203067,0.4773972364781788,0.03556728340151448
0.45420481643096433,0.5092494495406695,0.036545734028366056
0.5641750175632139,0.3973604156396152,0.03846456679717083
0.30460971373255946,0.6632559610286423,0.032134325238798236
0.43146351920931164,0.5252994388800757,0.043237041910612686
0.4572849066813851,0.5062541243718067,0.0364609689468083
0.44379354174023256,0.5074573395945884,0.048749118665179024
0.45737169032230274,0.49962900572370844,0.042999303953988925
0.42264845612257856,0.5350966638072568,0.04225488007016451
0.44768816759986235,0.5144784134128972,0.03783341898724031
0.45685402741206876,0.501408586354225,0.041737386233706264
0.4330628329438524,0.5279724551494679,0.038964711906679675
0.4477094772881994,0.5152278304565875,0.037062692255213095
0.43172513419263087,0.5310268660343717,0.037247999772997455
0.4667080930303198,0.48975090793365417,0.04354099903602603
0.45518034177966393,0.504171506864566,0.040648151355770115
0.4318600474234088,0.5299025444469881,0.03823740812960303
0.5001398865231153,0.4641905648181148,0.03566954865876992
0.4230481763845654,0.5395025700272224,0.03744925358821211
0.44460981547080125,0.5171411724515544,0.03824901207764434
0.46002450310034715,0.505061613874924,0.034913883024728934
0.4580678777481042,0.5036583875856002,0.03827373466629548
0.41006188097188534,0.5426866960669369,0.04725142296117762
0.4234162327147871,0.5384722381954665,0.0381115290897465
0.4514542191729118,0.5115510827281506,0.036994698098937615
0.4700795521280177,0.49354787905439695,0.036372568817585285
0.47974276759085294,0.48279298997887465,0.03746424243027239
0.4100529813551457,0.5479265710817441,0.042020447563110006
0.47620587315466284,0.48716236920768685,0.03663175763765021
0.5495347691936471,0.4150389665830166,0.035426264223336404
0.442311102751274,0.5211375010406218,0.03655139620810392
0.4467712053175318,0.5109195067849769,0.04230928789749144
0.39337021665063393,0.5690110881785762,0.03761869517078958
0.45749558426274217,0.5050500279455878,0.03745438779166988
0.4563442712570298,0.5053291985638019,0.038326530179168275
0.43372237902718436,0.5302903269396937,0.035987294033121855
0.4636360848337288,0.4976990834550955,0.03866483171117577
0.41104996621004364,0.5502643283590867,0.03868570543086965
0.43455784015132665,0.523676485109752,0.04176567473892148
0.49051042567927267,0.472592184663896,0.03689738965683145
0.4951534386436257,0.4623208640844193,0.04252569727195496
0.42838782598754516,0.5287521113895683,0.042860062622886524
0.5387223425466888,0.42009175015463196,0.04118590729867904
0.42515326384493757,0.5381834013088977,0.03666333484616469
0.41745443252335357,0.5454242177748952,0.037121349701751155
0.54590078044499,0.40732376427275874,0.046775455282251105
0.41389650211259993,0.5432592213503923,0.042844276537007675
0.459132999218163,0.5001414634005011,0.04072553738133599
0.4490080085414346,0.5101914357973344,0.04080055566123115
0.4227760251728278,0.5342007956863202,0.04302317914085202
0.4408990253378077,0.5221382336307971,0.03696274103139529
0.4495929264885786,0.5032959977378062,0.047111075773615216
0.46216994766492697,0.5039307665898665,0.03389928574520651
0.431979468022808,0.5252668993225632,0.04275363265462878
0.45239853466248453,0.50434363598064,0.043257829356875686
0.5186525803456506,0.4475587487837825,0.03378867087056724
0.4348038388094954,0.5248284821214366,0.04036767906906781
0.39359142481370113,0.5686163947234312,0.037792180462867565
0.4874660378641439,0.4775595217291884,0.03497444040666758
0.4177609643144587,0.5416297585762555,0.04060927710928579
0.41523698899841316,0.5464188130732306,0.03834419792835627
0.43950252178019733,0.5181389914156942,0.042358486804108565
0.4415778313823739,0.5112399623453862,0.047182206272239735
0.5157754941232632,0.4450564535530102,0.03916805232372652
0.4372430245603918,0.5247802687202763,0.037976706719331926
0.44952905504057045,0.5023188967083048,0.04815204825112465
0.4511508601003481,0.5114063441976789,0.037442795701973064
0.5364699671561569,0.42883391747762245,0.034696115366220734
0.4560635033334616,0.49961707696616714,0.044319419700371385
0.471300250330307,0.48276661639242807,0.045933133277264886
0.46247583464425784,0.49919227186885085,0.038331893486891276
0.46092904183865985,0.5005505946750904,0.0385203634862498
0.504018211576252,0.4499265119220788,0.046055276501669164
0.4143189593784681,0.5374289071187407,0.04825213350279134
0.4646566245089153,0.4938119332205617,0.041531442270522814
0.4903963728849136,0.4721037502114613,0.0374998769036251
0.4069107558321503,0.5531067516880168,0.03998249247983299
0.463253155645798,0.48961781787368996,0.04712902648051198
0.455553006055657,0.5096229078915986,0.03482408605274448
0.4440246033741708,0.5189275860887537,0.03704781053707544
0.4811517347483149,0.47640489275335746,0.04244337249832777
0.4655520225175288,0.49734635999163906,0.037101617490832205
0.4061045867068107,0.5647577580264032,0.029137655266785814
0.25470712915476085,0.7149586047298064,0.03033426611543315
0.4502561830526495,0.5096337510737681,0.040110065873582096
0.42514853737497643,0.5268597300494495,0.04799173257557395
0.507501329177376,0.44918316378708395,0.043315507035540435
0.44450239843798267,0.5177450272351121,0.03775257432690539
0.4098032635056276,0.5480959376842763,0.0421007988100961
0.43764323915666137,0.5149009091275217,0.0474558517158171
0.4153115172378989,0.5417674690855034,0.042921013676597675
0.4732406831192999,0.4916408384598851,0.03511847842081487
0.45239110792528797,0.5079928014335694,0.039616090641142784
0.47295990130040944,0.47807080691677817,0.04896929178281226
0.4430207375595586,0.5094082052447738,0.047571057195667524
0.3839948416388251,0.5717136514284068,0.04429150693276825
0.46393513553824983,0.48951790508225235,0.046546959379497946
0.43741864375455175,0.5250105197470046,0.03757083649844359
0.451152280865081,0.5112708591256142,0.03757686000930473
0.4717468528330305,0.4827607101840502,0.045492436982919396
0.46131395114043705,0.4949165787733055,0.043769470086257437
0.4513851813944688,0.5087757678123092,0.039839050793222065
0.44449938473281153,0.5178014891257255,0.03769912614146291
0.44639973977551345,0.5146024850251385,0.03899777519934805
0.5124335941094715,0.4426842676007568,0.04488213828977163
0.4962673248832186,0.4663804605287307,0.03735221458805065
0.44256652320006623,0.5204704996309981,0.03696297716893566
0.22423100651937963,0.7533852563863837,0.022383737094236633
0.6894818270905959,0.2672992385796715,0.0432189343297327
0.398321539736088,0.5636532119369342,0.0380252483269777
0.5713789876657862,0.38548195201909846,0.043139060315115094
0.43340487750724965,0.5288315765282302,0.03776354596452044
0.4447204354041054,0.5249325664514887,0.030346998144405894
0.4432295066848128,0.5081228217072036,0.04864767160798374
0.40357799307497183,0.5504867283446451,0.04593527858038309
0.44809787777590254,0.5130732364241254,0.03882888579997195
0.4431749663112987,0.5177231923264803,0.03910184136222093
0.4165967343880823,0.5421578716551674,0.0412453939567502
0.4554782269476706,0.5081697062098587,0.03635206684247064
0.44508170101532873,0.5183612218011929,0.03655707718347838
0.39938277743780515,0.5535551969178676,0.047062025644327356
0.4478699828755311,0.5102290304630259,0.04190098666144301
0.5274073912992879,0.4378418532603088,0.03475075544040328
0.47605917592433683,0.4867599546150192,0.037180869460644264
0.4528459423709011,0.5058561252506222,0.041297932378476634
0.4528809616709784,0.5048958380296764,0.04222320029934523
0.42181524773070794,0.5365556613559377,0.04162909091335421
0.49496885362922843,0.46131999471897284,0.04371115165179879
0.4284951990345882,0.5262199640583569,0.04528483690705477
0.3650567611431458,0.590804172336857,0.04413906651999705
0.4260700901177393,0.535190629753167,0.038739280129093674
0.47538571312526845,0.4872197671822823,0.037394519692448995
0.4611773403925967,0.5077356997146033,0.031086959892800057
0.41836383689802903,0.5444027836504666,0.037233379451504074
0.46569010173217457,0.49636103539493565,0.03794886287288958
0.49777763094086974,0.46686881597808794,0.03535355308104231
0.45621354515778606,0.5055489369996893,0.03823751784252459
0.4919694095238617,0.4689359760504404,0.039094614425697935
0.45980404800949537,0.5023946484631088,0.03780130352739592
0.4383455448700851,0.5231520150179785,0.03850244011193658
0.4363895389682643,0.5242390191612551,0.039371441870480764
0.38478730482688933,0.570098036219063,0.04511465895404757
0.4705133817648801,0.4885414422933023,0.040945175941817714
0.3727282456266289,0.5923973182940446,0.03487443607932668
0.41869029853846357,0.5391854470249483,0.04212425443658806
0.30173144688845027,0.664803552958453,0.03346500015309687
0.46019627761497767,0.5026543563295043,0.03714936605551791
0.4436135705651079,0.5182943136593521,0.038092115775539774
0.43977786214179854,0.5218175037419994,0.03840463411620196
0.46709719732576926,0.49398087165166077,0.03892193102256978
0.48404071066488935,0.4781244482730873,0.037834841062023436
0.44844033704115155,0.5098940213097137,0.04166564164913481
0.4508652440858873,0.5027928333127623,0.04634192260135014
0.5509761265149897,0.41380811703505266,0.03521575644995767
0.4707848899450901,0.49335489355504264,0.035860216499867315
0.474753773250775,0.47675516935230694,0.04849105739691794
0.5002765791136654,0.46405439035605484,0.035669030530279665
0.4636130343218964,0.4980819248124348,0.03830504086566867
0.4426615908241912,0.510488173191558,0.04685023598425057
0.4334523411953615,0.5290492906707097,0.037498368133928844
0.43330275303971433,0.5217808318980767,0.044916415062209177
0.3760535511001821,0.5801311506924551,0.04381529820736288
0.42732993924410295,0.5351165571898725,0.037553503566024694
0.439949981953574,0.5125168559709786,0.047533162075447416
0.5025450459944727,0.456851476504107,0.04060347750142035
0.4599954605496109,0.5014331478239363,0.03857139162645267
0.44608315037286983,0.5097529906703485,0.04416385895678144
0.47447568081613267,0.4776508669384809,0.04787345224538667
0.4239137467102381,0.5358407465027355,0.04024550678702635
0.4696110690508318,0.4924715431497169,0.037917387799451294
0.4427881627686016,0.5183412892862092,0.038870547945189286
0.4777917081663515,0.4855457597776577,0.036662532055990786
0.4390014274534205,0.5181724162729132,0.04282615627366607
0.42973796806839315,0.5298668443522423,0.04039518757936445
0.4342131225023102,0.526038522794766,0.039748354702923726
0.5452948720470079,0.40889923580628,0.04580589214671208
0.46208992063322524,0.5064931220589172,0.0314169573078577
0.44957392170004434,0.5106964469516891,0.039729631348266306
0.46079541174241734,0.49894942014563765,0.040255168111945135
0.5036619520225788,0.4590945726973539,0.03724347528006718
0.41874292006743963,0.5375871577487014,0.043669922183858914
0.45702820990581694,0.5072595564838919,0.03571223361029118
0.40436816850921614,0.5559055268137609,0.039726304677022956
0.4748287992787359,0.48754379705200834,0.037627403669255884
0.45269801443557306,0.5089493050951444,0.038352680469282245
0.4528874094206912,0.5051948690141316,0.04191772156517739
0.41873378200681216,0.5327797491061531,0.048486468887034895
0.4919741783588903,0.4650550249049022,0.0429707967362077
0.48997964080175754,0.47062268092709836,0.039397678271144106
0.4300817813296328,0.5328523284410024,0.0370658902293648
0.40122104019199223,0.5605775975671701,0.03820136224083771
0.47663178956721225,0.48241947661408624,0.040948733818701476
0.44108749851091017,0.5215007362027805,0.03741176528630915
0.47733043497968625,0.48306330840309164,0.03960625661722223
0.49029154544744014,0.4691107788317907,0.040597675720769194
0.4619456068712167,0.500867336305352,0.03718705682343126
0.49839566537215646,0.4663391167489063,0.03526521787893716
0.5161378313163176,0.4417543247553332,0.042107843928349105
0.42123648324590235,0.5383360291906182,0.04042748756347959
0.5578753392150146,0.40558095026693675,0.0365437105180487
0.458110022221117,0.5053816367669957,0.03650834101188732
0.47745523828343667,0.48565510255960065,0.03688965915696267
0.4394469344632431,0.5134094626089076,0.04714360292784946
0.4196450803006658,0.5397876894471382,0.04056723025219617
0.42665188161235973,0.5365967407308376,0.03675137765680252
0.489257848344504,0.47437705249459833,0.03636509916089761
0.5753746056206809,0.3845265826355293,0.040098811743789944
0.44522330275195376,0.5191182256500949,0.03565847159795132
0.46131172677304305,0.5002116483688533,0.03847662485810372
0.5714254006264949,0.4005645508243527,0.02801004854915224
0.5036477371768064,0.45694552790012966,0.03940673492306387
0.48621493725244674,0.4663766125650806,0.04740845018247261
0.4438745408946949,0.5086997164743786,0.04742574263092658
0.45232922170136547,0.5096835476938495,0.03798723060478485
0.46771891698228535,0.48522050787606963,0.04706057514164485
0.4453004239379761,0.520088743491606,0.0346108325704179
0.686910555087417,0.2713505622641166,0.04173888264846635
0.4060670334057394,0.5593996471110354,0.0345333194832251
0.4583051050821184,0.5052180868033338,0.036476808114547815
0.43420254728405944,0.5282794992480363,0.037517953467904396
0.45390569176470746,0.5068156073022698,0.0392787009330228
0.41386437015208943,0.5593605346863569,0.026775095161553672
0.4325847916607601,0.5302086596330124,0.0372065487062271
0.44961505946367036,0.5099003704657501,0.040484570070579505
0.4413070794744768,0.5094632048899332,0.04922971563558994
0.4801472889654784,0.48042010021144543,0.039432610823076024
0.4526907989152228,0.5046686446410303,0.04264055644374688
0.47146919046017227,0.4911490264387382,0.0373817831010896
0.441623804545945,0.5174031120193037,0.040973083434751464
0.40478578559698314,0.5593297455736618,0.035884468829354775
0.4567566597366883,0.49928022032370967,0.04396311993960203
0.42456895461994404,0.5317440217926044,0.043687023587451586
0.4153525470025991,0.5472772715373965,0.03737018146000447
0.4412807914869164,0.5190072812806401,0.03971192723244338
0.41313112756461334,0.5384062189359391,0.04846265349944756
0.4497337574322774,0.5082227052988159,0.042043537268906944
0.5003980617862324,0.45995750170754485,0.03964443650622274
0.4615958370589144,0.49881591062814895,0.03958825231293675
0.45625794762554295,0.5021090114531374,0.04163304092131993
0.8942214708548999,0.0585692678001256,0.04720926134497463
0.4124546874946798,0.5428681858653003,0.04467712664002003
0.46638017187871394,0.488292170955944,0.045327657165342046
0.4793988722955926,0.4792978231504097,0.04130330455399787
0.46904329439304693,0.49317747475568485,0.037779230851268185
0.48279021841682607,0.4775720266189428,0.039637754964231206
0.44299989718309724,0.5137905076565505,0.043209595160352283
0.3845270449263042,0.5776659476416407,0.03780700743205513
0.43259280941426465,0.5267723420814691,0.040634848504266304
0.4804356834448627,0.4826595450993568,0.03690477145578046
0.5191180407240403,0.4309296907780735,0.04995226849788623
0.4583017671419778,0.5000488415571938,0.04164939130082857
0.39858188227334596,0.5633597218608809,0.03805839586577322
0.45069967628920127,0.5051798000875454,0.044120523623253305
0.43904667846529905,0.5236680375914712,0.03728528394322994
0.4967667831128102,0.45929983760568766,0.04393337928150227
0.47474945042912986,0.4879203598420352,0.037330189728834805
0.44576808472422913,0.5226715488185916,0.03156036645717916
0.3954664727603879,0.5700323454055704,0.03450118183404205
0.41752112578607437,0.5407189019675779,0.0417599722463476
0.4574637604133179,0.5010119539284621,0.04152428565821995
0.4589622292653606,0.5045223750880293,0.03651539564661004
0.43877989032431186,0.5243205369567808,0.03689957271890735
0.455922324139555,0.506796287034329,0.037281388826116035
0.46450443304831546,0.4991493238261845,0.036346243125500194
0.5047053732957978,0.4554794710116312,0.0398151556925709
0.46699249476930144,0.4924695562257287,0.04053794900496966
0.5389358372847424,0.41353500434307405,0.0475291583721836
0.4555182995370499,0.5068724061235723,0.0376092943393778
0.44844185406136877,0.5085783551108211,0.04297979082781011
0.4731330829463288,0.48985301332770814,0.03701390372596304
0.4585923798916261,0.5014051682985172,0.04000245180985653
0.4410918305443389,0.5113295917189584,0.047578577736702744
0.47968202629871487,0.48166222030239997,0.038655753398885
0.457264468579806,0.4996088966645325,0.04312663475566144
0.45244897563624126,0.5117291098036356,0.03582191456012305
0.4408550831641965,0.5115547983755502,0.04759011846025321
0.45259561572360746,0.5031499979761059,0.044254386300286754
0.48111323918190074,0.48214173276233147,0.03674502805576755
0.512621130783022,0.4511804935531265,0.03619837566385145
0.7589487547183095,0.2091460775469584,0.03190516773473224
0.4523103444143511,0.5099528390824702,0.037736816503178484
0.3949732465331561,0.5678687605323769,0.03715799293446715
0.4803963312491274,0.483638810857303,0.035964857893569714
0.4209355214062815,0.535511508019539,0.04355297057417938
0.42473280716570216,0.5374741355015298,0.03779305733276829
0.43983087219229133,0.5184814794786728,0.04168764832903569
0.4297838143701481,0.5240151116853577,0.04620107394449418
0.4298348728577886,0.5239833852019146,0.04618174194029702
0.42325994197518146,0.5339951259579286,0.042744932066889736
0.46981664025725023,0.4914489075497965,0.03873445219295329
0.4153079726090363,0.5453646089268296,0.039327418464134324
0.43826306625056954,0.5237985777175802,0.03793835603185026
0.385182876755305,0.5721205015224567,0.042696621722238016
0.3916002817150682,0.5615704026300167,0.04682931565491525
0.4470951180825361,0.5105674241882472,0.0423374577292166
0.4598326083208643,0.5014359793840433,0.03873141229509231
0.429575521956061,0.527617016275008,0.042807461768931125
0.4474127316683027,0.5054765631918805,0.047110705139816786
0.4384460205953241,0.5154927997780965,0.04606117962657944
0.4552610902786723,0.5052779415341553,0.039460968187172554
0.5437644153163698,0.4127574415394211,0.04347814314420912
0.43858356492286393,0.5230817792895552,0.03833465578758083
0.5178549732554252,0.44259858301635535,0.03954644372821961
0.46637478056802256,0.4878788866913819,0.04574633274059561
0.4524972254624082,0.4996469277303507,0.04785584680724122
0.460376841211912,0.5000306463376026,0.039592512450485236
0.45376198850682065,0.5086095650854681,0.03762844640771128
0.4047608809769836,0.5542936371205015,0.04094548190251484
0.44086464484785925,0.5212829425217967,0.037852412630343724
0.43636802612368775,0.5168353651737112,0.04679660870260118
0.508369254653061,0.44508119459493983,0.04654955075199927
0.47172243046512813,0.4860048592060831,0.04227271032878868
0.46584683909888797,0.499378953957271,0.03477420694384096
0.4569332121969258,0.5029605143330235,0.04010627347005076
0.42752712260559195,0.5324342397227094,0.0400386376716986
0.5059202333441702,0.45573440517029323,0.03834536148553639
0.4444685265973888,0.5112764399777101,0.044255033424900975
0.4730388469532855,0.4800560912765408,0.046905061770173596
0.4909775219822524,0.4716997668317453,0.03732271118600238
0.45670004134378783,0.5068119172756896,0.03648804138052245
0.4766013223959994,0.4844227329141437,0.03897594468985708
0.6648424002049659,0.2932102625493478,0.04194733724568614
0.44309532287407544,0.5177029634821159,0.03920171364380866
0.45087886526679477,0.5131944675570311,0.03592666717617397
0.44569123130002025,0.512585923892553,0.04172284480742672
0.45157303327493137,0.5118478883192855,0.03657907840578319
0.45605363265647436,0.4982041712180798,0.04574219612544589
0.4479710458847194,0.5123536019519315,0.039675352163348915
0.4331205234462313,0.5206024733649565,0.04627700318881238
0.48384501590496026,0.4751609318251125,0.040994052269927216
0.42420791313610684,0.5326593179236137,0.04313276894027953
0.45959044016569167,0.5044727466124855,0.035936813221822794
0.4666785177407454,0.4900725847231986,0.043248897536055785
0.4266638165227266,0.5359081217196614,0.0374280617576122
0.4486918371390231,0.5132491201524584,0.03805904270851846
0.4379778066988039,0.5244286369877457,0.037593556313450474
0.29370189424522614,0.6690802752978575,0.03721783045691631
0.2690164265161241,0.6968324289461056,0.034151144537770246
0.4371066268199534,0.5161766998646984,0.04671667331534817
0.42335047407848236,0.5351966336319632,0.041452892289554684
0.46711028582224295,0.49676846247729856,0.03612125170045848
0.4312773594804084,0.5288961133218946,0.03982652719769691
0.5153521654583507,0.4495180895372723,0.035129745004377
0.4341714110269913,0.5274524547586209,0.0383761342143879
