0,1,2
0.5013691356526934,0.4740090051032346,0.024621859244071856
0.4420643135131532,0.49287429302111746,0.06506139346572945
0.4394021700071732,0.5506556986179987,0.009942131374828363
0.4995260278014467,0.4846564440891372,0.01581752810941625
0.49309343762164576,0.49350825803256393,0.013398304345789919
0.5349246663296039,0.4489828069978665,0.01609252667253028
0.4018901344176728,0.4235863828907635,0.17452348269156404
0.439360625572306,0.47500700182170413,0.08563237260599049
0.43244475945176525,0.5632313965090062,0.004323844039228502
0.5622272147971407,0.424477382946625,0.013295402256234237
0.4267292992776978,0.5622497517070989,0.011020949015203103
0.4620162770310139,0.5288704962568102,0.009113226712175583
0.4574425506574468,0.5314154879337427,0.011141961408809702
0.4528283834906342,0.4916252040759042,0.05554641243346159
0.48033851909274405,0.5095055644610036,0.010155916446252859
0.4640329757843356,0.5294665800326857,0.006500444182979077
0.4714734675145721,0.48362637591136515,0.04490015657406284
0.4767571817172552,0.4839978913624351,0.039244926920309585
0.47122397587069614,0.5034310904036059,0.02534493372569842
0.4508391539376497,0.44318839180876407,0.10597245425358649
0.5404746011534171,0.43811292347783654,0.021412475368746624
0.4924235048787331,0.48056885760464507,0.027007637516622433
0.4485482392024171,0.5306823068360079,0.020769453961575535
0.543139958549102,0.4474702419203597,0.009389799530538487
0.28272291159378105,0.24309408670573746,0.4741830017004809
0.4300614500077539,0.5588469703767152,0.01109157961553172
0.46888752999887795,0.5231067882710663,0.00800568173005608
0.24536546893900668,0.20642896398874233,0.5482055670722505
0.3823519488280376,0.5581109170051605,0.059537134166802105
0.5128640545253784,0.46502400616954,0.02211193930508131
0.4490622228384148,0.5312736631438062,0.019664114017779566
0.4539519348965668,0.5345747427068148,0.011473322396617698
0.4773681931627429,0.5134682307245504,0.009163576112707052
0.4852415959864595,0.4806062561649031,0.03415214784863782
0.48477080695490354,0.5082095708782619,0.007019622166835432
0.4852809015701086,0.4877506911780937,0.026968407251798325
0.5312451300855843,0.46201065592191365,0.00674421399250236
0.31982921816160115,0.4410125646553234,0.23915821718307487
0.47343751872150014,0.5114318113559295,0.015130669922570342
0.46679931255077484,0.4679848034888454,0.06521588396037985
0.4775344457140912,0.4383427301360702,0.08412282414983828
0.45883068483893125,0.5320023776590198,0.009166937502049523
0.4733845474984153,0.5165346390788773,0.010080813422707353
0.1885257434463131,0.15587941723044763,0.6555948393232401
0.4613228655001145,0.5118723567208247,0.02680477777906106
0.4588354657436332,0.5268580139842619,0.014306520272104935
0.4246454089026006,0.5431143297567838,0.03224026134061476
0.45974347439269886,0.5271584066315427,0.013098118975758822
0.48204447058471034,0.5064311996057008,0.011524329809588535
0.43182992006793136,0.5125951064903975,0.05557497344167155
0.5093861056569902,0.47295488719341816,0.017659007149591108
0.47511932289086156,0.4947205017248131,0.03016017538432566
0.42379090517682066,0.5367058118192293,0.03950328300395031
0.4262054324001781,0.5202085152430853,0.05358605235673576
0.46835979715332166,0.5227100655424423,0.008930137304236299
0.47071761533163575,0.5163042232394747,0.01297816142888929
0.4744859360243818,0.5126044767051587,0.012909587270459589
0.4730522870541089,0.517273615177287,0.009674097768604593
0.43574515943825737,0.5502174340643412,0.014037406497401103
0.5494809092530224,0.43337734808482653,0.017141742662151235
0.48053707234259213,0.5081426896959548,0.011320237961453341
0.39990854038411616,0.5754012671782326,0.024690192437650964
0.45968372705546584,0.5101413882927917,0.03017488465174208
0.47109503345118225,0.5217344011688604,0.00717056537995711
0.4227047951785965,0.5708437562834575,0.006451448537945591
0.4140673609478195,0.4024976899030887,0.18343494914909217
0.3541760451817916,0.42796365993144075,0.21786029488676778
0.44682274337987316,0.46475976997857193,0.08841748664155491
0.46224471844921133,0.5315912299083191,0.006164051642469496
0.5102754203984717,0.4476204542055712,0.04210412539595781
0.4729150696410207,0.5038985133067574,0.02318641705222146
0.5037151574276241,0.4691374811185328,0.02714736145384314
0.4526569723433379,0.48947720408765316,0.0578658235690094
0.39048326509876474,0.5128225274293661,0.09669420747186948
0.46250430525735936,0.5155241105959796,0.02197158414666163
0.5288144001322772,0.4603039426213475,0.010881657246375522
0.35061387977987046,0.32112306395257595,0.32826305626755403
0.43617953896794104,0.5529055444217675,0.010914916610291796
0.446214827074963,0.5282333079847634,0.025551864940273315
0.6177332039059279,0.37231696221463717,0.009949833879434499
0.31682717143765043,0.679104243188164,0.004068585374185981
0.3663519632127397,0.6085973341284672,0.025050702658793157
0.4040052462331608,0.5837417981164083,0.012252955650431826
0.5122917415396835,0.48213236540130766,0.005575893059008718
0.4872108261421811,0.45723367451093727,0.05555549934688196
0.25632700180461626,0.7431566419905905,0.0005163562047930789
0.41654960962773174,0.5749326007463321,0.008517789625936589
0.5118577141058264,0.4709277814133494,0.017214504480824087
0.49753867525459183,0.49628346070005763,0.006177864045350334
0.3287619783527912,0.6681734391851009,0.003064582462108125
0.48318225432949075,0.5029171191228251,0.01390062654768342
0.4848580488302478,0.5103138817739185,0.004828069395832895
0.4130576575364679,0.5713577471064053,0.01558459535712736
0.7165779261406503,0.27969824799169707,0.0037238258676525393
0.48696416350773386,0.4869886359449918,0.02604720054727441
0.5792852850736301,0.381317250449485,0.03939746447688532
0.4617841946051813,0.5292318026648428,0.008984002729975835
0.4833003338702175,0.511827762218637,0.004871903911145628
0.45318026534312233,0.5356282664110383,0.011191468245839067
0.45885778871879335,0.5259923365723593,0.015149874708846548
0.3587003147729973,0.5239361846907017,0.11736350053630054
0.34826107071049733,0.3436964702796041,0.30804245900989835
0.42455567949799444,0.5451188345274903,0.03032548597451604
0.40483472542469773,0.5897279037110614,0.005437370864241143
0.4340572225526339,0.5600202827534092,0.0059224946939566816
0.3683197679990922,0.3552144411737116,0.2764657908271963
0.8286377170909711,0.17045302622560704,0.0009092566834220839
0.40214768497920395,0.3257556802002183,0.2720966348205781
0.4434881800785432,0.49836934200410765,0.05814247791734824
0.5244790706458514,0.47120612703792036,0.004314802316228169
0.4364248338354271,0.5465709470728184,0.017004219091753772
0.38673198393410346,0.6092983881344969,0.003969627931399684
0.01697860129741497,0.009309851989079848,0.9737115467135056
0.5110520862992984,0.44883556662844853,0.04011234707225386
0.5584904323253213,0.41556615650471895,0.025943411169958876
0.4841769309712195,0.4616925588310748,0.054130510197705234
0.4536113765683183,0.5136208456811219,0.032767777750559654
0.4867353889362678,0.5081497983706605,0.00511481269307214
0.487856689505838,0.432460122349648,0.07968318814451487
0.4081851934974536,0.5845681040690734,0.007246702433472423
0.44652192513596256,0.5406617193034249,0.012816355560612874
0.42572719168166007,0.5646490336414889,0.009623774676851776
0.4708711968229625,0.44277864068415024,0.08635016249288742
0.4860155232623977,0.509448633650703,0.004535843086898619
0.42564997779857006,0.5589750459642971,0.01537497623713314
0.4528001114251658,0.5218895635995796,0.025310324975254834
0.44441488791088646,0.5274161527682489,0.02816895932086415
0.3954843417359424,0.5283935078090364,0.07612215045502045
0.4515776379257584,0.4869422546978048,0.06148010737643703
0.4140565522684339,0.5510835225383736,0.03485992519319264
0.4554179250162211,0.5237517818320735,0.020830293151705245
0.46328078168457376,0.5056393792477681,0.03107983906765864
0.41072350862150103,0.4604588308297904,0.12881766054870816
0.45416312419439014,0.5221491876062581,0.023687688199351475
0.4339414578271571,0.5467125920290874,0.019345950143755116
0.537846141333427,0.43482481453869276,0.02732904412788094
0.450415369158359,0.5345942522598578,0.014990378581783544
0.4535758351813616,0.5079841795296648,0.03843998528897413
0.46416046845063286,0.5143845950171916,0.02145493653217534
0.3908103191243395,0.5684512284624578,0.04073845241320309
0.4605094917361501,0.5263714392566421,0.013119069007208078
0.4510993991484369,0.5393521147495163,0.009548486102047074
0.5603170672106628,0.42938437047413985,0.010298562315196765
0.2670518372000409,0.7313657890480498,0.0015823737519098178
0.4352519923801855,0.45308428490134695,0.11166372271846706
0.5130672167223103,0.4757878340813245,0.011144949196365111
0.45691417702276,0.5357145929648066,0.00737123001243359
0.46505394281133533,0.4946384390622375,0.04030761812642631
0.5034958293843385,0.48076406999837923,0.015740100617281694
0.4633536902013874,0.5040235977347883,0.032622712063824486
0.5268023109279376,0.4604484233584717,0.0127492657135906
0.46072550355729086,0.5249199048924076,0.014354591550301367
0.5249445980985142,0.4701761924519391,0.004879209449546498
0.44335665484983744,0.5532747563348454,0.003368588815316445
0.40929295400665705,0.561604536917872,0.029102509075470025
0.4407519047507236,0.48870077830830067,0.07054731694097605
0.46470943753888166,0.49724463425953236,0.038045928201585734
0.40975464008597756,0.5817374338998603,0.008507926014162002
0.46475845621305406,0.5084256776559639,0.026815866130981882
0.3843123349089392,0.4134211854194753,0.20226647967158523
0.436656754333872,0.5485557470881186,0.014787498578009112
0.35005421221834726,0.6433711745806143,0.006574613201038862
0.46137901092488576,0.5238183786235922,0.014802610451521392
0.4017300365691024,0.5933111249899559,0.004958838440941925
0.46087755715524864,0.5313610388205185,0.0077614040242323466
0.4872626793009666,0.5021516517687563,0.010585668930277034
0.32352104166718393,0.6683641330581988,0.008114825274616506
0.36813222222360115,0.6254277994120897,0.006439978364309485
0.5038619164240743,0.48920260039848584,0.00693548317743961
0.49995073277016666,0.47392750774326314,0.026121759486570764
0.3914151682616899,0.5672701058495282,0.04131472588878112
0.4305893070898573,0.4697417418538557,0.09966895105628634
0.4518025772812525,0.5377325100833937,0.010464912635353306
0.4788831187071433,0.5060918289226212,0.015025052370236215
0.45517702410844363,0.5245625484042645,0.02026042748729154
0.44309071287228613,0.5397334088618138,0.01717587826590089
0.4604378399138919,0.519183249929716,0.020378910156392385
0.4112767371165747,0.5500220560046775,0.038701206878747556
0.5098928666788547,0.48480035733798776,0.005306775983158484
0.32904378077687013,0.35778736181833753,0.3131688574047931
0.4838245006039216,0.4826698675124685,0.0335056318836101
0.4679881694699396,0.49273477431261625,0.0392770562174439
0.46759173958477196,0.5056478847318806,0.026760375683347132
0.47898555284088934,0.47943204442748416,0.04158240273162566
0.5358766264926543,0.45897497631386003,0.005148397193486213
0.4383517756742225,0.5576920932641963,0.003956131061580409
0.5013283935539385,0.4790478525699338,0.019623753876127855
0.44722960855478383,0.5000972367266965,0.052673154718519924
0.4401594350210595,0.5022501565946424,0.05759040838429749
0.44850676486996194,0.5437435162295917,0.0077497189004461795
0.47109933202796356,0.5105353396721936,0.018365328299843244
0.46222050343942955,0.5316225878008805,0.006156908759690405
0.48896884083125286,0.5064732147741079,0.004557944394639463
0.5361897269733455,0.45557883133933963,0.008231441687315249
0.5339264430314205,0.4447977500487183,0.021275806919861612
0.28681365069805237,0.7091431478726983,0.004043201429250022
0.27749827034814223,0.2851974423924674,0.4373042872593896
0.13567474402126858,0.8643244176849522,8.38293782732862e-07
0.4455567359075427,0.5362152729784438,0.018227991114013724
0.45397923364210585,0.5200234864932857,0.02599727986460895
0.4157498019741373,0.5231232678041703,0.06112693022169184
0.4574697449630779,0.527611485601789,0.014918769435133527
0.48067759769743335,0.4922466224718907,0.027075779830675845
0.41016486843162264,0.5807340308262596,0.009101100742117604
0.3759077139331802,0.6090162995454808,0.015075986521339665
0.4626782823746467,0.39467353969157126,0.14264817793378282
0.4607044228405965,0.4333918912478252,0.10590368591157875
0.3818888716627713,0.615247829290551,0.0028632990466785748
0.4379572014005781,0.5346098364940025,0.02743296210541941
0.48526000401190655,0.5041007913391649,0.010639204648928416
0.45422968005576486,0.5255844003010796,0.020185919643155643
0.324657467577873,0.447748865929573,0.2275936664925537
0.44341494768107514,0.5208777776256269,0.03570727469329713
0.48677884373470964,0.46735088849705325,0.045870267768236606
0.4489584936859428,0.37591209403044185,0.17512941228361575
0.5381127071695977,0.4532228494102378,0.008664443420164284
0.4234240738698277,0.5623478483541892,0.01422807777598358
0.390309819256621,0.5665365838901416,0.04315359685323742
0.4589574556921184,0.5194824348041167,0.021560109503765294
0.4340790231129194,0.5604402154380109,0.005480761449068823
0.4131228664930507,0.5709642473905477,0.01591288611640169
0.4921528560530439,0.5020409461757706,0.005806197771186187
0.569492896272507,0.4121848841830603,0.01832221954443216
0.517446957690481,0.4623419415547603,0.020211100754758734
0.45647053744613986,0.5348057229027002,0.008723739651159952
0.4706393022999926,0.5169879219288303,0.012372775771177331
0.5163825212417937,0.4711559879559137,0.012461490802291867
0.41142096943733236,0.40049543088277173,0.1880835996798957
0.4328623273131052,0.554251571386542,0.012886101300352412
0.5183022915803882,0.4655243342560488,0.01617337416356335
0.33449163951717764,0.6622824634723626,0.003225897010459278
0.36314148287503495,0.5508817030500025,0.08597681407496231
0.46802156779293475,0.4911228957948085,0.040855536412256366
0.46759562927925047,0.5076944520995711,0.0247099186211786
0.45200949751182184,0.4593188911643283,0.08867161132384938
0.47751285950189376,0.37491675579595257,0.1475703847021542
0.46204766844928546,0.5280464446165728,0.009905886934141751
0.22222805408161117,0.1797575678644159,0.5980143780539725
0.44118770898755183,0.5179220255306122,0.04089026548183625
0.45394567605517383,0.5345268610201047,0.01152746292472089
0.4108971287629012,0.5819487185553933,0.007154152681705421
0.42941661470932085,0.5590950670278815,0.011488318262797817
0.44878712378149394,0.5416252237285388,0.009587652489967716
0.41257914141332613,0.5795829616484379,0.007837896938235679
0.5146426841426741,0.4607219342725437,0.024635381584781752
0.43656814798558125,0.3994701391310081,0.16396171288341055
0.5042615953355399,0.45266979203726193,0.043068612627198744
0.4752777523796924,0.5150211131517163,0.009701134468591282
0.37439972883065126,0.5530670297535687,0.07253324141577966
0.46214906635247816,0.3890374714461245,0.14881346220139716
0.4513602345799474,0.4889387129108782,0.0597010525091746
0.490973093734753,0.49885223317097266,0.010174673094274606
0.48728163013552556,0.5016415782309304,0.011076791633544414
0.45571452257003375,0.4833262617616927,0.06095921566827386
0.44057530199277517,0.4689706235135825,0.09045407449364212
0.4563947341306323,0.5365450074082835,0.007060258461083906
0.4709605145238666,0.517852163213692,0.011187322262441507
0.4696138286885644,0.5218171675746704,0.008569003736764941
0.28176422866534195,0.21737773573343605,0.5008580356012228
0.44779810524102415,0.5316165260981759,0.02058536866079998
0.4430134168340788,0.5425644924441363,0.014422090721785017
0.47950601634508383,0.5153565595515541,0.005137424103362628
0.4930625125387572,0.49651673835495125,0.010420749106292246
0.6520581901601671,0.3376569766737809,0.010284833166051185
0.46583662010346866,0.5101168580097902,0.024046521886741126
0.5566042815840971,0.42901659853994534,0.014379119875957464
0.4625808275075849,0.5175533558292075,0.019865816663207494
0.4683973985974544,0.5223699553577026,0.00923264604484247
0.5297754001790675,0.4644401559597691,0.005784443861163171
0.518808465742238,0.4724816281049439,0.008709906152818468
0.46625328259778726,0.5295268751368426,0.004219842265370962
0.4464718011251392,0.5424140710705725,0.011114127804288639
0.4424502989596781,0.5527189134075532,0.004830787632768868
0.49392430242165786,0.4920459557778724,0.014029741800469531
0.4809891916748455,0.43911698174093017,0.07989382658422424
0.4633029478683552,0.5161439814852753,0.020553070646369125
0.4433397409455536,0.5393253834576889,0.01733487559675754
0.45446232782979123,0.5172271279577857,0.028310544212423527
0.44731521625870413,0.5426175779347284,0.010067205806567633
0.4302526962477647,0.558532643286039,0.011214660466195549
0.46311375011942274,0.5259538037220303,0.010932446158546792
0.4768737428804391,0.47761342211849056,0.04551283500107094
0.45187999169296467,0.5433368372805104,0.004783171026525352
0.4806445139866134,0.5048846637866076,0.014470822226778613
0.48097490098291934,0.5007451706222696,0.018279928394810938
0.41787632616695797,0.49968956165411466,0.08243411217892734
0.46160706191881695,0.5165179345501802,0.021875003531003207
0.4427747071286978,0.540765368410376,0.016459924460925698
0.4241527781552603,0.5290994478272625,0.04674777401747658
0.34424402881096133,0.6546867516618482,0.0010692195271910984
0.301648611220785,0.6979632401399432,0.000388148639271912
0.4422864201605675,0.5524987082156539,0.00521487162377887
0.47248334444696766,0.5018260505487228,0.02569060500431036
0.43324560098821774,0.49135062810491764,0.07540377090686473
0.4637613662392117,0.4179111389196809,0.11832749484110792
0.43014836586952987,0.5613791889381761,0.008472445192293778
0.47625634300398856,0.5183080732975076,0.005435583698504274
0.4330905607412089,0.5630740696386237,0.0038353696201680484
0.4700968863197341,0.48115154118999964,0.04875157249026686
0.42024499951577776,0.3550893325948158,0.22466566788940665
0.5107529567863606,0.47935441221583014,0.009892630997810046
0.44483935263269875,0.5343511773931613,0.02080946997413978
0.4248866472649174,0.5475097951770106,0.027603557558072065
0.4126100995753639,0.4787469992182103,0.10864290120642535
0.48669101197659215,0.5033690572760807,0.009939930747326731
0.49672209202630546,0.487908557402188,0.015369350571506206
0.45296116462234737,0.4142461911165992,0.13279264426105353
0.4551100063664804,0.5263786616894965,0.018511331944022318
0.4328902243309768,0.5077189858101976,0.059390789858826544
0.46447149178073627,0.521972011002712,0.01355649721655211
0.5614336167665359,0.4328919042027178,0.0056744790307459445
0.5046204439817124,0.4435878299102477,0.05179172610803948
0.46332853924137557,0.5227598437107188,0.013911617047905797
0.45184012734822265,0.5295207817265303,0.01863909092524743
0.47169856351313233,0.524854253189475,0.003447183297393119
0.5143571824496226,0.4759454798118853,0.009697337738491766
0.293078803727482,0.7037103517259596,0.0032108445465579
0.5301071152976322,0.46401724619946905,0.005875638502898802
0.42021646140850805,0.5718727121336465,0.00791082645784546
0.4476600044219616,0.5205255484295167,0.031814447148521614
0.31536653008725246,0.41338359440555605,0.2712498755071916
0.4120205580680289,0.5699803890925782,0.017999052839392387
0.3995713403717365,0.3817922914998437,0.21863636812841955
0.5290385678126532,0.44912464969946575,0.021836782487881297
0.48552099020078066,0.5022484226476109,0.012230587151608723
0.42937889222449077,0.5270932305459949,0.0435278772295141
0.4548279503723807,0.520256773090023,0.024915276537595517
0.40187695792167083,0.5598962847559592,0.038226757322370734
0.4510043417730459,0.5317629694579289,0.017232688769025062
0.4929043770478605,0.49573207453583723,0.011363548416302455
0.3876886660183174,0.439928391370796,0.17238294261088571
0.5362961066740907,0.3878935765306404,0.0758103167952696
0.5036009282880757,0.4880735954724099,0.008325476239515147
0.42126180863414553,0.5557922794078701,0.022945911957983716
0.03685930250819432,0.016976889224876918,0.9461638082669284
0.5351816927538079,0.45980093816211126,0.005017369084081186
0.47525157896702563,0.5191212342128527,0.0056271868201209435
0.4651687202693293,0.4337311972793987,0.10110008245127203
0.49184420650555893,0.48849077479152336,0.019665018702917793
0.4915233696782677,0.3656101867912436,0.14286644353048789
0.476497451554761,0.4502239659842005,0.07327858246103836
0.4150121175621234,0.5389561321844171,0.046031750253459444
0.4704905668189401,0.520391852050668,0.009117581130392448
0.5281373450125766,0.46708632225529273,0.0047763327321313585
0.5327543897701592,0.45589988314965985,0.011345727080180577
0.39779695205017934,0.5054525585742149,0.09675048937560565
0.46286915048841004,0.517166625143745,0.019964224367844976
0.4018516039637741,0.5718886413041094,0.026259754732116055
0.4127449040338796,0.5849083020624433,0.002346793903676865
0.3454891283158908,0.6499954599146656,0.004515411769443538
0.4295663460565748,0.5472106717398898,0.023222982203534574
0.45823131126772737,0.5278526218879543,0.013916066844318441
0.36346652213846553,0.6328303717294952,0.003703106132039262
0.45731891828202764,0.5259210201674923,0.016760061550480185
0.4557117458479887,0.5352432685456076,0.009044985606404161
0.4569847163539954,0.530876049655808,0.012139233990196617
0.42774969912049843,0.5585842544752279,0.013666046404274063
0.465721712434114,0.5211357010173041,0.013142586548581919
0.4537737224275239,0.5244299028820373,0.02179637469043843
0.4681583777387121,0.5247789043410142,0.007062717920273943
0.45126297165754675,0.5289700476148084,0.019766980727644344
0.3786924859936012,0.3341810600178194,0.2871264539885794
0.4674382065183248,0.505286649741889,0.027275143739786012
0.45531338653734044,0.5074725656777969,0.03721404778486261
0.45700053764198845,0.47297921223539574,0.07002025012261542
0.4833468109641869,0.5089684943976718,0.0076846946381416035
0.5123284100605686,0.47508662646422833,0.012584963475203503
0.45379201982347134,0.5343519037543386,0.01185607642219022
0.4545706005793868,0.5123256481788611,0.03310375124175298
0.5511871631749068,0.43713342221888285,0.011679414606211138
0.793199779669998,0.1698712856643848,0.0369289346656156
0.2617390173366502,0.7373895998033447,0.0008713828600045222
0.49226089461357125,0.4851326810381557,0.022606424348273153
0.5044234608618823,0.4707223912572771,0.024854147880839922
0.4946594211326273,0.4984337838123197,0.00690679505505276
0.48080332947055315,0.4930472161748484,0.02614945435459864
0.4562872012734003,0.5381539082518966,0.005558890474702858
0.49509866050169377,0.4950596006511928,0.00984173884711258
0.47561222111867174,0.48911665199535054,0.03527112688597804
0.6091789844904846,0.38198371409301785,0.008837301416497625
0.5220062554657453,0.473283094832981,0.004710649701272893
0.4833706995909517,0.5131494108541506,0.0034798895548974183
0.39023997211333633,0.6059276371584725,0.003832390728190589
0.5205849278197554,0.4609830977445569,0.018431974435688208
0.470475559203332,0.4869994894091617,0.04252495138750659
0.2989188195788398,0.3410645604575817,0.36001661996357875
0.4838286488355448,0.5079279395033132,0.00824341166114216
0.4668723375976132,0.5217054153934898,0.011422247008897041
0.46071419221546955,0.5299414589051722,0.009344348879358444
0.5259180226474699,0.46319507001624816,0.010886907336281674
0.45839461589834457,0.524330923083794,0.017274461017860784
0.44125211609315285,0.5483492543701605,0.010398629536687022
0.3736030660570786,0.6200164136251507,0.006380520317770713
0.4539078672747885,0.5222917932717783,0.02380033945343285
0.38127647958004546,0.3615930620613358,0.25713045835861803
0.44847715343331923,0.5397035506979037,0.011819295868777037
0.4759041761515132,0.5034154109622047,0.020680412886281814
0.49349852891432017,0.4784325535993586,0.02806891748632145
0.5588128096969036,0.4308492355425371,0.010337954760559914
0.4539027420679652,0.5301239524643488,0.015973305467686327
0.3761258855136756,0.6101939171082589,0.0136801973780656
0.3679815817911276,0.339892754003621,0.2921256642052509
0.4563635711243242,0.5394347511993437,0.004201677676331236
0.5193902948327319,0.478114452513263,0.0024952526540044147
0.39853123049387595,0.5777237183434843,0.02374505116263979
0.419001451357247,0.5039900237505942,0.07700852489215815
0.33281824057522724,0.6633397981460554,0.0038419612787167785
0.4320055089395897,0.5557179029747182,0.01227658808569202
0.47278178016825284,0.5110190477703469,0.016199172061400237
0.362005660501646,0.3121560595742065,0.32583827992414655
0.2508543233897671,0.18163288640775593,0.5675127902024777
0.37843929901733947,0.6143920155984507,0.007168685384209256
0.39366638210931054,0.5672749173392901,0.03905870055139925
0.4961977726489154,0.4898048582044503,0.013997369146634209
0.3849094452736177,0.6098380198827055,0.0052525348436766595
0.4349804457505161,0.5498721802703558,0.015147373979127963
0.43990624941302503,0.5391158216357055,0.020977928951270007
0.3918392234181128,0.5962930256795481,0.011867750902338879
0.10703517426943546,0.8929647622964548,6.343410669936494e-08
0.4047708012918214,0.5677116986725202,0.027517500035658452
0.4611004027878359,0.5079256973876006,0.030973899824563857
0.4402533318242388,0.5271088315094979,0.03263783666626253
0.5176588780563541,0.46924204116435436,0.013099080779291523
0.3923524400891751,0.5997514771607356,0.007896082750088445
0.4875304734448826,0.5051913132369384,0.007278213318178054
0.467525878035261,0.520142412762907,0.012331709201832379
0.3097012315993507,0.68808651681108,0.0022122515895697556
0.24382029824335505,0.749439911601432,0.006739790155212505
0.4909854214878642,0.4988355370050865,0.010179041507048604
0.4561148514777303,0.5351919164464215,0.008693232075847874
0.49234250835531523,0.48291145729875806,0.02474603434592702
0.45493496537388367,0.521537978422485,0.023527056203632237
0.4018435785656671,0.5628305192118824,0.03532590222245018
0.4594659053160897,0.5289960854930835,0.011538009190826634
0.46747758870791406,0.5008622693299727,0.03166014196211405
0.4067239832905843,0.46200274929632285,0.13127326741309323
0.3970711146034783,0.579769953086596,0.023158932309925162
0.44941101330134764,0.5154746238733091,0.035114362825343526
0.45183127454788463,0.5403140247564352,0.007854700695679595
0.5387265225220756,0.4584301420491185,0.002843335428806153
0.4042448196388443,0.5899530093684996,0.0058021709926553726
0.5421859821460786,0.45222435357298457,0.005589664280936924
0.46894502046587055,0.5160362497176744,0.01501872981645509
0.051120210793709105,0.03288185806489685,0.9159979311413945
0.5135379313366153,0.4740747552914171,0.012387313371967412
0.45244739665848976,0.49657187961748694,0.05098072372402394
0.40619983139964466,0.5724246617376473,0.021375506862708366
0.41383330984240335,0.5774802255210073,0.008686464636589102
0.45664599505009024,0.5308127612859863,0.012541243663923186
0.39081399753397494,0.5283004541880754,0.08088554827794947
0.4634490323453024,0.5274597126897749,0.009091254964922182
0.07614527198017595,0.9238547280198034,1.4125453027448852e-14
0.41545624872514564,0.5758999889983346,0.008643762276519808
0.4590773044580622,0.5266094359981316,0.014313259543805516
0.4669068709173293,0.5231784352513678,0.009914693831302808
0.4713813642248253,0.45482285239539344,0.07379578337978109
0.5076514098529773,0.47826203598964145,0.01408655415738075
0.3356605443335858,0.655005808737329,0.00933364692908516
0.41879759108531917,0.5733931807502741,0.007809228164406344
0.4629111788330372,0.5308046115744033,0.006284209592559259
0.47098888810148026,0.5156110378036759,0.013400074094843038
0.42873903632371246,0.5681959429247225,0.0030650207515649547
0.4428003978093638,0.547604148749375,0.009595453441261096
0.45818055917579525,0.5355826118789624,0.006236828945242855
0.6107028331246405,0.3870271479066508,0.002270018968708471
0.3024699812082575,0.6911046641467764,0.006425354644966725
0.3577231994526586,0.6338846888873412,0.008392111660000742
0.4163637394632259,0.4799857080290204,0.1036505525077535
0.471293027633957,0.5141633292928485,0.014543643073194347
0.4501940390849634,0.5424689602141434,0.007337000700892769
0.5271811718074917,0.4584438639564014,0.014374964236106461
0.4474521151603467,0.5464563756723911,0.006091509167261578
0.46959133857241603,0.5239709834522677,0.006437677975316546
0.47567070843699305,0.5037303714990818,0.02059892006392474
0.48044759486154337,0.5167895821147257,0.002762823023731737
0.4639056638562184,0.52981004688106,0.006284289262721752
0.4989585570431627,0.4901688791303936,0.010872563826442968
0.4551885235022614,0.5276334897276501,0.017177986770088225
0.48106087711261397,0.5042244569255657,0.014714665961819891
0.3435547828221947,0.5024996106509385,0.15394560652686728
0.44069635432019355,0.3171100810377277,0.24219356464207928
0.44504859426019666,0.5234256853199267,0.03152572041987614
0.46632918933515033,0.5258782587312255,0.007792551933624287
0.46569246577286577,0.5270153966794321,0.007292137547701681
0.5334761853842941,0.4514797059417407,0.015044108673965901
0.5130913659330298,0.41474399625844244,0.07216463780852776
0.5390843642140205,0.433367727489221,0.02754790829675813
0.4472737660128552,0.5295422434818706,0.02318399050527443
0.4347295728513747,0.5345099630257063,0.030760464122918992
0.5328404986772882,0.4416680466866587,0.025491454636052548
0.5416611316505597,0.4433778186147394,0.014961049734701073
0.46907851485530394,0.512394640257476,0.018526844887220163
0.27959674584101046,0.22215998480936777,0.4982432693496215
0.48205288244338507,0.510145309998065,0.007801807558549544
0.4006684063729743,0.5923154823830907,0.00701611124393472
0.41488178271165066,0.5741369849901359,0.010981232298213442
0.462390396628184,0.5268634019603775,0.010746201411438658
0.46268163423196496,0.5224136824807737,0.01490468328726076
0.4828309605914321,0.49335274033738974,0.023816299071178583
0.4781162920636223,0.49234667490856254,0.029537033027814415
0.45902647257884216,0.520615973149379,0.02035755427177804
0.4699236239801538,0.5146185459098434,0.01545783011000317
0.45248114721414157,0.39662019708571006,0.15089865570014915
0.36757705835005017,0.3684399360383431,0.26398300561160665
0.5567572427271785,0.430276770437845,0.012965986834975761
0.3390193291010448,0.41260336775807965,0.24837730314087467
0.5087521547435986,0.4741762261511973,0.017071619105204067
0.5009104326765816,0.4928129958856698,0.006276571437748106
0.4624194153490435,0.4858197012641534,0.05176088338680364
0.4687312194848979,0.5258051318414462,0.005463648673656093
0.4689143996719989,0.5231230447426306,0.007962555585370868
0.44755156645116345,0.5408814788955989,0.011566954653237918
0.4822182574025031,0.5072590708314771,0.010522671766019702
0.45857278256147876,0.5121684157437096,0.029258801694810904
0.4638150831483285,0.5219894726319845,0.014195444219686592
0.4406548621137444,0.5022376112724855,0.05710752661376955
0.5334635575041141,0.4530004843027159,0.013535958193169715
0.4233377935742247,0.5598330357240157,0.016829170701759436
0.4849948687774643,0.5032875130282471,0.011717618194288796
0.5045241753487325,0.47928173094957666,0.016194093701690334
0.5116814661636597,0.4664847880962745,0.021833745740065396
0.4546414059918105,0.5383425271824918,0.007016066825697878
0.46174854176472757,0.5103529600678399,0.02789849816743321
0.5599122251629691,0.4289687168742064,0.011119057962824365
0.4819164751845063,0.44576267192493996,0.07232085289055357
0.4694643757071189,0.5168585309440865,0.013677093348794406
0.27221055262465826,0.7229907308117485,0.004798716563592502
0.6075667058592451,0.36482180614233484,0.027611487998420062
0.7178534793140307,0.2768345552353257,0.005311965450643787
0.47687096195545625,0.503024573564261,0.020104464480282525
0.463923922375057,0.5211585329865227,0.01491754463842091
0.43736530843691385,0.5402599290151863,0.0223747625478999
0.4514732186016131,0.5165683084674249,0.031958472930961344
0.474134950647757,0.5201691468819021,0.005695902470341854
0.5142847402613645,0.46629744319169364,0.019417816546941847
0.31277548359184143,0.6815602620842839,0.005664254323873925
0.46000408111226787,0.523945056531483,0.016050862356249765
0.4495465505937657,0.41359037106263813,0.13686307834359557
0.3694203231349275,0.6233509489826167,0.007228727882455546
0.4266742656966857,0.5195801164192938,0.05374561788402065
0.46087478482240735,0.5203280861177979,0.01879712905979518
0.5033608561773298,0.48844450726592725,0.008194636556743226
0.3201663989742241,0.3640224042946437,0.3158111967311321
0.4270335145069576,0.5685553968933343,0.00441108859970763
0.5375245976106038,0.454330990125897,0.008144412263499946
0.35241129904015617,0.5613258053038396,0.08626289565600416
0.34935523551711656,0.6410983150369192,0.00954644944596432
0.4754042996890591,0.5122639943099405,0.012331706001000036
0.4484798204832426,0.5451097856272583,0.006410393889499544
0.4000815720547238,0.592478863271346,0.007439564673929531
0.42805942673208347,0.5619587198031477,0.009981853464767956
0.482668487856133,0.5047894167305884,0.012542095413278307
0.5032259521886308,0.4522610013828702,0.04451304642849818
0.3864602310571317,0.5984519990908727,0.015087769851996533
0.4215499477791576,0.5112289993904151,0.06722105283042817
0.46483289079510864,0.5274004696539268,0.007766639550964954
0.5044839218781265,0.46607656670116615,0.029439511420708286
0.4835024222507793,0.49096257742916344,0.025535000320056525
0.4690578043017403,0.5187731430798869,0.012169052618372244
0.42235195292855376,0.5730493693821541,0.004598677689292029
0.46932406049125125,0.5149906495868046,0.015685289921943887
0.4783169326335407,0.5143433702705994,0.007339697095859954
0.4290191424137855,0.5545191197909919,0.016461737795223037
0.5364498056404333,0.45025438680157265,0.013295807557993741
0.12357957827650327,0.09315491492806482,0.7832655067954316
0.4780841746808336,0.504280585875874,0.01763523944329276
0.4821271983204997,0.47556946284723134,0.042303338832268673
0.4074925333064163,0.5752501529773381,0.01725731371624481
0.39652560843935475,0.5987722531337852,0.004702138426859914
0.48615809856938935,0.4997243539178971,0.014117547512713966
0.47017510952157326,0.5196915205708522,0.010133369907573924
0.43463150071646267,0.563414366533793,0.0019541327497438533
0.48659860024263807,0.4751665163117039,0.03823488344565769
0.485785647055811,0.5020696509348461,0.01214470200934289
0.44225418475732925,0.5232027917181886,0.03454302352448146
0.38045806265260484,0.5788868368926139,0.04065510045478149
0.40279378644385694,0.5913575137274997,0.005848699828643158
0.535344791616999,0.43683867596482334,0.02781653241817744
0.6021561467569309,0.38870067035015815,0.00914318289291023
0.5141691867358196,0.4798158427065204,0.006014970557660116
0.5775819429350622,0.4149517459084804,0.00746631115645814
0.48274015251746205,0.46410434532612727,0.053155502156410725
0.43132633053352004,0.5457081533304813,0.022965516135998353
0.46577415104212866,0.4733394488783893,0.06088640007948183
0.4742144578034277,0.4928543397013718,0.0329312024952007
0.37285057838929,0.2784031979721027,0.3487462236386074
0.4689091077155936,0.4989254867996445,0.03216540548476218
0.08806509947286374,0.06249299571823617,0.8494419048089001
0.503356751057329,0.4738788579684453,0.022764390974224925
0.4615521523333057,0.5274048628043887,0.011042984862306036
0.44476588734795525,0.5309868154157872,0.024247297236258198
0.18638195995810197,0.1508037956164127,0.6628142444254855
0.4848878539113634,0.504949395901337,0.010162750187299037
0.46470360941981376,0.5043258271792107,0.0309705634009756
0.395025159650847,0.5912398636396634,0.013734976709489503
0.4745285906032106,0.5153681418193297,0.010103267577460466
0.5070665503720274,0.46443630122352575,0.028497148404447
0.4581702708185134,0.5306059694199693,0.011223759761516985
0.4608482434652553,0.4596636094171365,0.0794881471176091
0.432587423863462,0.5524248829885106,0.014987693148026896
0.4192029881284537,0.5567982179812686,0.023998793890277228
0.5077167731646369,0.4706619945949669,0.021621232240395676
0.47554138916032074,0.5171910467939466,0.007267564045733071
0.42626745346927014,0.5666954869095947,0.007037059621134831
0.42088723722410964,0.5572831142605624,0.021829648515328762
0.4212836935279725,0.5656188307273007,0.013097475744726706
0.45615698874858296,0.5297948958944239,0.014048115356993452
0.38618852226431927,0.6009358115045045,0.012875666231176098
0.4251637456640941,0.5574107600216388,0.01742549431426713
0.4463374445821702,0.5326521708095605,0.02101038460826954
0.49605848769429556,0.4975361267630434,0.006405385542660301
0.43260186016154795,0.5272546842878044,0.04014345555064795
0.4378382240510967,0.5160120561987186,0.046149719750184004
0.4641281151607679,0.5200016566135612,0.01587022822567074
0.4439127858593312,0.5453965547764336,0.010690659364235178
0.42700882495379217,0.43646542831594387,0.13652574673026352
0.11286212257066534,0.0678592967658102,0.8192785806635249
0.49034198306995724,0.491221992955826,0.018436023974216263
0.45976685953689267,0.5290938174782952,0.01113932298481248
0.39661839591801307,0.5772003082585614,0.026181295823425762
0.4769916862665828,0.5156417781136948,0.007366535619723216
0.4678706690779311,0.522580933609852,0.009548397312216574
0.39917084318202334,0.3881896065768234,0.21263955024115383
0.742724589347896,0.2498056040411653,0.007469806610938242
0.5041162650481037,0.4480168105321657,0.04786692441973056
0.43608704208537585,0.5555506340668875,0.008362323847736958
0.4853926033997027,0.5030305744962681,0.011576822104029662
0.47504266141273677,0.5033519486735244,0.02160538991373904
0.5359941773478141,0.4560444276051193,0.007961395047066933
0.4236885196796326,0.47565039009230514,0.10066109022806277
0.4851060247829965,0.43513341733460187,0.07976055788240194
0.4817829109867086,0.5148117140289392,0.0034053749843525618
0.611170105149145,0.3690502877822568,0.019779607068599048
0.5575134279989238,0.4330147538317459,0.009471818169331112
0.43461644870636806,0.3731509009746445,0.19223265031898665
0.5295358107838808,0.4629799337451857,0.0074842554709338505
0.4113898736188103,0.3558110445358426,0.23279908184534653
0.42690479269228276,0.5627657007959808,0.010329506511736275
0.42564247549549883,0.38535905710128654,0.18899846740321516
0.5185122502172207,0.47130569202329853,0.0101820577594803
0.4739270061122348,0.5101900119766357,0.01588298191112917
0.3610132268797565,0.2241687787518843,0.41481799436835864
0.3702753540834463,0.6054785582588182,0.024246087657736042
0.5276080905471734,0.45972131152508766,0.012670597927739361
0.3676961260181559,0.6244884156356313,0.007815458346212558
0.4968043813282993,0.45651534744357236,0.046680271228128754
0.4681314529413476,0.5223670180834663,0.009501528975185879
0.5060202240705391,0.474308343526602,0.019671432402859252
0.4373604211940352,0.533001989070582,0.029637589735383146
0.40630906678929773,0.5859105870790261,0.007780346131675717
0.48159000058825857,0.4813747605420792,0.037035238869662694
0.45358931312104206,0.540755011509563,0.005655675369395326
0.4140418957266013,0.4505635521720641,0.13539455210133533
0.5304819826844436,0.45955020749684483,0.009967809818711542
0.4567264661624373,0.5208797297620066,0.022393804075556027
0.423633713920969,0.5635112228088068,0.012855063270224633
0.46098643341087614,0.5341712989071129,0.004842267682010599
0.45825879100667594,0.5285763359805158,0.013164873012807608
0.4991459475695111,0.47166284767372735,0.0291912047567615
0.5292487209531057,0.4641309549376389,0.006620324109255666
0.4665056503117533,0.5235478817556846,0.009946467932561816
0.3614755668753493,0.612188175181511,0.02633625794313896
0.4880716278905587,0.49369972606534923,0.018228646044092387
0.5098729155867395,0.48459873150104926,0.005528352912211568
0.47024017848299243,0.5173986175637806,0.012361203953227404
0.47859268495108587,0.4981444299212829,0.023262885127631326
0.9058202425129186,0.09416530632716033,1.4451159922106198e-05
0.4345520777094681,0.5445991309676737,0.020848791322858485
0.4456283183503279,0.5404249082375838,0.013946773412088026
0.45621607072057896,0.4809418428447994,0.06284208643462223
0.4537899769538303,0.534859566249353,0.011350456796815877
0.4237727851507461,0.42678441533322636,0.14944279951602826
0.4242230035541856,0.5075386445012419,0.06823835194457172
0.4631650769477835,0.5309424931494352,0.005892429902781937
0.4716937342185818,0.5199751149717341,0.008331150809683809
0.32791424867781865,0.25091921619564383,0.42116653512653784
0.3510432084792369,0.42625347791938395,0.22270331360137952
