0,1,2
0.4599717176874655,0.4988468649928996,0.04118141731963495
0.4599795328055234,0.49884614168963676,0.0411743255048397
0.4598849210379762,0.4988990961319821,0.0412159828300418
0.4599995752943173,0.49882861547752966,0.041171809228152896
0.4599405450230275,0.4987967049188862,0.0412627500580864
0.46000435321872246,0.4988310135725308,0.04116463320874673
0.45982163998329323,0.4989382444562784,0.0412401155604286
0.45990746904577756,0.49888650684436503,0.04120602410985738
0.4598379320485872,0.49892660166511327,0.04123546628629968
0.45986893926845396,0.49890823011889324,0.041222830612652965
0.45980053238107294,0.4989505812569844,0.0412488863619426
0.4599691102796456,0.4988455990828265,0.041185290637527794
0.45994158287465536,0.4987673805947635,0.04129103653058109
0.45989247010733425,0.4988948465311208,0.04121268336154498
0.45993940697781405,0.49876786114986976,0.041292731872316336
0.45991386348560465,0.49888298621283816,0.041203150301557405
0.4599432847094872,0.49877362157797,0.04128309371254261
0.45981531435445583,0.4989407313176896,0.041243954327854465
0.46000603171768034,0.49883383848317375,0.04116012979914607
0.45994886052322614,0.4987788025509054,0.04127233692586841
0.45954623910973263,0.49934441430038873,0.04110934658987853
0.4599914967963549,0.49886671736037325,0.041141785843271744
0.4599534258420786,0.49882111079555763,0.04122546336236367
0.46001412791219237,0.4988808421503897,0.04110502993741799
0.4597966976111309,0.49895372717607306,0.04124957521279597
0.4600076973560116,0.4988363840082841,0.04115591863570433
0.4599472812656376,0.49877018851849036,0.04128253021587196
0.4599203554001038,0.498864107034756,0.041215537565140195
0.4599055382774063,0.49888757354979174,0.041206888172801895
0.4599900213728273,0.4988088195212102,0.04120115910596246
0.4600190962065392,0.49885992934853923,0.04112097444492173
0.4600173475467785,0.498855260784032,0.04112739166918968
0.45995342153719304,0.49878253623724705,0.041264042225559905
0.46000292277722143,0.4988288239696038,0.04116825325317462
0.4597967792553697,0.49895340082531636,0.04124981991931397
0.4598524406177932,0.4989178859603236,0.04122967342188347
0.4599715051438111,0.4987504567311772,0.04127803812501165
0.4600034767754343,0.49890961033013703,0.04108691289442878
0.45994371809929613,0.49877406620633596,0.041282215694368074
0.45995664592253704,0.49878502309191547,0.04125833098554745
0.45994643284241665,0.4988581555606062,0.04119541159697694
0.4599074951442382,0.4988864924378434,0.04120601241791843
0.45996035077152336,0.4989754903330204,0.041064158895455914
0.45993436443852864,0.4987736130860466,0.04129202247542468
0.4303576727311706,0.4075624612920398,0.16207986597678953
0.4599925271073962,0.49881090659991956,0.04119656629268457
0.45990780483260374,0.49888632151346735,0.04120587365392885
0.45979686927443614,0.4989533202469645,0.0412498104785995
0.45996152108819677,0.49878106675949546,0.04125741215230812
0.4599759430370664,0.49885189996474133,0.04117215699819206
0.4599478048241115,0.4987778888420669,0.04127430633382152
0.4600007131654123,0.4988249577119525,0.04117432912263537
0.4599456628042886,0.4987692425196572,0.04128509467605441
0.45994303346632237,0.49880496521161827,0.041252001322059445
0.4600207012210127,0.49886550591615614,0.041113792862831094
0.459881227122315,0.4988990655274558,0.0412197073502293
0.46000317241889654,0.4988292019353624,0.04116762564574123
0.4599169097208795,0.498894803167855,0.04118828711126561
0.4600086638222797,0.4988393953837173,0.0411519407940032
0.45998012678864003,0.4988015543424393,0.041218318868920786
0.459807061683698,0.4989476059009155,0.0412453324153865
0.4599802632498612,0.49880164938469146,0.041218087365447235
0.4599267076231411,0.49898741622426823,0.04108587615259057
0.4600189316463223,0.49885944951464095,0.04112161883903661
0.45993689775607566,0.49886381212034914,0.041199290123575066
0.4599966602732188,0.4988532382834409,0.04115010144334014
0.4600006139014288,0.4988256078355058,0.041173778263065446
0.4599717588894589,0.4988508975770633,0.0411773435334777
0.45986698633446027,0.49890936032688954,0.04122365333865012
0.45993996199932563,0.4987695095108824,0.04129052848979198
0.45994641056370617,0.49880888223273273,0.04124470720356118
0.4598252129600639,0.49893591490240163,0.04123887213753467
0.45993925917025447,0.49886911199913725,0.04119162883060814
0.45989065651601474,0.498892923228338,0.04121642025564719
0.4599549195263571,0.49878370437882913,0.04126137609481368
0.4599026274484545,0.4988851986304632,0.04121217392108229
0.45994099236253105,0.49877101127311146,0.041287996364357475
0.45993488490883283,0.4989073647706346,0.04115775032053254
0.4599594270034204,0.4987870952221094,0.04125347777447013
0.45981307075598093,0.4989421811672074,0.041244748076811735
0.4600103735682711,0.4988409934521896,0.04114863297953901
0.4598492202325686,0.49892012494462834,0.0412306548228031
0.4599835081531443,0.4989578220571495,0.041058669789706174
0.4599659374329028,0.4987917597808999,0.041242302786197255
0.4598091253371832,0.4989447607316073,0.041246113931209534
0.4599731529096829,0.4988486096910026,0.04117823739931454
0.45983873045028917,0.498927042619883,0.041234226929827554
0.4600086874787997,0.49883919000432875,0.041152122516871704
0.4599093519728263,0.4988809050382274,0.041209742988946134
0.4598300961747915,0.4989314115811999,0.041238492244008336
0.4599409378833518,0.49877094067472877,0.04128812144191943
0.45980012338225135,0.49895087057713167,0.041249006040616994
0.45999522466937465,0.49884863918256706,0.04115613614805803
0.45984364641588943,0.4989238024308485,0.041232551153261965
0.4598424894837381,0.49892383883908537,0.041233671677176655
0.45999433645044635,0.4988347277526406,0.04117093579691289
0.4599268278585259,0.4988758922409945,0.041197279900479604
0.4599424390126356,0.4989050044292628,0.04115255655810195
0.45987599969741944,0.4989041704238308,0.04121982987874964
0.4598596879158649,0.49891321789654863,0.04122709418758645
0.45992850640796484,0.49887497651330953,0.041196517078725806
0.46001575043788867,0.4988515553625695,0.04113269419954161
0.459953405836225,0.4988210783392169,0.04122551582455817
0.46000359690076176,0.498876859107643,0.04111954399159513
0.4599505529467718,0.4988629216218883,0.04118652543133997
0.45994050525911473,0.4987671775420346,0.041292317198850584
0.4599692460417257,0.49878820978342403,0.041242544174850286
0.4600182310010308,0.4988800664682548,0.041101702530714344
0.45996540974962546,0.49878456805602756,0.041250022194347105
0.45994238422802464,0.49880080882906513,0.04125680694291035
0.4599770630485357,0.49879619251215535,0.04122674443930892
0.4599394631791949,0.4987683776278796,0.04129215919292521
0.4599450558412536,0.49877538069327937,0.04127956346546692
0.4599644271723261,0.49879069605945797,0.04124487676821614
0.45992290422216886,0.4988780345655896,0.04119906121224164
0.4600002119968137,0.49882063964350265,0.04117914835968353
0.4599374146997038,0.49878863622318637,0.04127394907710964
0.4599558457254463,0.49877632555312046,0.04126782872143328
0.4598209632521619,0.4989386846153745,0.04124035213246363
0.45998760162556496,0.4988406964127137,0.04117170196172145
0.45997186162815695,0.4987958652842551,0.041232273087587604
0.45998194581994795,0.4989594931806541,0.04105856099939798
0.4599318272038853,0.4989077938441736,0.04116037895194095
0.45984213317484446,0.4989240539777353,0.041233812847420385
0.45993993281385326,0.4987672292816297,0.041292837904516884
0.4598200275210981,0.4989718908512111,0.04120808162769054
0.46001659113266086,0.4988806833118929,0.04110272555544601
0.45995299012847757,0.49885437502386526,0.04119263484765689
0.4598972825817639,0.49888863594784805,0.041214081470387916
0.46001539814991077,0.4988507859079872,0.04113381594210202
0.4599586432708801,0.49878651713801814,0.041254839591101725
0.4599968541257282,0.4988325876282272,0.04117055824604497
0.4599439621259635,0.49880409749320703,0.04125194038082944
0.4599603120264803,0.4988947956087254,0.04114489236479431
0.4600078978141146,0.49883526057267036,0.041156841613215006
0.45993561036197533,0.4987826011369148,0.04128178850110977
0.45992629957443654,0.49884511634147444,0.04122858408408886
0.45997927353227724,0.49884061779197214,0.041180108675750685
0.4600143449207204,0.49888085465774173,0.041104800421538
0.4598714647148467,0.49890677333840894,0.04122176194674431
0.45994627614268624,0.49877652062062205,0.04127720323669184
0.4599085387681445,0.4988859166170623,0.0412055446147932
0.4600007110366351,0.49882277007671094,0.04117651888665428
0.459800631045908,0.4989505117481739,0.04124885720591817
0.45989521110538245,0.49889331275524024,0.041211476139377375
0.45993732991500696,0.49898467253876816,0.04107799754622504
0.46001378390007486,0.4988474272763646,0.04113878882356053
0.4598937120395959,0.49889415100222917,0.04121213695817469
0.4599246513637463,0.4989068079163892,0.041168540719864415
0.46002139183425345,0.4988693705556299,0.041109237610116374
0.45988785868055143,0.4988947411279929,0.0412174001914555
0.45997286283444627,0.49884369684603647,0.04118344031951707
0.4597974996266245,0.49895280302479883,0.04124969734857676
0.4600003102533814,0.4988334230047135,0.04116626674190509
0.45996969434748536,0.49878864724611993,0.04124165840639459
0.4599909492995773,0.49886732893366315,0.04114172176675948
0.45994234558182934,0.4988605592624048,0.0411970951557658
0.45995143291057505,0.4988178171612779,0.041230749928146994
0.4599913682744794,0.4988128706621484,0.041195761063372166
0.45993490367270407,0.4987793589483762,0.04128573737891991
0.45997191505568513,0.49879590199393903,0.041232182950375576
0.46001751839654464,0.4988556828390126,0.04112679876444261
0.45993947239299326,0.4987684123625394,0.041292115244467506
0.4599462324006455,0.4987764805641316,0.04127728703522264
0.460021399805833,0.4988747761509727,0.04110382404319429
0.4599965725768651,0.49883291014552583,0.041170517277609134
0.45999655400150047,0.4988148350240647,0.04118861097443474
0.4599409904913601,0.4987710088586239,0.041288000650015935
0.45980197641956,0.49895075897637575,0.041247264604064
0.46000868323389216,0.4988373538690806,0.04115396289702717
0.4599450797525737,0.49876891975342585,0.041286000494000566
0.459917911667951,0.4988754983772422,0.041206589954806784
0.45999904786549567,0.49882958114655607,0.041171370987948104
0.45998049010153075,0.49880180754416503,0.041217702354304254
0.460010895804007,0.4988419326768903,0.041147171519102445
0.45996664379406715,0.4987922543302973,0.04124110187563563
0.45993947047506756,0.49876840529484767,0.041292124230084715
0.4599838520048763,0.49884331918273667,0.04117282881238687
0.45998228925493817,0.49880307028530846,0.04121464045975349
0.459995701216181,0.4988139103193214,0.04119038846449772
0.45999814349268575,0.4989336719279468,0.04106818457936735
0.46001981290957106,0.49887872338856537,0.04110146370186357
0.4599091646781797,0.49888557151311447,0.0412052638087059
0.4599795468994191,0.4987988886806157,0.041221564419964996
0.4598596365689337,0.4989136437248456,0.04122671970622059
0.46000562563742403,0.49884756479391096,0.04114680956866506
0.4600197360502315,0.49887881679671336,0.04110144715305501
0.4600057827980756,0.4988472711979055,0.04114694600401893
0.45994191277323854,0.49877212757534045,0.04128595965142092
0.45980589171110814,0.4989469100259353,0.04124719826295637
0.45999377858010115,0.49881202811954717,0.04119419330035176
0.46001292737287164,0.498880700181286,0.04110637244584241
0.45994732523945214,0.498770228982333,0.04128244577821494
0.45988436355419116,0.49889941150731837,0.04121622493849044
0.4599487395734106,0.4987786990063144,0.041272561420274925
0.4598268394180363,0.49893343494188397,0.04123972564007993
0.4599974139885265,0.49883191463030424,0.04117067138116919
0.45992480562982,0.4989878347354919,0.041087359634687966
0.45999058974175816,0.4988384288195249,0.04117098143871705
0.46113062125416765,0.5008792956887198,0.037990083057112524
0.460008737785953,0.4988383907465588,0.041152871467488014
0.4526204571983564,0.5069367024895739,0.04044284031206966
0.45993907942304774,0.49876674282182765,0.04129417775512471
0.45980966196260603,0.498945961297481,0.04124437673991303
0.459939403211688,0.4987679686637205,0.04129262812459151
0.45997535796701106,0.49874396325003534,0.04128067878295353
0.45997086666336473,0.4987898028899433,0.041239330446691876
0.4599575386551935,0.4987776911243752,0.04126477022043136
0.4600074167629854,0.4988359182294809,0.04115666500753354
0.45979687550523723,0.4989533147780823,0.04124980971668052
0.4598792565065934,0.498900354300436,0.04122038919297073
0.4599736377414402,0.4988491910090419,0.04117717124951779
0.4599778556426233,0.4987970443266181,0.04122510003075883
0.45980964013586656,0.4989459751658823,0.04124438469825104
0.4600053758242873,0.4988336102322638,0.04116101394344875
0.45995013551814173,0.49877241840576475,0.04127744607609324
0.4599753755374828,0.49874392212509405,0.04128070233742337
0.4599158900578879,0.4988767687635051,0.04120734117860688
0.45980794458628876,0.4989455413701189,0.041246514043592045
0.45981648974058614,0.49894158386247867,0.04124192639693531
0.4599294409638685,0.4989078370974765,0.0411627219386549
0.45991592356423144,0.49888185553977926,0.041202220895989426
0.45994560147062713,0.49877589639016956,0.04127850213920334
0.4598391546135459,0.49892585812993295,0.041234987256521284
0.4599941416249309,0.4988453969202101,0.04116046145485888
0.459810958651135,0.4989451357164942,0.04124390563237079
0.4600031932687694,0.49882923358049036,0.04116757315074017
0.46000964213554213,0.49883970134224653,0.041150656522211324
0.45999000492401504,0.4988088063580153,0.0412011887179695
0.4599425244353287,0.49877281258942946,0.04128466297524182
0.4599629444590759,0.4988560022632847,0.04118105327763924
0.460019216996511,0.4988602887570049,0.04112049424648389
0.4598446621981136,0.49892253003373527,0.04123280776815118
0.4599699331666527,0.49879453758185965,0.041235529251487685
0.46124966396928535,0.5010189428536503,0.03773139317706438
0.4599639454757848,0.49889214934507603,0.04114390517913927
0.46000341757686436,0.49882957479173734,0.04116700763139794
0.4599596320642417,0.49877943799775293,0.04126092993800525
0.45981185103696604,0.4989445657617064,0.041243583201327504
0.4600004112006533,0.49887481684503876,0.04112477195430805
0.45999743557796274,0.4988209055483604,0.041181658873676724
0.4599430795945988,0.4988022810141541,0.0412546393912473
0.460000576573983,0.49882195049604394,0.0411774729299731
0.45994969572904837,0.49877951019660427,0.04127079407434725
0.45984381893650117,0.4989230373767938,0.04123314368670519
0.45996548979869234,0.4987846421674463,0.04124986803386117
0.45980393384776347,0.4989495583150032,0.04124650783723361
0.45995012657532164,0.4987798704964723,0.041270002928206005
0.459960175506325,0.4987876434329296,0.041252181060745116
0.45997413673315246,0.4988497850824369,0.04117607818441084
0.4600058051851706,0.49883329892232264,0.04116089589250658
0.45994493483312476,0.49876884167298546,0.0412862234938899
0.4599352792359434,0.4987812050169331,0.041283515747123516
0.4599788889994495,0.4988465490211124,0.04117456197943803
0.4599270886735079,0.4988757499297959,0.04119716139669609
0.45998134886619096,0.4988578985647067,0.041160752569102545
0.4598175590661899,0.4989392914661009,0.04124314946770913
0.4600190133698732,0.4988596864490647,0.04112130018106189
0.45975785007793646,0.4990193651680793,0.041222784753984464
0.45991698369290956,0.4988809826009979,0.041202033706092746
0.4599564788810843,0.4987848966732542,0.04125862444566132
0.45987425974355367,0.4989051671484019,0.04122057310804428
0.4599449357614342,0.49876884217055373,0.041286222068012204
0.4600215752198802,0.4988727202802165,0.041105704499903396
0.45998428298801664,0.49884302729850266,0.04117268971348068
0.46001783577102273,0.49885648320929676,0.04112568101968035
0.45997823112463293,0.4988002405163466,0.0412215283590203
0.4600024944373712,0.49882817939113405,0.04116932617149466
0.4599174025168067,0.49887581792436836,0.04120677955882481
0.4600046003916587,0.4988493788210069,0.04114602078733442
0.4599968589347607,0.4988722288391693,0.0411309122260701
0.4599810097635217,0.4988021706655198,0.04121681957095864
0.4599907413846832,0.4988358886501064,0.04117336996521017
0.45997083444809517,0.49875161796865747,0.04127754758324728
0.45993965891959826,0.49876736329374566,0.04129297778665585
0.45998893821034426,0.4988654723923618,0.04114558939729395
0.45995797800561194,0.49882821080134415,0.0412138111930439
0.46000344474348,0.49882961621323796,0.041166939043282155
0.459953400201847,0.4987744331271712,0.041272166670981845
0.45999183892568496,0.4988374132551539,0.041170747819160934
0.45994466656101857,0.498768699539942,0.04128663389903945
0.45996877402581055,0.49888838068928515,0.041142845284904174
0.4598585368974455,0.4989139770240652,0.041227486078489375
0.45999977634439715,0.4988334944560103,0.04116672919959266
0.45980799538808564,0.4989470172298971,0.04124498738201708
0.4599456243256865,0.49877591777005786,0.04127845790425564
0.45982470528435276,0.4989347692759817,0.0412405254396656
0.4599987856346344,0.49882278992387374,0.0411784244414916
0.45998346179367,0.49886010818770077,0.04115643001862928
0.4599365423149095,0.49878594372314783,0.0412775139619427
0.4598218099409411,0.4989381338552229,0.04124005620383608
0.4599350512057963,0.49878012964315416,0.04128481915104968
0.4599582207974627,0.4987782534439442,0.04126352575859311
0.4598424463114919,0.4989238648986952,0.04123368878981292
0.45998690869966036,0.49884119682973516,0.041171894470604396
0.4572687716835986,0.5020925760984241,0.04063865221797734
0.4598555021351168,0.4989159791611583,0.04122851870372468
0.4599894579303539,0.49886595339071166,0.04114458867893458
0.45999807763992434,0.49881671585320647,0.041185206506869305
0.4599709524705747,0.4987952400656533,0.04123380746377203
0.4591880904946522,0.49980841689242655,0.041003492612921175
0.4598593696743098,0.4989138001882036,0.04122683013748637
0.4599798744067873,0.4988459243251019,0.04117420126811049
0.4600003216295572,0.49882677778298984,0.04117290058745308
0.46214875945212297,0.5020402030667663,0.035811037481110655
0.4599458154000273,0.49876932915235084,0.04128485544762204
0.46000543272280264,0.49887789768767155,0.041116669589525486
0.4599380625599323,0.4987668654264559,0.04129507201361195
0.45994106409412777,0.4987711032780075,0.04128783262786477
0.45999172420083123,0.49881332407658047,0.04119495172258848
0.45987395530671443,0.4989038285296729,0.04122221616361265
0.46001694766667034,0.4988542947077918,0.04112875762553791
0.4599416333511565,0.4987718015303013,0.04128656511854224
0.4599398173902355,0.4987672708045479,0.0412929118052165
0.4591038650097042,0.49991495360897586,0.040981181381319835
0.459984873375122,0.4988381540504595,0.04117697257441868
0.45999188479458614,0.49881035409918195,0.04119776110623185
0.4599777851121593,0.49884131092366274,0.041180903964177944
0.4598753621402266,0.4989045353682371,0.041220102491536334
0.45997425130597813,0.49879750514639865,0.04122824354762334
0.4599756639591062,0.49879847421797524,0.041225861822918534
0.45993648727849845,0.4987676206655027,0.04129589205599864
0.45999915092925325,0.49893082328711996,0.04107002578362662
0.4599285464564724,0.4988749546692604,0.04119649887426712
0.4599792157218627,0.4988792743791264,0.0411415098990111
0.45979838028836034,0.4989521328621629,0.041249486849476734
0.46000617299629326,0.49887828434562387,0.041115542658082656
0.4599198980948783,0.49887425436752547,0.041205847537595985
0.459799548890157,0.4989512806236403,0.04124917048620261
0.4599597926465642,0.49883089701353034,0.04120931033990535
0.4600173708593166,0.4988804579912134,0.041102171149470255
0.45980773580259393,0.4989471811166154,0.04124508308079099
0.45985533032397946,0.49891617638850844,0.04122849328751207
0.4599213112232521,0.49887337207116966,0.041205316705578116
0.45998730405233207,0.4988371693971591,0.04117552655050883
0.45980086418999555,0.49895034790736914,0.041248787902635385
0.46001742814459734,0.49885545915617113,0.041127112699231506
0.4599446248947257,0.4988661784172163,0.04118919668805792
0.4599662129330749,0.498854134264966,0.04117965280195927
0.4599407699061843,0.4987707187021747,0.04128851139164085
0.45996419524420384,0.49878786505870304,0.041247939697093006
0.4599601765756059,0.4988948910024461,0.04114493242194816
0.45999757398770297,0.4988317133744244,0.04117071263787263
0.45995532077181805,0.4988241332113349,0.04122054601684691
0.4599433136610396,0.4987680375588676,0.04128864878009276
0.45991648511244215,0.49888808467884815,0.0411954302087096
0.46000070662906073,0.49882273386623566,0.041176559504703676
0.46000503544979104,0.4988335212288001,0.04116144332140877
0.46000077574832476,0.4988240292790167,0.041175194972658424
0.4598594600380261,0.4989133681756631,0.04122717178631072
0.4599745072648737,0.4988428848905358,0.04118260784459063
0.45994393052139876,0.4988040333734449,0.041252036105156445
0.4599529115406767,0.49878213286744183,0.04126495559188153
0.46000020858361945,0.498820629832691,0.041179161583689686
0.4597968000059227,0.4989536890316819,0.041249510962395514
0.4598355989227488,0.4989280256424737,0.041236375434777456
0.46000018176118196,0.49882719727052616,0.04117262096829197
0.4599906733134519,0.4988359125549209,0.041173414131627215
0.46000868670403866,0.49883919734357396,0.04115211595238734
0.45993470416174614,0.4987781659900948,0.04128712984815907
0.4599861234474104,0.49884175450859247,0.0411721220439971
0.45980992682281313,0.49894423327665965,0.04124583990052735
0.45982446910468266,0.4989349173723996,0.04124061352291739
0.4600002959180673,0.4989271022555333,0.04107260182639933
0.4599424204139434,0.49877269852045375,0.04128488106560273
0.4599883814576039,0.49884012296301533,0.041171495579380754
0.4598397588872553,0.49892549127963504,0.04123474983310945
0.45988940725446137,0.4988965660923217,0.041214026653216926
0.4599886466692687,0.49880947087796584,0.04120188245276522
0.45995392342151503,0.49877590976908853,0.04127016680939625
0.4599791559674778,0.4988008801197627,0.04121996391275967
0.4600052564895395,0.4988335769963208,0.04116116651413976
0.4598289209333702,0.4989321399971164,0.04123893906951376
0.4599665943086505,0.4987922197402613,0.04124118595108839
0.4599727651097631,0.4987482935667903,0.041278941323446484
0.4599402427659523,0.4987699659764286,0.041289791257618995
0.45984730630153897,0.49892138797812474,0.04123130572033646
0.4599445101506779,0.49876861817489193,0.04128687167443048
0.45998663292119535,0.4988719643638027,0.04114140271500181
0.45994987620711986,0.4987718955656083,0.04127822822727166
0.4599944536082499,0.4988463131384525,0.041159233253297484
0.4600068137181521,0.49884519799219473,0.04114798828965331
0.4600176102309343,0.49885591217819486,0.0411264775908707
0.459963898232315,0.4987831839198222,0.04125291784786302
0.4600013909811623,0.4989228261227484,0.04107578289608939
0.45995003179024374,0.4987720022768273,0.04127796593292871
0.4599166437983987,0.4988926161871594,0.041190740014442
0.4598588686848642,0.49891375818567746,0.041227373129458476
0.45993445271361366,0.4987722197366947,0.04129332754969144
0.4599905660817005,0.4989486935653653,0.04106074035293405
0.45999496442005305,0.49881755159736035,0.04118748398258647
0.4599494499061032,0.4987716059581497,0.04127894413574727
0.45980478522668966,0.49894765466428265,0.041247560109027616
0.4599398076244889,0.4987692284055752,0.041290963969935694
0.45985241620245093,0.4989180156595804,0.04122956813796868
0.4598935386284408,0.49889424806055727,0.04121221331100228
0.4599751913138341,0.49874421913163863,0.04128058955452729
0.4599833397019012,0.49883880383587964,0.0411778564622192
0.4599347603618069,0.4987705372507264,0.04129470238746678
0.4599760691069047,0.4988520454967474,0.04117188539634811
0.45997763928850904,0.4988807341664411,0.041141626545050075
0.4599546198904007,0.498781418257029,0.041263961852570426
0.4599846649641826,0.4988613320670554,0.04115400296876182
0.4597997790370319,0.49895207427431054,0.0412481466886575
0.45996990836400503,0.49885198863061037,0.04117810300538451
0.46023048130099825,0.4997789570945745,0.03999056160442734
0.4599965955016982,0.49881975196953643,0.0411836525287654
0.45988029108236783,0.4988996774962205,0.041220031421411854
0.45980212628296874,0.49895066782801206,0.0412472058890192
0.46000686173152494,0.4988350056411821,0.04115813262729298
0.45999382084676815,0.49886978768766754,0.041136391465564054
0.45994672026673367,0.49876985962633563,0.041283420106930695
0.46000812451392514,0.4988356127585566,0.04115626272751818
0.4599171376230605,0.4988960752526447,0.0411867871242947
0.46001555996147797,0.4988511374940445,0.04113330254447752
0.45987002822139555,0.49890760131569406,0.0412223704629103
0.4598652030407277,0.4989095831886242,0.041225213770648035
0.45991958353362355,0.49890246786961384,0.04117794859676262
0.4599200484856793,0.49887959597402065,0.041200355540300125
0.45979759104242185,0.499168419278182,0.04103398967939584
0.4599421902363293,0.4987724427335223,0.04128536703014835
0.4599492398614985,0.4987791255144076,0.04127163462409392
0.45993826613705613,0.4987668231136785,0.04129491074926525
0.4599331319087387,0.4989076566533939,0.041159211437867216
0.4599433173818342,0.49885998473728493,0.04119669788088079
0.4599549932806945,0.4987756547591662,0.041269351960139554
0.4600090709341048,0.4988795945357949,0.04111133453010031
0.4599854012874204,0.49880556400513254,0.0412090347074471
0.4599852788342221,0.4988423441997281,0.041172376966049556
0.4599906530750852,0.4988093297162806,0.041200017208634206
0.4599439909900848,0.4988041559952857,0.04125185301462937
0.46002154051666394,0.4988735030730065,0.04110495641032973
0.45993439389034235,0.4987752398547356,0.04129036625492193
0.45997347223421814,0.4988489930192592,0.041177534746522505
0.4598435215793281,0.49892388476091326,0.041232593659758426
0.4599746468748815,0.49884916747726893,0.04117618564784979
0.4599353369915984,0.4987690433841689,0.041295619624232775
0.4599765312155119,0.4987956253818062,0.041227843402681895
0.459931343643158,0.4988114995580425,0.041257156798799544
0.4599232487539107,0.49887784632523396,0.04119890492085514
0.4599440319435935,0.4988595634650332,0.041196404591373116
0.4600068277049407,0.4988349500632728,0.04115822223178651
0.45999567676828157,0.4988338793439364,0.041170443887781794
0.460002831963777,0.49883327218479995,0.04116389585142276
0.46001332445321746,0.49884651410870756,0.04114016143807496
0.4600105688278161,0.4988801242303859,0.04110930694179806
0.4598863034310858,0.4988983150401139,0.04121538152880038
0.4599549836192011,0.49877698302281487,0.041268033357983985
0.45980033270969284,0.4989507222557556,0.0412489450345515
0.4609822309821225,0.500703691978091,0.03831407703978646
0.4599484640957845,0.49877106625955964,0.04128046964465565
0.45980385321686623,0.4989945833461549,0.041201563436978866
0.4599602171872274,0.4987876738541485,0.041252108958623974
0.4600005366888867,0.49882597996755496,0.041173483343558685
0.4599673314523099,0.49875778076213617,0.041274887785554076
0.4599663716320973,0.49885404291541685,0.04117958545248605
0.45998520494632644,0.49883801634283254,0.0411767787108412
0.459985839021239,0.49886250199868776,0.04115165898007317
0.45894209264508073,0.5001173591532304,0.040940548201688645
0.4599865304215626,0.4988414666723952,0.04117200290604223
0.45979985372518145,0.4989510624683551,0.041249083806463305
0.4599435278324335,0.49877387231583126,0.04128259985173499
0.45997533162910287,0.49888281562175146,0.04114185274914548
0.4599554253963404,0.4987840936638511,0.04126048093980842
0.45996967671447536,0.49879559886798364,0.041234724417541224
0.45996671492389674,0.49878578646697597,0.04124749860912709
0.45997803954899746,0.4988542851086744,0.04116767534232824
0.4599466706729578,0.49890308011780116,0.041150249209241097
0.4597999902813974,0.49895096517272747,0.04124904454587497
0.45998270613890635,0.49884408519427503,0.04117320866681858
0.45979902945832973,0.4989525100111868,0.04124846053048337
0.4600044077952778,0.4988497032880922,0.0411458889166298
0.4598278363155945,0.4989328139746112,0.04123934970979438
0.4599606332599183,0.49885010839574656,0.04118925834433525
0.4600001619034347,0.49892757084789613,0.041072267248669456
0.46000069080712086,0.49882513354096,0.04117417565191907
0.45996976100785275,0.49879572519892335,0.04123451379322412
0.45998406899858274,0.498874577810806,0.0411413531906112
0.45993633418989105,0.498767749768551,0.0412959160415578
0.4599416330801947,0.4987718012092555,0.04128656571054954
0.4597839826631156,0.49900185397692104,0.04121416335996316
0.458441241879918,0.5007286096445127,0.0408301484755692
0.459969565887033,0.4987954331185354,0.041235000994431524
0.45998630354995074,0.49884162743821503,0.041172069011834074
0.4600005389901877,0.4988259698205401,0.04117349118927209
0.4599988719750654,0.4988298711230792,0.0411712569018555
0.459994983930288,0.4988131803670124,0.041191835702699735
0.4599996936085653,0.4988283724826037,0.04117193390883087
0.4599464438653495,0.49890319229463703,0.041150363840013415
0.45993437539055715,0.49877483708934783,0.04129078752009506
0.4599018214543425,0.4989915495859648,0.04110662895969269
0.4597990300764052,0.4989525096558375,0.041248460267757296
0.459972666700124,0.4988480226449236,0.04117931065495225
0.4599318033472197,0.49887317864308817,0.04119501800969206
0.45993043899469427,0.49886773222872866,0.041201828776577125
0.4600171350210576,0.49888053759066486,0.04110232738827796
0.459845028642633,0.4989223098082521,0.041232661549114896
0.4599521369702045,0.4988189950089381,0.04122886802085756
0.4599990670350561,0.4988738735254927,0.041127059439451115
0.45985664384263775,0.49891540199188356,0.041227954165478704
0.4600209699948516,0.49886675809755443,0.04111227190759386
0.459992296491101,0.4988353608373992,0.04117234267149992
0.4598467679314995,0.49892174321948585,0.04123148884901456
0.4599594330988252,0.4987819021673021,0.04125866473387268
0.45997087418268,0.49884582282601875,0.0411833029913013
0.4600047256781253,0.49887751071097103,0.041117763610903565
0.45992600394819616,0.49887045914797645,0.04120353690382726
0.4599924984291386,0.49881088162814397,0.041196619942717394
0.4599656553593529,0.4988544547042125,0.041179889936434504
0.45993582636743485,0.4988209979362612,0.04124317569630404
0.4598810589073658,0.4988850489643867,0.041233892128247455
0.4599788902188377,0.49880069609176264,0.04122041368939961
0.4599378335105595,0.49876692530814687,0.04129524118129375
0.4598085703259645,0.4989451271185832,0.04124630255545218
0.45994513320324115,0.49880052278751263,0.041254344009246324
0.45996950931471026,0.4988453937571067,0.041185096928183076
0.45980298770826783,0.49895014123779,0.041246871053942
0.45999210417624364,0.49881381044894385,0.04119408537481237
0.46000048882112043,0.49882618107786614,0.0411733301010134
0.4599973492971041,0.49881577119196047,0.04118687951093543
0.4600075073761698,0.49883480150708565,0.041157691116744576
0.45998604813618665,0.49880577824359945,0.0412081736202137
0.4599413123516122,0.4987714141953043,0.04128727345308354
0.4599779872728834,0.4988542265405125,0.04116778618660411
0.4599613683916255,0.49878093330687173,0.04125769830150267
0.4599495587562848,0.4987793949951759,0.041271046248539424
0.4598354084380509,0.498928142197988,0.04123644936396108
0.4599952920693498,0.49883427326071367,0.041170434669936605
0.4599543794101065,0.4987832859285437,0.04126233466134963
0.459854672288517,0.4989165267596459,0.04122880095183697
0.45997529152133537,0.4987982186373676,0.04122648984129722
0.45996057364152354,0.4987672952483822,0.04127213111009435
0.45995648416812596,0.49885963468805306,0.04118388114382078
0.459841373648636,0.49892451306002283,0.041234113291341114
0.46000364506993624,0.49890754521093844,0.0410888097191254
0.4598168991813312,0.4989762891650872,0.04120681165358156
0.459996011833752,0.49881423915076506,0.04118974901548311
0.4598931972643071,0.4988912761425461,0.04121552659314663
0.4599328980027233,0.4988725818089102,0.04119452018836651
0.46001556487062306,0.49885114820899445,0.04113328692038269
0.4599823889886882,0.49880207169573554,0.04121553931557622
0.4598484402628071,0.4989206396802117,0.041230920056981424
0.459974327935592,0.4988493603787349,0.041176311685673095
0.4599635042252346,0.4989737463520566,0.04106274942270858
0.4599962471755169,0.4988144941604861,0.04118925866399709
0.4600012687572075,0.498923350412205,0.04107538083058744
0.4603573235034359,0.49994058576147293,0.039702090735090984
0.45995056381862287,0.49890101106629947,0.041148425115077644
0.46002073093414125,0.49887717845817015,0.04110209060768875
0.46002041830728807,0.4988778173095935,0.04110176438311825
0.4597977193524789,0.4989526322386919,0.041249648408828984
0.45993463312037464,0.498771069876528,0.04129429700309723
0.45981263582323023,0.49894246356497485,0.041244900611794824
0.4599486370486458,0.4987855395224768,0.04126582342887736
0.4598633080295673,0.49891149799726725,0.04122519397316534
0.4598075228504939,0.4989473154341864,0.04124516171531972
0.4598388017252505,0.49892699567465404,0.041234202600095325
0.45997595670051783,0.49879867518322407,0.041225368116258085
0.4598249327817248,0.4992156888737332,0.0409593783445421
0.4599652998124,0.4988475929454339,0.041187107242166225
0.4599845902738107,0.4988382724273652,0.04117713729882373
0.4600132264156786,0.4988807463682555,0.04110602721606608
0.4599228976847114,0.49887238431173975,0.04120471800354886
0.4599573592643378,0.4987775443779574,0.041265096357704825
0.4598950848152919,0.49889005498275907,0.041214860201949054
0.45988546342983344,0.498896300664609,0.041218235905557635
0.4598964469722392,0.4988926227199946,0.04121093030776602
0.4599706507088952,0.4987895887377381,0.04123976055336663
0.4599923908278016,0.4988141789693711,0.04119343020282731
0.45994561414929097,0.49877590825260093,0.04127847759810812
0.460001958544068,0.49892018148737916,0.04107785996855292
0.4600074307507499,0.4988788949442769,0.041113674304973175
0.4599522628797918,0.4989000285064918,0.041147708613716354
0.459946258390987,0.4987695853850434,0.041284156223969394
0.4600087348824003,0.4988379960331782,0.041153269084421254
0.45994196491807443,0.498772187418793,0.04128584766313246
0.459947698462252,0.4989025598415998,0.04114974169614811
0.4599513339088623,0.4988176502324593,0.04123101585867825
0.4599806522786371,0.4988001140464035,0.041219233674959554
0.4599427648176733,0.49876780079089644,0.04128943439143013
0.4600001911170933,0.498827170830585,0.04117263805232174
0.45998222832058255,0.4988030272419617,0.04121474443745595
0.4599873914957097,0.4988079414900582,0.04120466701423206
0.4598169948066737,0.49894125754274216,0.04124174765058423
0.45995710232951315,0.49878536729881623,0.04125753037167052
0.45995194318130644,0.4988621542680545,0.04118590255063926
0.45996992357738564,0.49884463327743,0.04118544314518431
0.4599742128149118,0.4988838014681933,0.04114198571689483
0.45999820694819227,0.49881689495589304,0.04118489809591461
0.45995982222112736,0.4988309401680736,0.04120923761079899
0.45982215207483,0.49893791114110775,0.041239936784062105
0.4599704436873505,0.49878938398175393,0.041240172330895546
0.4599979370967852,0.4988312392200397,0.04117082368317527
0.45979751726770235,0.4989987230122544,0.04120375972004345
0.4599588577219086,0.49897626546749047,0.04106487681060101
0.45991659136003554,0.4988919665227431,0.04119144211722137
0.45994330685941287,0.4989046401607772,0.04115205297980982
0.45991005615617875,0.49888045762452166,0.04120948621929952
0.45983922816920003,0.4989258134517433,0.04123495837905641
0.4598162173149342,0.49894015089080906,0.041243631794256656
0.45979889047707756,0.4989517571490908,0.041249352373831566
0.4599715509525225,0.4988860866651229,0.04114236238235448
0.460008497678287,0.4988364845869524,0.041155017734760595
0.4600213863948995,0.4988693257958036,0.04110928780929687
0.459932861924227,0.4988726014797285,0.041194536596044495
0.45994074397074997,0.4987671991566021,0.041292056872647774
0.4598946374664936,0.4988903441992656,0.041215018334240794
0.4599737306540886,0.498797148078725,0.04122912126718642
0.46001943865239897,0.4988791438318533,0.04110141751574779
0.45995593124506956,0.49878448050065527,0.04125958825427512
0.45994027017488964,0.4987671765856774,0.041292553239433046
0.4599295247414814,0.49887442111881664,0.04119605413970225
0.4600202651167216,0.49887808041852477,0.04110165446475351
0.45993860889355,0.4987667730034408,0.041294618103009065
0.4597975715601895,0.49895274676475637,0.04124968167505404
0.45989321355106366,0.498894430057441,0.04121235639149537
0.45994359327026946,0.49886674323150193,0.04118966349822868
0.4599755939260823,0.4988485917082896,0.04117581436562823
0.4598320113604649,0.49893022860931835,0.041237760030216855
0.4598260724225923,0.49893535328015826,0.041238574297249586
0.4599475613371734,0.4987703760685943,0.04128206259423207
0.45996698021824267,0.4987924892727691,0.041240530508987884
0.45994838092793494,0.49877839028823395,0.04127322878383109
0.4600194193912631,0.4988791633026297,0.041101417306107314
0.45993706507131155,0.4987875932016988,0.04127534172698953
0.4599591440029308,0.4987790251577921,0.041261830839277376
0.4599968326284999,0.49881515367614815,0.04118801369535198
0.45998126284781465,0.49880234795227435,0.04121638919991088
0.4598100518722632,0.4989457133909628,0.04124423473677395
0.46002033019375876,0.49887797199300554,0.041101697813235645
0.46001379589253316,0.49888081483231467,0.041105389275152386
0.4599420583589198,0.4987675320740693,0.04129040956701072
0.46000064340944674,0.4988254427598186,0.04117391383073447
0.45995809312839864,0.4988963279056721,0.04114557896592916
0.4600200932122862,0.49886313425324685,0.041116772534467085
0.46002148573062934,0.4988741278253469,0.04110438644402395
0.45996950589462726,0.498887785001463,0.04114270910390961
0.4599781964730445,0.49879741307041553,0.041224390456540146
0.4599289786339826,0.4988686271786485,0.04120239418736869
0.4599592112154333,0.4987869364830295,0.041253852301536977
0.4599372590123431,0.4987671410410485,0.041295599946608294
0.46002127625916533,0.49886851397124543,0.041110209769589276
0.4599395388018578,0.49876862300022795,0.04129183819791425
0.45998624227128226,0.49884167072738494,0.04117208700133242
0.4599491204687617,0.49877902415217223,0.04127185537906616
0.4598005285299419,0.49895163086026645,0.041247840609791774
0.46001423834951366,0.4988483478090207,0.041137413841465395
0.4600154093153406,0.49888084818115463,0.041103742503504535
0.4599485516410884,0.49877100969119526,0.041280438667716336
0.45999200223738773,0.49883727676391765,0.04117072099869434
0.4599538011696872,0.4988539146216593,0.04119228420865358
0.45996953799354223,0.4987942647096772,0.04123619729678022
0.4599763023140156,0.49888194802401103,0.04114174966197349
0.45995429954862926,0.4987751175381141,0.04127058291325663
0.4600112928155847,0.4988803376200378,0.04110836956437722
0.45994143014937194,0.4988611021104444,0.04119746774018378
0.45998694702432824,0.49884116936306555,0.04117188361260612
0.45999210911899485,0.49886602643517003,0.04114186444583521
0.45992284799604105,0.498855457845159,0.04122169415879997
0.4599824292519019,0.49880316926047574,0.041214401487622516
0.4600001607775017,0.49882725584312493,0.04117258337937342
0.4599433252190434,0.4987680427694098,0.041288632011546665
0.45993432735943457,0.49887180246267876,0.041193870177886574
0.46002100592649,0.4988669410835483,0.04111205298996174
0.4599941845075972,0.49883477233056966,0.041171043161833135
0.46001073607204107,0.4988416438657904,0.04114762006216848
0.46000827553651946,0.4988413034490031,0.04115042101447746
0.45991929203722126,0.4988683597627063,0.041212348200072454
0.45996858423500636,0.49885276213067264,0.04117865363432115
0.4599556415910066,0.49877616386778223,0.041268194541211174
0.4597998467422246,0.4989520344995953,0.0412481187581802
0.4599883134683635,0.4988401734195834,0.04117151311205315
0.4598810295225765,0.49890130227799917,0.0412176681994243
0.4599927473367749,0.4988366415682293,0.04117061109499581
0.4599848820641937,0.49880492531297993,0.04121019262282633
0.45993891343425036,0.4987927256269648,0.04126836093878475
0.4599256185198052,0.4988470550668975,0.04122732641329715
0.459851491293101,0.4989186260878211,0.04122988261907777
