0,1,2
0.4606445312548081,0.49746671765225464,0.04188875109293747
0.46092967593424555,0.49719686393751444,0.041873460128239726
0.460434742152444,0.4976876232791018,0.04187763456845433
0.460255033152359,0.49786090298709346,0.04188406386054747
0.46071132903437667,0.4974160640067476,0.04187260695887571
0.4607703511832967,0.4973668578831667,0.041862790933536606
0.4606493550921378,0.49746207306340323,0.04188857184445892
0.4606534855731257,0.49745822043507343,0.04188829399180108
0.46056147014912696,0.4975751877333329,0.04186334211754022
0.4605886106453892,0.49752098458305644,0.04189040477155412
0.4607156841298785,0.4974117147608768,0.041872601109244525
0.46063633577514773,0.4974746307723611,0.041889033452491405
0.46028812160774507,0.49782935979506093,0.04188251859719382
0.4602481742194092,0.4978596125103968,0.04189221327019387
0.4606245453664421,0.4975126045981185,0.0418628500354392
0.46087234465062277,0.49725236307468723,0.041875292274690216
0.46072833340751285,0.49738634406874055,0.04188532252374663
0.4608155963189918,0.4973033355970553,0.041881068083953164
0.4602978820725186,0.4978330299985563,0.041869087928925054
0.46065499193262366,0.49745677588197357,0.041888232185402746
0.460370840883773,0.4977625517922219,0.04186660732400511
0.4605539924212016,0.49755387143875396,0.041892136140044285
0.46024573357240883,0.49787978612150136,0.041874480306089874
0.46039331478508133,0.49771396492640385,0.041892720288514804
0.4609495728192031,0.4971810562368107,0.04186937094398605
0.45635374039876864,0.5018736852572774,0.04177257434395377
0.4609423952917837,0.4971857842285725,0.0418718204796437
0.46042312032235494,0.4976989293494712,0.04187795032817376
0.4606844851991488,0.49744351216952093,0.041872002631330216
0.4606528723162057,0.49748441360254403,0.04186271408125017
0.46027803250591737,0.4978293383953054,0.041892629098777
0.460657391330472,0.497454474876472,0.041888133793055865
0.4604486064639623,0.49768649641893276,0.04186489711710478
0.46028508034953186,0.49783227032956934,0.04188264932089884
0.46087151032981444,0.49725370990249834,0.04187477976768731
0.4608936711057271,0.49722542670743913,0.0418809021868339
0.4606021486593073,0.4975076898781013,0.04189016146259138
0.4565408135368955,0.5016843787649427,0.04177480769816171
0.4604201555329067,0.4977018120538298,0.04187803241326341
0.4604814320789181,0.49764211106168493,0.04187645685939701
0.46057773314768763,0.4975478190443842,0.04187444780792786
0.4604128178044029,0.4977089438729804,0.041878238322616626
0.4607783833428331,0.4973387237364206,0.04188289292074642
0.46077584574085584,0.4973449410430203,0.041879213216124034
0.46063738448808733,0.4974736123038857,0.041889003208026986
0.46088171485715507,0.4972539083782107,0.04186437676463429
0.459329750542353,0.4988038603240726,0.041866389133574385
0.46041959794944365,0.49771494212851974,0.04186545992203649
0.46083232811710395,0.4972949370664556,0.04187273481644041
0.46064801547182016,0.4974633625145623,0.041888622013617524
0.46071959616438474,0.4973946953342663,0.041885708501348866
0.46074428837298714,0.49736879938520656,0.04188691224180626
0.4602734984371936,0.49784932549968125,0.04187717606312542
0.4607891736883165,0.4973322326129044,0.04187859369877922
0.4608477743388461,0.4972885872869902,0.041863638374163493
0.46091230095521896,0.4972126280595141,0.04187507098526688
0.46058646256866076,0.49753191364937865,0.041881623781960586
0.4605964118726703,0.49751332228531686,0.04189026584201277
0.4602140416993314,0.4978992509997529,0.041886707300915815
0.46037791495596864,0.497755662619698,0.04186642242433322
0.46086755634676024,0.497258289470235,0.0418741541830049
0.4608928105662663,0.49724248732930304,0.04186470210443074
0.46069648153947,0.4974168222227333,0.04188669623779658
0.46024385431587583,0.4978714784178575,0.04188466726626684
0.4605159395578264,0.4976025141411505,0.041881546301022816
0.46063639109677146,0.49747457668298944,0.041889032220238986
0.460525319736195,0.4976051545958215,0.0418695256679835
0.46084466628752446,0.49729174831506845,0.04186358539740699
0.460403763968774,0.49771563055019347,0.04188060548103256
0.46079843481513205,0.4973253450312048,0.04187622015366296
0.46064913666172913,0.4974623905789655,0.04188847275930525
0.4609489366414713,0.497180838917469,0.04187022444105972
0.4607990861734818,0.4973190710750276,0.04188184275149078
0.46084639364613167,0.497278066639154,0.041875539714714465
0.4608328589974357,0.4973037391630251,0.04186340183953913
0.4605348596189263,0.4975814304167826,0.04188370996429115
0.46077349649609084,0.4973472031009005,0.04187930040300852
0.4606159042621754,0.4975102907434375,0.04187380499438684
0.46093070621682214,0.49720283077434274,0.04186646300883514
0.46041940141372806,0.4977121647529383,0.04186843383333377
0.46029801291340133,0.49783290501431254,0.04186908207228594
0.46049080902922596,0.49773146216483416,0.041777728805939884
0.4606475130275229,0.49746394725651477,0.04188853971596217
0.46038724844158585,0.49773376353108884,0.04187898802732547
0.4607955923042005,0.4973223729201305,0.04188203477566917
0.4608582841813722,0.4972629754609828,0.04187874035764485
0.46025059920994593,0.4978651040407218,0.04188429674933206
0.46086893376835475,0.4972546507896992,0.04187641544194621
0.4607752221615814,0.49735244012979,0.04187233770862857
0.460507681639071,0.4976229967984599,0.04186932156246914
0.46065003121431414,0.49745425465028725,0.0418957141353987
0.4609464370412352,0.4971825334432277,0.04187102951553716
0.4607957882120584,0.4973286235092241,0.04187558827871739
0.4604226446330808,0.49771195830803955,0.04186539705887964
0.4608951798791011,0.4972240259251519,0.04188079419574694
0.4597559985291859,0.4983738131825907,0.041870188288223274
0.4606386379842596,0.4974724494672194,0.041888912548521076
0.4606424650970714,0.4974687084952203,0.041888826407707885
0.4608662476792792,0.4972597245616173,0.04187402775910366
0.46035828315937644,0.49774886036384014,0.04189285647678335
0.43209875577920354,0.5262665905213344,0.041634653699462135
0.46063694181895887,0.49747406920023,0.04188898898081108
0.46080127888614875,0.49732197207236106,0.041876749041490136
0.46024497088769156,0.497881322164937,0.04187370694737134
0.46056969294190325,0.4975670437531915,0.04186326330490516
0.46069213208110954,0.4974211686620876,0.041886699256802565
0.46031381762395646,0.4978074198585255,0.04187876251751824
0.460642651372932,0.4974686069491458,0.04188874167792194
0.4607200025945583,0.49739430669699997,0.04188569070844204
0.4606309811196308,0.4974794108817129,0.041889607998656424
0.460734888980365,0.4973847988955109,0.04188031212412376
0.4602954838797849,0.49784429631987726,0.04186021980033772
0.4606661710101639,0.4974460552974974,0.04188777369233861
0.46042526210777224,0.49770939410695264,0.041865343785275407
0.46066635213045365,0.49744588161417375,0.04188776625537248
0.46092608450750616,0.49720008560019185,0.04187382989230189
0.4607704571180535,0.4973317853966849,0.04189775748526164
0.4602400270031146,0.49786793281818204,0.041892040178703446
0.4608277953543937,0.49729177104813016,0.041880433597476466
0.4607064969495269,0.4974167548611963,0.04187674818927676
0.4605525073556561,0.49757257159577645,0.041874921048567326
0.4604199388235281,0.4977020227381848,0.04187803843828702
0.460242979956788,0.4978723031380445,0.04188471690516774
0.4603338964137828,0.497785363660195,0.04188073992602175
0.4608375871666496,0.4972829540552173,0.041879458778133066
0.46065364839063133,0.49747308993061107,0.04187326167875741
0.4607468221587788,0.4973688371840892,0.041884340657131904
0.4605879112741336,0.49753173006433765,0.0418803586615287
0.46077791504005505,0.4973473050610044,0.04187477989894044
0.4608999154432654,0.4972351432862855,0.04186494127044901
0.46066389890102316,0.4974482341511322,0.04188786694784485
0.4609493318857053,0.49718067988252374,0.04186998823177109
0.4607979351804538,0.4973241480715199,0.04187791674802622
0.46094627398258275,0.49718265770500675,0.04187106831241038
0.4609224614039057,0.49720335878372746,0.0418741798123669
0.4607985386041739,0.49732361499356587,0.04187784640226011
0.46087111743329195,0.49725420361819356,0.04187467894851461
0.4606216728468982,0.4975154603448216,0.04186286680828003
0.4608858796508749,0.49724962760201646,0.04186449274710857
0.46029218883150835,0.49782978764343927,0.04187802352505222
0.46067243788221973,0.4974400461027158,0.04188751601506436
0.4606361933740619,0.49747477093643494,0.0418890356895032
0.4609364661498246,0.49719086110247307,0.0418726727477022
0.46062029804793186,0.49748988320985593,0.041889818742212453
0.4606721048500428,0.4974403654210029,0.0418875297289543
0.4607892958893034,0.497347782050739,0.04186292205995758
0.46075539959295353,0.4973606457174878,0.041883954689558515
0.45898565129604024,0.4992049867953494,0.04180936190861031
0.46031673417906294,0.49780189554598986,0.041881370274947115
0.46077376206778337,0.4973431280363045,0.04188310989591211
0.4601070797453955,0.49802640973126544,0.04186651052333899
0.46065634880907574,0.49745534500553773,0.04188830618538639
0.4608029261188912,0.49731536741597965,0.04188170646512919
0.46055144278669685,0.49757361536433176,0.041874941848971246
0.46051908059852265,0.49759500357908476,0.04188591582239261
0.4602449924634594,0.49788132394966345,0.04187368358687715
0.46084246260373324,0.49728458832402195,0.04187294907224498
0.4605246621082078,0.4975839236423324,0.041891414249459975
0.4602828465684255,0.4978473316599672,0.04186982177160752
0.4605958616484801,0.4975100545539447,0.04189408379757529
0.4608433716166528,0.49727759509006625,0.041879033293281055
0.4602531695989387,0.4978545263139907,0.04189230408707072
0.46040433143342085,0.49771505532631344,0.04188061324026583
0.46059782090287643,0.4975080233015093,0.04189415579561428
0.46091759901557566,0.4972167161841789,0.041865684800245266
0.4609456953621982,0.49718625296734076,0.04186805167046101
0.45989385881018324,0.49824021072068686,0.04186593046912995
0.46078623318453926,0.4973350117579626,0.041878755057498065
0.4606097659475958,0.49750021410477574,0.041890019947628795
0.4607750230110455,0.4973419261116616,0.04188305087729292
0.36087191892759823,0.5973581744530575,0.04176990661934433
0.46086577610086604,0.4972602373684146,0.0418739865307193
0.460902993868448,0.49722120156800165,0.041875804563550216
0.46094947875768955,0.4971806618992377,0.041869859343072455
0.46069702532572415,0.4974164804733372,0.04188649420093861
0.4608478696868458,0.4972790307263479,0.041873099586806316
0.46083493433429346,0.4972854202494215,0.041879645416284916
0.4609369572548994,0.4971904330713483,0.04187260967375234
0.46091922973369814,0.49721500242315064,0.04186576784315121
0.46051833977420703,0.49761783130622483,0.04186382891956806
0.46028711110570464,0.4978350708969305,0.041877817997364876
0.46091996734250584,0.4972142262049368,0.041865806452557414
0.46064127419049616,0.4974698565681449,0.041888869241358824
0.4608014181408063,0.4973168006824169,0.041881781176776905
0.4601990490330175,0.49791210086183557,0.04188885010514707
0.46094013060019806,0.49718769629970705,0.0418721731000948
0.4608489200325782,0.4972779473235556,0.04187313264386622
0.460541254255447,0.4975836014481569,0.041875144296396126
0.4609328784671859,0.4972004969895082,0.04186662454330594
0.46022578562588873,0.4978884207218466,0.04188579365226472
0.46039712356657614,0.4977369226983502,0.04186595373507378
0.4602464876444527,0.4978689922689929,0.04188452008655431
0.4608727333480471,0.4972493993666231,0.0418778672853298
0.46090518690643556,0.49719623171577526,0.04189858137778919
0.46025253117132475,0.4978753936834107,0.04187207514526469
0.4601987111607634,0.49791204892710605,0.04188923991213048
0.4608690358211317,0.4972566375275138,0.041874326651354626
0.46025966910578986,0.49784792320641,0.041892407687800136
0.46054575006076254,0.4975791957280006,0.04187505421123679
0.46070646851371944,0.4974208532282555,0.041872678258024994
0.4608417614198165,0.4972598902992138,0.041898348280969805
0.46069012995383496,0.49742308715872474,0.04188678288744037
0.4609011064978651,0.4972339093612368,0.04186498414089835
0.46066095243866645,0.49745006766918515,0.041888979892148175
0.4614182629453249,0.49669788391177094,0.041883853142904166
0.46064628873708835,0.497465025001209,0.04188868626170275
0.4608019939506102,0.4973162533702011,0.04188175267918851
0.4608393333632213,0.4972851561099982,0.04187551052678051
0.4609351478694127,0.49719201491967313,0.04187283721091413
0.46067447640987047,0.49743792819719085,0.04188759539293876
0.45973306835427546,0.4984011428888585,0.04186578875686633
0.4602863265174733,0.4978440336416794,0.04186963984084692
0.4612818134339284,0.4968240452957409,0.04189414127033074
0.4603403790356801,0.49776674056011155,0.04189288040420826
0.4606563834018101,0.4974545373528474,0.0418890792453426
0.46073955686984647,0.49738426221065407,0.0418761809194995
0.46094503670546916,0.49718702589599784,0.04186793739853296
0.4594686367442109,0.4986653277078098,0.04186603554797891
0.45837892409213016,0.4997382395597249,0.04188283634814503
0.46027911817705136,0.4978508551534343,0.041870026669514206
0.46024766635910264,0.49787737861887277,0.04187495502202454
0.46076630213572894,0.4973502415403584,0.04188345632391279
0.4607756629188611,0.49736151345865254,0.041862823622486424
0.4608990091543886,0.49722489013076404,0.04187610071484726
0.46078695146905563,0.49734070014264753,0.04187234838829677
0.4602382358451684,0.49787677060027,0.041884993554561586
0.46062087486923,0.49751625356656676,0.04186287156420336
0.4606639131805842,0.4974629557205043,0.04187313109891154
0.4608029761137229,0.49732461304945624,0.04187241083682107
0.4607258546858281,0.49738871253853095,0.041885432775640975
0.45929907517610724,0.498941419709307,0.041759505114585684
0.4349957400150303,0.5232402684290003,0.04176399155596932
0.4608758592306208,0.4972599160467266,0.04186422472265243
0.4609343218350819,0.49719274117637957,0.04187293698853851
0.4604150095211037,0.49769240579404744,0.0418925846848491
0.46020176488360803,0.4979100940971775,0.04188814101921455
0.46069796197705803,0.49741558318415985,0.04188645483878193
0.46049654503608123,0.497639331458892,0.04186412350502659
0.46093445658812576,0.49719262253977303,0.04187292087210122
0.4606396487274256,0.49747142454237886,0.04188892673019529
0.45159822568541036,0.5066751022744755,0.041726672040114106
0.46041288187724005,0.4977187421266228,0.041868375996137165
0.46068962477693287,0.4974235712575523,0.041886803965514745
0.4607749065807677,0.497345844778698,0.041879248640534154
0.46087234150020845,0.4972524134003085,0.041875245099483
0.46123870082100416,0.4968659511659704,0.041895348013025246
0.4605163344772254,0.4975963638144031,0.041887301708371474
0.4607341569751402,0.4973809414272392,0.04188490159762041
0.4598879291385982,0.4983449753100376,0.04176709555136428
0.46094896553538733,0.4971808245325019,0.04187020993211114
0.4608348866301197,0.4972923313122163,0.04187278205766377
0.46065362579818675,0.4974580859652701,0.04188828823654325
0.4608712886713415,0.4972539910228662,0.0418747203057921
0.4608973316603454,0.4972264456798134,0.041876222659841214
0.46071828779609514,0.49740913138822385,0.041872580815681334
0.4606806780410706,0.497431976048242,0.041887345910687664
0.4609110406760244,0.4972137850699384,0.04187517425403719
0.46064866394581977,0.49746284381672246,0.04188849223745761
0.4604633762543037,0.49767198449879047,0.041864639246905706
0.4608360578999273,0.49730049316792146,0.041863448932151374
0.46087687148225653,0.49724552216935947,0.041877606348383604
0.4605284922883687,0.4976078046645754,0.04186370304705593
0.46064014171200385,0.4974710105985451,0.04188884768945102
0.46030102036990533,0.49783003006040655,0.04186894956968797
0.46049159450337973,0.49761656039714947,0.04189184509947055
0.46037859942809434,0.49774214688654966,0.04187925368535581
0.4607756635673576,0.4973615128059884,0.041862823626653806
0.46087785159136524,0.4972446046654951,0.04187754374313986
0.46073497332736124,0.49738877657973024,0.04187625009290833
0.46019870391098455,0.4979121085015649,0.04188918758745045
0.4606645455620045,0.4974474660830062,0.041887988354989476
0.46088598209226034,0.49723260905471567,0.04188140885302376
0.46020745087126524,0.49790519042608694,0.04188735870264777
0.460648353663449,0.49746303696289806,0.041888609373653
0.46087207663098145,0.4972523419686417,0.04187558140037685
0.460692625032115,0.4974345660641268,0.04187280890375835
0.4602098540109437,0.4979030434657722,0.04188710252328391
0.46030007770343945,0.4978309316219029,0.04186899067465768
0.4602019471435511,0.49790994416979145,0.041888108686657446
0.46091612170583873,0.4972182661323521,0.04186561216180924
0.46064933612750647,0.4974620913159032,0.041888572556590314
0.4608880766103472,0.4972350532349525,0.041876870154700326
0.4607332724864707,0.497381626517104,0.04188510099642544
0.46086580091088675,0.4972584951909856,0.041875703898127774
0.4602045793051429,0.49790495459837647,0.041890466096480554
0.46076526357884406,0.4973512322279398,0.041883504193215855
0.46028976448739195,0.4978407676423832,0.041869467870224886
0.460792583302562,0.4973444676044447,0.041862949092993464
0.4602555787935585,0.49787268129268625,0.04187173991375536
0.4607109978646982,0.49740309912232666,0.041885903012975303
0.4606362056433959,0.4974747668696021,0.04188902748700204
0.4614095688712615,0.4967041763546951,0.04188625477404328
0.45821872283022247,0.4998990246748246,0.04188225249495295
0.4604413203540382,0.49766630565592196,0.041892373990039526
0.4609120526026186,0.4972128559528119,0.041875091444569364
0.46045262547733634,0.4976825493944137,0.04186482512824965
0.4608699552528071,0.49725558584577495,0.041874458901418006
0.4605879678270413,0.49752161610784085,0.041890416065117814
0.4607447960882686,0.4973707728237386,0.04188443108799288
0.46038678922270687,0.4977342088047794,0.04187900197251349
0.4173327917723742,0.5410525695824872,0.04161463864513839
0.4602943637754732,0.4978233801997462,0.041882256024780504
0.4603207625656529,0.4978002734014411,0.04187896403290581
0.4602187673318648,0.4979142068393165,0.04186702582881887
0.46021373020890777,0.4978995348234792,0.041886734967612874
0.4606155386528934,0.49752155690462346,0.041862904442482994
0.4606987011736367,0.49741469545714895,0.041886603369214376
0.46070101926715445,0.4974266165473959,0.041872364185449706
0.46092300745787673,0.4972028641765817,0.0418741283655414
0.46029098930862994,0.49783960238656805,0.04186940830480192
0.46065022101227426,0.4974613508665833,0.04188842812114257
0.46087910612090127,0.4972565863695984,0.04186430750950029
0.4608014290110811,0.4973168586733489,0.04188171231557009
0.46084439389326015,0.49727665105608815,0.04187895505065163
0.4604909600634976,0.4976328064888523,0.04187623344764987
0.46033820677890586,0.49776891229745746,0.04189288092363695
0.4607670474523216,0.4973495306297874,0.04188342191789098
0.4609016051710612,0.4972333924819883,0.041865002346950356
0.4608437598094812,0.4972578805626005,0.04189835962791847
0.46024737518575276,0.49787976448505095,0.04187286032919603
0.4607588302227232,0.49736140986021715,0.0418797599170597
0.4607592011996099,0.4973648796759846,0.041875919124405414
0.46025002068059595,0.4978577312507972,0.041892248068606794
0.46089036778813747,0.4972450063827792,0.041864625829083194
0.460819470236386,0.4972996609227084,0.041880868840905826
0.4608145765555378,0.4973007502618815,0.041884673182580455
0.4605435801665472,0.49758132229109836,0.04187509754235438
0.46081877600757326,0.4973086811702725,0.041872542822154066
0.46038276496852937,0.4977244623549256,0.04189277267654484
0.46064566539610424,0.49746562527788163,0.041888709326014115
0.4605851969407471,0.4975343191297373,0.04188048392951576
0.46074494775466196,0.4973815258858713,0.041873526359466465
0.4608712305105469,0.4972465260407682,0.04188224344868489
0.45101343334563665,0.5072644821260538,0.04172208452830937
0.46140174688575736,0.4967108716643217,0.04188738144992071
0.4607772911793204,0.49734697981148734,0.04187572900919209
0.46091075804748516,0.4972140447255177,0.04187519722699703
0.46029053285229693,0.4978400367444503,0.04186943040325275
0.4609140537001198,0.4972072745398561,0.04187867176002419
0.46080132605573587,0.49731688821347064,0.04188178573079341
0.4606593512323618,0.4974524582656243,0.04188819050201377
0.4606448073404083,0.49746654090588854,0.041888651753703085
0.4603567849787827,0.4977503552604097,0.04189285976080741
0.46025101039596844,0.49787352957135816,0.041875460032673575
0.46075081950314717,0.49736488786635624,0.04188429263049645
0.4605509020791196,0.49758564800532745,0.041863449915552936
0.46073444696080285,0.4973923394018312,0.04187321363736613
0.4602466325553806,0.49786885535960473,0.04188451208501458
0.4605514490383407,0.49756691900355954,0.04188163195809983
0.460937560278778,0.49718990896489673,0.0418725307563251
0.4603406470533041,0.49780013037994575,0.041859222566750016
0.46068329034108646,0.49742964217195784,0.04188706748695565
0.460533958983187,0.49760240283022816,0.04186363818658488
0.4604165447973083,0.49770532195981904,0.04187813324287263
0.4602490369539671,0.4978665823183491,0.04188438072768375
0.460865812678487,0.4972701970796154,0.04186399024189755
0.46065237855199737,0.49745916373729077,0.041888457710711896
0.4602583914390125,0.4978492200450354,0.041892388515952055
0.46031509106967666,0.49781653230713613,0.04186837662318742
0.460653088509763,0.4974584807454549,0.04188843074478189
0.4609301629142716,0.49719642917341994,0.04187340791230842
0.4607101035956953,0.4974039552850361,0.04188594111926858
0.46078092633126394,0.4973363009530487,0.04188277271568756
0.46066147661415896,0.497450557084396,0.041887966301445104
0.46085775807891016,0.4972634707686389,0.041878771152450915
0.4602041540144585,0.49790542288259887,0.04189042310294269
0.46044230028943695,0.4976926868086299,0.041865012901933216
0.46074737964279466,0.49736830463089476,0.041884315726310475
0.46032914940520914,0.49778994009918515,0.04188091049560548
0.46084790280960364,0.49727899658214103,0.04187310060825525
0.4609119516715574,0.49722262924345,0.04186541908499261
0.4607241455631286,0.4973953459635201,0.04188050847335131
0.4604233605918322,0.4977112569880693,0.04186538242009862
0.4602902970878099,0.4978402610485865,0.04186944186360341
0.46080406512768723,0.4973328805768485,0.04186305429546427
0.4608558606422061,0.4972661509333296,0.041877988424464455
0.4607265387211915,0.4973880588679818,0.04188540241082632
0.46055644864407125,0.4975512707483929,0.04189228060753585
0.46026924220595067,0.49785381973013926,0.041876938063910026
0.4607992094846773,0.4973027496528806,0.04189804086244216
0.4602166478042723,0.497896867704562,0.04188648449116569
0.46080037412277247,0.4973144504726886,0.04188517540453879
0.460894254999335,0.4972293025444046,0.04187644245626037
0.46090172045217603,0.4972223793050513,0.04187590024277291
0.4604106133040701,0.4977210306015556,0.04186835609437447
0.460932775244411,0.49720060818219647,0.04186661657339251
0.46087190209252693,0.4972531866493759,0.041874911258097273
0.46101041928367087,0.4970911659940034,0.04189841472232598
0.46041963655972384,0.4976878122635498,0.04189255117672643
0.46020321558138344,0.4979064638225988,0.041890320596017654
0.4604758937365011,0.49764277188142325,0.04188133438207563
0.4602495480285213,0.49786609883215677,0.041884353139321866
0.46057371630529886,0.49756305734613737,0.041863226348563806
0.46067350817149577,0.49744532774796396,0.041881164080540136
0.46087058389678964,0.4972533370806722,0.041876079022538246
0.4609302514504528,0.4971711450136076,0.04189860353593968
0.46076915584331846,0.4973474371599538,0.041883406996727456
0.4606426825324343,0.4974684989310002,0.041888818536565356
0.460198741451932,0.49791217849898645,0.041889080049081324
0.4606379154915346,0.4974730985872103,0.041888985921255006
0.4603160478819213,0.4978156119963693,0.04186834012170931
0.46086632028923735,0.4972696783491879,0.04186400136157481
0.46028400385541834,0.49782331359613347,0.04189268254844804
0.4608056999731555,0.4973128291882098,0.041881470838634596
0.4608105277867884,0.49731700847622745,0.04187246373698422
0.46091154408911494,0.4972092621344137,0.04187919377647133
0.4606671976617763,0.49744491811681574,0.04188788422140824
0.4533285011378971,0.5049301033279949,0.04174139553410785
0.46083959891104004,0.4972806028384682,0.04187979825049178
0.4609381932170005,0.49719472144439414,0.04186708533860526
0.46024587868288325,0.49787959255468844,0.041874528762428385
0.4603038547307813,0.49782731705426086,0.04186882821495752
0.33984492027034646,0.6182434970050056,0.04191158272464777
0.4602875949305211,0.49781969410271076,0.041892710966767825
0.46064630949726704,0.4974909497340804,0.041862740768652706
0.4602867719733244,0.49784361088373585,0.04186961714293969
0.4606833698990596,0.49745400064405015,0.041862629456890156
0.46063633844274093,0.49747464216405984,0.04188901939319924
0.4606372394330248,0.49747375276233535,0.04188900780463991
0.4606165368786316,0.49748867631978155,0.04189478680158672
0.460871631995305,0.4972535518705996,0.041874816134095404
0.45962481708331443,0.49850936235819643,0.041865820558489225
0.4608867001418737,0.49723633668874223,0.041876963169383816
0.46139180259693696,0.49671974560290966,0.041888451800153145
0.4606465554565945,0.49746486525323164,0.04188857929017367
0.46094187611403276,0.4971862186660181,0.04187190521994911
0.4602383621275289,0.4978766518522303,0.04188498602024084
0.46093458395482284,0.49719251046205215,0.04187290558312502
0.46094070843850893,0.4971919412855805,0.04186735027591071
0.46063621257204584,0.4975009999043783,0.04186278752357605
0.4606261308752218,0.49748416460850825,0.041889704516269874
0.46062276851122747,0.4974957174241431,0.04188151406462957
0.4591092765241863,0.499023459986646,0.041867263489167826
0.46065082192318246,0.4974606614564008,0.041888516620416705
0.46024056333530877,0.49787458043676686,0.041884856227924136
0.45820075991330095,0.49992226738260126,0.04187697270409773
0.46051679853242766,0.4975964733384448,0.04188672812912765
0.4607032536840804,0.4974103347022454,0.041886411613674214
0.4608917822689817,0.49722718479421585,0.04188103293680245
0.46054161214005235,0.49758325077811844,0.04187513708182914
0.45771271638093763,0.5004973490093146,0.04178993460974779
0.4602451902821723,0.4978805670374261,0.04187424268040153
0.46076184201253995,0.4973544966885856,0.041883661298874185
0.4606469193044433,0.4974644178374811,0.041888662858075465
0.46076090100816697,0.49736319984607,0.04187589914576306
0.4607466078834214,0.49736890224598634,0.041884489870592234
0.46065174257780817,0.4974598918565894,0.04188836556560244
0.4603578920793706,0.49777514282804136,0.041866965092588096
0.460637317832133,0.49747371072341984,0.04188897144444718
0.4602292783261217,0.49787897159957206,0.04189175007430597
0.4032126528285063,0.5551655916538489,0.04162175551764463
0.46094808671191173,0.4971813470656096,0.041870566222478596
0.46055208907745115,0.49757298170916914,0.04187492921337966
0.4608097467404225,0.4973090159619075,0.04188123729766987
0.4609325873415673,0.49719427337803007,0.041873139280403066
0.46082351502449864,0.4972960833412148,0.04188040163428672
0.46089237641450526,0.49723104923479017,0.041876574350704666
0.4613904856474524,0.4967330513850148,0.041876462967532675
0.460324396825749,0.497782732177664,0.041892870996586985
0.4602788176764541,0.49785113864426933,0.04187004367927647
0.46008655669307047,0.4980470103671606,0.04186643293976861
0.4609492682403443,0.4971806979790142,0.04187003378064163
0.460860071274773,0.49726235701703697,0.04187757170818992
0.460471421611513,0.49767242571257114,0.04185615267591599
0.46066439971939177,0.49744775388225165,0.041887846398356535
0.4605071664896288,0.4976235177595522,0.04186931575081899
0.4605163597388556,0.4975962160602514,0.04188742420089288
0.46081308574049434,0.49730218688752365,0.04188472737198234
0.46078307178559713,0.49735405376700526,0.04186287444739758
0.4609261537866085,0.4972000232213408,0.04187382299205047
0.45966643239422594,0.49846777090294325,0.0418657967028308
0.46024650686372065,0.49786897411133507,0.04188451902494391
0.46040871133605865,0.49771293336374445,0.04187835530019688
0.46019889301030487,0.4979121671099093,0.04188893987978576
0.4606884113472668,0.49742455814733766,0.041887030505395655
0.4606539359095398,0.49747280617368156,0.04187325791677862
0.4605105473628023,0.49759784673445134,0.04189160590274646
0.46028807114358616,0.4978340708239359,0.04187785803247795
0.46077015602826193,0.4973464866627434,0.04188335730899471
0.46043309148888295,0.4976983500533634,0.04186855845775374
0.4605408428540751,0.4975759819131756,0.041883175232749016
0.4606872342001276,0.4974258622172192,0.0418869035826534
0.46073974098941917,0.497375603469913,0.04188465554066788
0.4607535798904141,0.4973622579342613,0.04188416217532495
0.46094400022372606,0.49718822492406173,0.041867774852212235
0.4608231844180521,0.4973042197811147,0.041872595800833225
0.46068953767625787,0.4974236547249752,0.04188680759876668
0.4603412042938188,0.4977783131159372,0.04188048259024425
0.4602366039371056,0.49787143956525465,0.041891956497639826
0.46037899473597005,0.49775461044987324,0.04186639481415665
0.4608484831626275,0.49727288578069284,0.04187863105667973
0.46080770507085905,0.49732920360484006,0.04186309132430082
0.4602605536783615,0.49784702568353995,0.04189242063809841
0.4608639467575252,0.49725891881802553,0.041877134424449146
0.46076875162531733,0.4973589058942992,0.041872342480383365
0.46056790116880003,0.49755045915203006,0.04188163967917007
0.46072361392086714,0.49739085415355005,0.04188553192558272
0.4606624618368295,0.4974496122655327,0.041887925897637776
0.460915683035917,0.4972095302538323,0.041874786710250696
0.4607635827619893,0.49736406602999933,0.04187235120801118
0.46064729785579017,0.4974641535417801,0.04188854860242978
0.46070278546150123,0.49743460366337006,0.04186261087512858
0.46053166359284664,0.49760467123330765,0.04186366517384568
0.4604793328003671,0.4976516536065916,0.04186901359304122
0.460756024519648,0.4973573992086885,0.041886576271663645
0.4605620226902827,0.49755633805551075,0.041881639254206744
0.4608047304088224,0.4973102450067287,0.041885024584449065
0.46094877260754213,0.49718092560255894,0.041870301789898916
0.46030392394795167,0.4978272507601417,0.041868825291906546
0.4606753126483769,0.49743728983025676,0.0418873975213663
0.46034942251130506,0.49778336346720437,0.041867214021490594
0.4605519524391634,0.49757311567820106,0.041874931882635455
0.46082944221938077,0.4972864462452827,0.04188411153533635
0.46065245053490916,0.4974590944858245,0.041888454979266104
0.4607552557982902,0.4973820300373327,0.041862714164377056
0.46070653597346994,0.49740737126353013,0.04188609276299981
0.4586861456574298,0.499443724017204,0.04187013032536607
0.4603688601790263,0.4977510882243912,0.04188005159658259
0.4607755316803092,0.4973414412891382,0.0418830270305527
0.4606367660333955,0.497474211776467,0.04188902219013736
0.4608607475531412,0.49726175256952426,0.041877499877334634
0.46019955508804494,0.49791074242437844,0.04188970248757646
0.460428196556056,0.49767931830882917,0.041892485135114864
0.45913144296257563,0.49900139915497943,0.041867157882444814
0.46032036742116167,0.49780067963031704,0.041878952948521425
0.46076025446067376,0.4973770085158853,0.04186273702344084
0.46059837560751965,0.49752172230115016,0.041879902091330086
0.46064526129906125,0.497466105796344,0.041888632904594485
0.46051208707896224,0.4976185413185047,0.0418693716025331
0.46087793270725996,0.49725779012751714,0.04186427716522292
0.4608199759773558,0.49731679375083715,0.04186323027180709
0.4606228024324606,0.4975034989725267,0.041873698595012956
0.46087019232130705,0.49726571903264916,0.04186408864604358
0.460711456640816,0.4974026599106174,0.04188588344856651
0.4604372756595835,0.49768171922316184,0.04188100511725465
0.46031633926509347,0.49780482336475,0.041878837370156324
0.4606579250774199,0.497453963011949,0.04188811191063087
0.4604081180684652,0.4977112178414371,0.041880664090097525
0.46019527911995,0.4979378172066898,0.0418669036733601
0.4608701652445562,0.49725366041926405,0.04187617433617986
0.4602783190173179,0.4978290491337619,0.0418926318489203
0.46081594692281075,0.49732087091644167,0.04186318216074742
0.4603169181086383,0.49780422761631493,0.04187885427504681
0.4604312523043038,0.49769101930293264,0.04187772839276371
0.46031975246059825,0.49778738534727424,0.041892862192127456
0.46074812990392805,0.4973891843120277,0.04186268578404443
0.45908173491229115,0.49905086472210436,0.041867400365604546
0.4604657224565241,0.49765744006641166,0.04187683747706434
0.46065667634020185,0.49745503005002506,0.041888293609773156
0.45862173462209677,0.49949608243397153,0.04188218294393161
0.4605279082918089,0.49759050598872556,0.04188158571946566
0.4608304615675472,0.49728958846281146,0.04187994996964101
0.46057277797307816,0.49756398715355543,0.04186323487336634
0.4334072470855231,0.5249547036844874,0.041638049229989635
0.46064468590207774,0.4974665686841725,0.041888745413749866
0.4606127225259628,0.49752435492829533,0.04186292254574171
0.46057773738252206,0.49753166996227066,0.041890592655207386
0.4606407497032612,0.4974704284804695,0.04188882181626944
0.4607924648037875,0.49734458710081625,0.041862948095396334
0.4607707875036175,0.49734596391309266,0.04188324858328977
0.46032914310437406,0.4977779798229872,0.041892877072638786
0.4608100162552241,0.4973175241414002,0.041872459603375614
0.46090399944932564,0.4972159264242085,0.041880074126466056
0.46064705136260775,0.49746429068951586,0.041888657947876155
0.46091320837058464,0.4972213161055839,0.04186547552383144
0.45843504914690125,0.4997644733564578,0.04180047749664066
0.46094595870327715,0.49718290036661855,0.04187114093010425
0.45960654152335284,0.4985210338095049,0.04187242466714217
0.4602692450205615,0.4978538167504391,0.04187693822899941
0.4609407907762446,0.4971871346421333,0.04187207458162193
0.45948439118975554,0.49864960378553463,0.04186600502470968
0.4602146033176597,0.49789423172441744,0.041891164957922826
0.46084233917046163,0.49727407266096524,0.04188358816857326
0.460752406969128,0.4973633753069662,0.041884217723905694
0.46087184001602566,0.49725327286757764,0.041874887116396885
0.23208402303547826,0.7180487099233817,0.04986726704113997
0.4609134573574472,0.49720890500517145,0.04187763763738152
0.460929225542694,0.4971972665120009,0.041873507945305206
0.4605690827829063,0.49754927776729563,0.04188163944979784
0.46086154513413374,0.49726477063025826,0.04187368423560794
0.4606460331646538,0.4974653659275183,0.04188860090782797
0.46080215282093373,0.4973161754447073,0.04188167173435899
0.46080730070741704,0.4973296121728701,0.0418630871197128
0.4604155760904503,0.49770626345342583,0.041878160456123754
0.4607254154972141,0.4974020557006061,0.04187252880217995
0.46076201855557114,0.4973752357578322,0.041862745686596516
0.46057660592927974,0.4975327822479935,0.04189061182272696
0.4604690363116972,0.4976664184992338,0.041864545189068944
0.46033672187626484,0.4977955118260317,0.0418677662977035
0.46076933212732796,0.497356271961418,0.04187439591125366
0.46069215637558936,0.49743503000227723,0.04187281362213351
0.46031450630860465,0.49779264501316345,0.04189284867823187
0.4603197409512133,0.49778739688210066,0.04189286216668596
0.46030826151731313,0.4978230926941498,0.041868645788536996
0.46079702778094694,0.4973269165386703,0.04187605568038284
0.4605174875449761,0.49759611067175896,0.04188640178326501
0.46090780717574437,0.49721250797475197,0.04187968484950363
0.4607435138742557,0.49738406433198523,0.041872421793758996
0.460932754705967,0.49720063030243,0.04186661499160276
0.4603997218116118,0.49773438439086926,0.0418658937975189
0.46065061871306756,0.4974712917393755,0.041878089547557146
0.46019871609971635,0.4979121558896432,0.04188912801064026
0.46080121806616053,0.497317057816994,0.04188172411684575
0.46061442327607915,0.4974956449531294,0.04188993177079155
0.46063655727355685,0.49747443494554344,0.04188900778089958
0.4609485116070409,0.4971810770124146,0.041870411380544564
0.4605031139304907,0.4976209296115878,0.041875956457921346
0.4601987242596559,0.4979121662454978,0.04188910949484649
0.46065304270579527,0.49745852480772823,0.0418884324864766
0.4607070363868841,0.49742045952656494,0.04187250408655073
0.460852935152135,0.4972737917012798,0.0418732731465851
0.4605583493750572,0.49757827743813177,0.04186337318681118
0.46070481597117613,0.4974090183685108,0.04188616566031286
0.4602483994006845,0.4978789359828981,0.04187266461641713
0.46068081420635115,0.4974418845549548,0.04187730123869407
0.46086539327405035,0.49725628904504166,0.041878317680907926
0.4603549018096379,0.49776508194353497,0.041880016246827245
0.46068322285210017,0.49742970686084087,0.04188707028705887
0.4608775551001693,0.49725817739588063,0.04186426750395026
0.46074795748623437,0.49736523393417087,0.041886808579594766
0.460301578457605,0.4978294961299321,0.04186892541246301
0.4606393952102645,0.4974717250889765,0.041888879700759094
0.4608516058293244,0.4972751702356423,0.0418732239350332
0.4604628403290906,0.4976559221463496,0.04188123752455964
0.4608069812133798,0.49731162137007945,0.04188139741654069
0.4608904503905835,0.4972328417454094,0.041876707864006935
0.46066219929789237,0.49744986403714364,0.04188793666496397
0.4602869585869783,0.49784343374090145,0.04186960767212025
0.4605987956426846,0.4975109816587446,0.04189022269857083
0.4605591698812595,0.4975660377291442,0.0418747923895962
0.46083129885674107,0.4972888072926225,0.04187989385063656
0.4601992411938182,0.4979119950463308,0.04188876375985074
0.46043907626313274,0.49767990031115683,0.04188102342571046
0.4604088294376792,0.4977254808419333,0.041865689720387636
0.4604436403333925,0.49766400653640425,0.04189235313020313
0.4602137066464811,0.497895175887232,0.04189111746628718
0.4607521118163503,0.4973637849401037,0.041884103243546
0.460266980803696,0.4978405119224634,0.04189250727384066
0.4607909357434489,0.49733353188984974,0.041875532366701274
0.460735301416928,0.4973843945300921,0.04188030405297986
0.46071184533940474,0.497391193322227,0.04189696133836842
0.4609132185024037,0.49720918965428884,0.041877591843307624
0.45873764735847533,0.49945709782267267,0.041805254818852146
0.4607501421101185,0.4973761655732774,0.041873692316604025
0.4608464606362392,0.497280482025209,0.041873057338551914
0.4606361436273396,0.49747482353906347,0.041889032833597066
0.46026581783754483,0.49785745387255753,0.04187672828989756
0.4606550867637933,0.4974565586976252,0.041888354538581356
0.4607305531871988,0.49738438742112456,0.04188505939167651
0.46085040403470495,0.4972663557349223,0.04188324023037289
0.4607114466397474,0.4974024912823873,0.04188606207786544
0.46076502438639494,0.4973514604077236,0.041883515205881405
0.4607898342643581,0.4973278188547909,0.041882346880851004
0.46077613948911345,0.4973408037685636,0.04188305674232306
0.45948294145320806,0.498651050795325,0.041866007751466996
0.4608107589414293,0.49730442982821965,0.041884811230350864
0.46066355547657667,0.49744856348603594,0.041887881037387435
0.4608979330833927,0.49723719514644626,0.041864871770160954
0.4609176678264589,0.4972077176122666,0.04187461456127462
0.46062663632288403,0.4974997228782947,0.0418736407988212
0.46055642808119074,0.4975512924983851,0.04189227942042421
0.46087143769477795,0.4972527818203362,0.041875780484885654
0.46027469558145756,0.49784219346899844,0.04188311094954378
0.4604873140520298,0.4976312782810294,0.04188140766694072
0.4609240192984242,0.4972019488304824,0.041874031871093155
0.4603000227805239,0.49783098413821,0.04186899308126607
0.460754945233063,0.497361079501411,0.04188397526552601
0.4603971261627883,0.49773692016246746,0.041865953674744084
0.46068461846539743,0.4974433761107877,0.04187200542381495
0.4607656689725143,0.49736008318431896,0.0418742478431667
0.46075835698084255,0.4973578226254417,0.041883820393715666
0.46076100142975046,0.4973552988136903,0.041883699756559506
0.4603510838475162,0.49776877192490016,0.041880144227583786
0.46066985126946713,0.4974423692998388,0.04188777943069395
0.4608069554324872,0.49732060798038374,0.04187243658712908
0.46045374707064446,0.49768144764500105,0.04186480528435432
0.4605865442342577,0.49755034022520594,0.0418631155405362
