0,1,2
0.43887370603865117,0.5380325162711136,0.023093777690235084
0.43494436305979023,0.41792077240461084,0.14713486453559932
0.47547532772372997,0.508613899492616,0.015910772783653954
0.5180658071262593,0.46277852640786304,0.019155666465877914
0.433743891635787,0.5423290864310888,0.023927021933124494
0.48214138837488185,0.5002605744635102,0.017598037161607773
0.4490032674492517,0.503864895302296,0.04713183724845261
0.5042380593285113,0.46227580249077616,0.03348613818071235
0.4835094036504507,0.4717999005890445,0.044690695760504655
0.488812995062003,0.489506572285155,0.021680432652842155
0.459836967402895,0.5154350085580064,0.024728024039098524
0.46815224942381745,0.5167832844146729,0.015064466161509995
0.4082989721087291,0.47250287083738435,0.11919815705388706
0.47064377323288276,0.4624985647259872,0.06685766204112978
0.4595711618165484,0.4923675066146697,0.048061331568781666
0.48430433177621723,0.49019126667736135,0.02550440154642149
0.4533380866801989,0.5177919970182866,0.028869916301514812
0.39794239291425026,0.5448919486680464,0.057165658417703144
0.4655433461357364,0.4754356632683687,0.05902099059589518
0.427056867205482,0.45376278438996065,0.1191803484045571
0.450388182658714,0.48432040687285577,0.06529141046843011
0.47355524240731905,0.5123549175811196,0.01408984001156128
0.40904499252144744,0.550811696863142,0.04014331061541014
0.46468916197658205,0.5073376428201823,0.027973195203235227
0.44273006062124354,0.543081359795583,0.014188579583173268
0.47390265410027477,0.5045341792691551,0.02156316663057038
0.39382974445568436,0.564912298128039,0.04125795741627702
0.5830008658556945,0.41528302524551297,0.001716108898791709
0.47672223765748495,0.49399568831641066,0.02928207402610404
0.46614952209838056,0.461757321177535,0.07209315672408494
0.5836740466770296,0.3934320823831482,0.022893870939821873
0.48901664906378706,0.4848801960707677,0.026103154865445538
0.47855984547463115,0.4837051831980318,0.03773497132733716
0.4554559295381201,0.5184159365617457,0.026128133900134607
0.5005548067912865,0.47207599264115835,0.027369200567555513
0.36286236152777696,0.6197271403829406,0.017410498089282616
0.3771848646426106,0.6043294654727934,0.018485669884596358
0.42209271141267457,0.5397307242907834,0.03817656429654115
0.4465948544834575,0.5179291700038883,0.035475975512654745
0.4753793871322564,0.48118394246373186,0.043436670404011654
0.45990908158144267,0.5139030853337656,0.026187833084791456
0.48972064467014975,0.4803406130099035,0.02993874231994673
0.5891678149884327,0.3996424620157925,0.01118972299577482
0.4510487611338562,0.5118966969465736,0.03705454191956981
0.4202254003858803,0.5048055903887294,0.07496900922538985
0.5144152668455236,0.46267211367155403,0.022912619482922395
0.451516291790622,0.5245421558738593,0.023941552335518444
0.4825925936809037,0.468847925071709,0.04855948124738785
0.49097390576195804,0.4927980859535007,0.016228008284541292
0.46341740665130093,0.5143032671127643,0.02227932623593468
0.42610258291044256,0.5511167184401274,0.022780698649430456
0.4293114130589728,0.5166297344477786,0.05405885249324891
0.4242026480449983,0.47452229303223525,0.10127505892276624
0.45969666553332456,0.5000726792741446,0.04023065519253055
0.4462887276997691,0.46187325546651126,0.09183801683371982
0.49562616745361954,0.46122979302378614,0.04314403952259461
0.3820965359046415,0.5236661582193795,0.09423730587597955
0.4829843216334489,0.49078253940956107,0.026233138956989664
0.44396120054011257,0.5469692038983688,0.009069595561518764
0.46141378692624313,0.5275691494219488,0.011017063651808084
0.44506943445456126,0.5372541707891656,0.017676394756273292
0.45888655169823644,0.46015472094757676,0.08095872735418706
0.43639599073346697,0.512273829918766,0.05133017934776673
0.4377687740968909,0.4987341050161226,0.06349712088698681
0.4698809874730218,0.5024546557279898,0.027664356798988304
0.45539334439626333,0.49697534972011803,0.04763130588361863
0.4379058838168182,0.522526705954552,0.03956741022862941
0.5255943951755092,0.3893060062448547,0.08509959857963584
0.4164550715478391,0.552757170601847,0.030787757850313912
0.43111299256353636,0.5092272523477867,0.05965975508867739
0.3069939084235227,0.6471193256959171,0.045886765880559975
0.4837737098486037,0.4917471878634268,0.02447910228796953
0.4154169550007571,0.5460381285307802,0.03854491646846273
0.4663155723492329,0.5071979336621313,0.026486493988636214
0.5004665290924791,0.4736008102318102,0.025932660675710286
0.4991868420143401,0.48467573386024126,0.016137424125418513
0.47002582935813125,0.5117717144692616,0.018202456172607333
0.4401181427658358,0.533362054432918,0.026519802801246103
0.45827235840721287,0.5284810402191654,0.013246601373621485
0.44671733832480354,0.4879727800618217,0.06530988161337475
0.4554714044587111,0.44638766570607147,0.09814092983521705
0.45134252760816346,0.47025894625211906,0.07839852613971769
0.4151452631171194,0.4978233477969755,0.08703138908590514
0.484776887829903,0.47419564731121344,0.041027464858883936
0.4598586931281426,0.5146332290972183,0.025508077774639395
0.4491321627567863,0.4868750268159965,0.06399281042721734
0.5225397376722828,0.46144688748123375,0.01601337484648391
0.454262798407261,0.5234459204663234,0.02229128112641575
0.472644742382929,0.5030338044503002,0.024321453166770722
0.47123061165499935,0.49130350210876195,0.03746588623623906
0.42217494314852794,0.5633963379426001,0.014428718908871714
0.46849321003253463,0.4961588980992689,0.03534789186819622
0.4648454584391754,0.4576786850247963,0.07747585653602797
0.4679527855428922,0.512615094062941,0.019432120394166773
0.6289376270726303,0.36262076378579855,0.008441609141570723
0.5258794880889409,0.4232571814658797,0.050863330445179766
0.4856864874344465,0.48817562180876645,0.026137890756787345
0.494975126906196,0.47775883798173807,0.027266035112065407
0.4725359295690725,0.5074324565146184,0.020031613916308817
0.4767337813751639,0.49907498649472104,0.02419123213011519
0.494241380478197,0.4587094741667735,0.04704914535502907
0.44364221096554585,0.5127875744070087,0.04357021462744558
0.39731730137670174,0.5874458350744947,0.015236863548803352
0.48794103224946733,0.49409618636807706,0.01796278138245583
0.8072240431979116,0.19271684777420847,5.910902788035984e-05
0.2613332981141062,0.7314236889742608,0.007243012911633613
0.5680089175583017,0.3863365630172922,0.045654519424406306
0.30818461848323414,0.6841456034710766,0.007669778045690102
0.5877888853145066,0.3955956075986751,0.016615507086817978
0.4610702126017606,0.4068989369748064,0.1320308504234331
0.42978599742050855,0.47726245076473484,0.09295155181475624
0.4417910020296728,0.5413141696680696,0.016894828302257178
0.48400410568658647,0.4740922466340127,0.04190364767940036
0.4829928154631453,0.4471244829836328,0.06988270155322157
0.44852298079817166,0.5384346577328372,0.01304236146899154
0.48971539295852407,0.4789920223054438,0.0312925847360322
0.3956901472286029,0.5608953643943573,0.043414488377038936
0.4698499341217039,0.5053629420536229,0.024787123824673588
0.4586601411719248,0.5312193555666623,0.010120503261412037
0.49165453645899215,0.48957768087549375,0.01876778266551379
0.4837859970179328,0.4680499415335946,0.048164061448472635
0.3397419144000867,0.6491908780060925,0.01106720759382073
0.47413539546371236,0.48393293327632675,0.041931671259960925
0.46773138492392935,0.4666621539633178,0.0656064611127528
0.3981004509603102,0.5622881075939159,0.03961144144577351
0.5019844612562286,0.4837592197959872,0.014256318947784759
0.4661407666034955,0.5081369370514757,0.02572229634502896
0.48151566864288387,0.4185568534296581,0.09992747792745832
0.44782620314806465,0.5142098914002471,0.03796390545168785
0.4271114060932148,0.44706901782406194,0.12581957608272373
0.46089858877714857,0.45266304421055237,0.08643836701229944
0.38628008569359756,0.5589847730227894,0.054735141283612586
0.4880284608820001,0.44134420028169447,0.07062733883630572
0.44345577037088507,0.5425882883542635,0.013955941274851285
0.42029191118188974,0.5534537849528863,0.026254303865224097
0.3719834093752045,0.5828082580971583,0.04520833252763794
0.46955486554629283,0.4721630020715268,0.05828213238217999
0.4395557543345946,0.5347319579417074,0.0257122877236983
0.4174970689681792,0.5393241769492448,0.04317875408257612
0.5067298642379274,0.4547885756272019,0.03848156013487093
0.4566494283044849,0.503397323209171,0.03995324848634428
0.4067560997398968,0.5689246392771503,0.024319260982952905
0.4694559189435722,0.515121630127248,0.015422450929179751
0.4679188283270304,0.49377220253173,0.038308969141239636
0.39727137117399164,0.4565731473267063,0.14615548149930133
0.37404686723296127,0.6038559313346941,0.022097201432343984
0.533190158461699,0.4448172439654206,0.02199259757288032
0.4608402641578734,0.5003124575981126,0.0388472782440141
0.4647963658241048,0.5035884988784933,0.03161513529740213
0.4228316796380471,0.4072079550345697,0.16996036532738282
0.522783239884649,0.463298647288381,0.013918112826969734
0.4501616092246969,0.5123369171412576,0.03750147363404575
0.4207658208697513,0.5108900527123621,0.06834412641788622
0.4726669502206336,0.48068908599252963,0.04664396378683636
0.45921664538187584,0.508010230830186,0.03277312378793811
0.499997552307239,0.4748375708784133,0.025164876814347682
0.47887228577494245,0.5063153667376157,0.01481234748744201
0.4613590726349424,0.484110760680702,0.05453016668435557
0.4813412552576102,0.5004787536992118,0.018179991043177978
0.48064534596300035,0.48462650382450584,0.03472815021249337
0.46035304558537404,0.5099755733225061,0.029671381092120162
0.4472002436991032,0.509445179755237,0.0433545765456602
0.47012592447218976,0.5037611255202225,0.02611295000758823
0.4950927496067859,0.48176425633293546,0.02314299406027851
0.4516396928333588,0.5115945382496695,0.036765768916971454
0.4286478868322943,0.5664468744875969,0.004905238680108644
0.4232223646537114,0.35542618759891675,0.22135144774737117
0.3988412021734539,0.5795541502891461,0.02160464753740024
0.442420465844018,0.5316976621989755,0.025881871957006586
0.5100234484172173,0.43985443610614816,0.050122115476634276
0.4427891223455534,0.4882014294611481,0.06900944819329805
0.4531773055786012,0.5233322489054907,0.023490445515908367
0.4785873868280413,0.45656545025111694,0.06484716292084201
0.453213868402605,0.5231754573246373,0.023610674272757547
0.40907095117121545,0.44262764312489866,0.14830140570388603
0.4334633078724781,0.42352244806279493,0.14301424406472696
0.4608900997508696,0.5033133004754707,0.03579659977365949
0.438229200360575,0.4188581837290914,0.1429126159103337
0.46779166164926866,0.4857702391101051,0.04643809924062612
0.49317534723703843,0.4777069695725866,0.029117683190374683
0.46884282749579925,0.4245426360464956,0.10661453645770481
0.45631457197287895,0.5023969126488073,0.04128851537831352
0.4546221801483187,0.47693301757944384,0.06844480227223773
0.46724868048235746,0.5003576996714475,0.032393619846195126
0.4606210258125927,0.5263359993855626,0.013042974801844354
0.43313777595151953,0.5573436900659413,0.00951853398253882
0.4654910599127276,0.5059169835528131,0.028591956534458864
0.5145054709758227,0.4730768583109391,0.012417670713238451
0.4455350959110152,0.519627268939505,0.03483763514947967
0.44851382986745075,0.4746298935089736,0.07685627662357566
0.4306839422576871,0.5129117392897977,0.05640431845251482
0.38093668847170753,0.35191606604506764,0.26714724548322527
0.4724307667193783,0.4567713614624394,0.07079787181818237
0.46186794442723156,0.4823942398949648,0.055737815677804003
0.13021624228947562,0.8697583804883835,2.5377222139465843e-05
0.4842327531951828,0.4707348937067569,0.045032353098059995
0.4539460868400685,0.5224709233353634,0.023582989824568117
0.44974293060456966,0.5279347345365304,0.022322334858899718
0.4564428295816572,0.49014928167193594,0.05340788874640657
0.37350735981924305,0.5428683511075788,0.08362428907317877
0.46643446669575545,0.5182652390093082,0.015300294294936722
0.5101995915371536,0.45205395193760944,0.03774645652523789
0.48251646682660393,0.4753058106962184,0.04217772247717834
0.5423605205522264,0.371413461960165,0.08622601748760851
0.3672864207650478,0.38844765569969025,0.244265923535262
0.3953960368974241,0.5435453687390561,0.0610585943635197
0.42707704498075927,0.4115522622014276,0.1613706928178133
0.4490862333886873,0.5104588048729357,0.04045496173837645
0.4260024279201157,0.5539519512152038,0.020045620864680064
0.49683507613726474,0.47364732350030964,0.029517600362425844
0.450250412988203,0.5268225214079173,0.022927065603879804
0.5454045335017151,0.43153664487471777,0.023058821623567004
0.4539671808306228,0.5035636039801528,0.042469215189224495
0.4988590058418563,0.478920596862462,0.022220397295681576
0.49826494330662136,0.4687455552701122,0.03298950142326648
0.4640466335270886,0.5061949020871134,0.029758464385797965
0.39190643592960767,0.5871253662563755,0.020968197814017264
0.5283363742862149,0.4425815245596723,0.02908210115411272
0.5511979969577374,0.43398815387734097,0.014813849164921586
0.4888520991507678,0.47663494970249193,0.03451295114674026
0.45471507778292936,0.5256742499798092,0.019610672237261595
0.41540812703299873,0.5717006010438533,0.01289127192314765
0.44871875092699093,0.5361458839961875,0.015135365076821337
0.4982630854035638,0.46483980153412163,0.036897113062314454
0.4073633789188574,0.5600796787898775,0.032556942291264344
0.4832985663560954,0.49756082429436566,0.01914060934953901
0.4813560403979196,0.49473167449316136,0.02391228510891946
0.4574020999895995,0.4867566873188606,0.055841212691539535
0.5387973689805657,0.4294917927011424,0.03171083831829177
0.46546208338955575,0.5110246420949693,0.02351327451547476
0.4935268024578221,0.4719428106399932,0.03453038690218492
0.44804901920336254,0.5361806363284422,0.015770344468195002
0.518549818674795,0.44976222331239696,0.031687958012808326
0.45774689781405475,0.5155304641406093,0.0267226380453362
0.38575732930647333,0.5026303149340517,0.1116123557594744
0.5193914128504522,0.46358834582947533,0.017020241320072002
0.4381703076377246,0.402757779552754,0.15907191280952176
0.4606568381314984,0.5216731788583397,0.017669983010161424
0.45587522132639013,0.5192538929104167,0.024870885763193462
0.4734715113142685,0.4866906521159515,0.039837836569779836
0.44059220354846895,0.5026425613779715,0.056765235073559954
0.4444714054952648,0.5366252218398879,0.01890337266484677
0.46603316694159275,0.5209732992616781,0.01299353379672895
0.4719282031823137,0.5047524106429615,0.023319386174725176
0.4814414707981393,0.41993095346021886,0.09862757574164217
0.47223570875019044,0.5091142639359794,0.01865002731383049
0.5065174657428707,0.47923746185747207,0.014245072399657005
0.5064684145442443,0.47405616477324025,0.019475420682515832
0.4903270843128332,0.4834406176664172,0.026232298020749088
0.4172394117313137,0.572361393498537,0.010399194770148808
0.4611034796064093,0.5167275663369342,0.022168954056656344
0.49088706474910865,0.4778236578423858,0.031289277408505865
0.4967543176853084,0.42723992663559607,0.07600575567909638
0.4429652250337436,0.517534860774414,0.03949991419184246
0.5385947134828,0.44638145427973763,0.015023832237462408
0.4759421331560641,0.5040751067655195,0.01998276007841621
0.47243766651046454,0.49639815489497324,0.031164178594562025
0.5232711957411212,0.45763708295675065,0.019091721302128273
0.4979648530534655,0.466332811348872,0.035702335597662886
0.4561205302746083,0.43804383884691206,0.10583563087847961
0.4342786112927386,0.5327299682813601,0.03299142042590146
0.41506668444627837,0.552919133979735,0.03201418157398699
0.5022599374632143,0.4763789040468315,0.021361158489954183
0.48293562100960125,0.4960159281620744,0.021048450828324756
0.5064180682752074,0.4706995419638913,0.022882389760900835
0.4623351233497393,0.48980976872631854,0.047855107923941854
0.48482362772751236,0.4938789615078399,0.021297410764647848
0.5711803235072229,0.39274334404711114,0.036076332445666055
0.47549542085945057,0.49377054318417707,0.030734035956372335
0.43143485889343713,0.5465888318939593,0.021976309212602872
0.4770079357201551,0.4352170971460474,0.08777496713379788
0.45994328392922185,0.48081375859550624,0.05924295747527199
0.45020402559917017,0.5386197795072275,0.011176194893602229
0.4573912041984521,0.48140723511803285,0.06120156068351432
0.5097607242530487,0.4578784216106705,0.032360854136280495
0.4635122532520753,0.4993769146115803,0.037110832136344404
0.42785841468731156,0.5336218177767613,0.03851976753592617
0.44024748103389155,0.5074639560213706,0.05228856294473801
0.46527438596983367,0.5010687053772012,0.033656908652964876
0.45079330216402563,0.5305875362048409,0.018619161631133228
0.5176438867736399,0.4647052990052514,0.017650814221109097
0.5143741780293648,0.4527555315988841,0.032870290371751244
0.46084522740342276,0.5024340569136535,0.03672071568292337
0.47597189022970265,0.4928762179591099,0.03115189181118744
0.4857433314582087,0.48038951008571534,0.03386715845607641
0.4103322913463177,0.5491083410642381,0.04055936758944452
0.463462443299256,0.5114587953265307,0.025078761374213325
0.3779165408020793,0.6008890540874532,0.021194405110467815
0.4371644788262611,0.5027578927988683,0.06007762837487075
0.4405593566085109,0.46344952689009294,0.0959911165013959
0.31899167051727856,0.6767291663848009,0.004279163097920689
0.4783534281060301,0.4956915613872158,0.02595501050675434
0.5086313225673592,0.4671362704173729,0.024232407015267667
0.4579667146030475,0.49135844210794044,0.050674843289011735
0.45152091040060743,0.5277334506677169,0.02074563893167546
0.38974110486072233,0.5938109214658067,0.01644797367347024
0.46853565670928937,0.5117253883153544,0.01973895497535631
0.5493363191976646,0.41156483437650687,0.03909884642582904
0.49129902593676295,0.4823947596009582,0.026306214462278498
0.4605212616632321,0.4961779510814388,0.04330078725532875
0.43929848104672753,0.5387110754168325,0.02199044353644018
0.45287973111544094,0.5333396829267292,0.01378058595782957
0.4704428319061425,0.5069014589213677,0.022655709172489474
0.455776947291925,0.5304706232361635,0.013752429471911805
0.4458824057032786,0.518837313094668,0.03528028120205305
0.41076650734271547,0.5570917345347792,0.03214175812250505
0.46028590503319633,0.4825365080406055,0.05717758692619854
0.4358846557078252,0.49403311739953326,0.07008222689264187
0.46858523759877996,0.515573406358555,0.015841356042665088
0.5110179401005186,0.4465540677929741,0.042427992106507044
0.4776256842222495,0.4868725967567252,0.035501719021025016
0.45055014115625264,0.4636909449143301,0.0857589139294176
0.4931132682880382,0.49383302694396947,0.013053704767992082
0.4764836407095586,0.505932009589232,0.017584349701209628
0.4962952577915821,0.4823717014956293,0.021333040712787816
0.5460507039851838,0.43952073788367524,0.014428558131140072
0.5050343468222044,0.4624453928398728,0.03252026033792276
0.47445808947001405,0.5041543441127391,0.021387566417247313
0.4957328909445604,0.45429626998109857,0.04997083907434084
0.49110426076361263,0.48877644154409966,0.02011929769228732
0.5074238793539804,0.47047916833927894,0.022096952306740587
0.4240666799867362,0.49709211280672677,0.07884120720653683
0.5002339002711504,0.3385380932504297,0.16122800647841898
0.4192152339803821,0.5375211651176964,0.04326360090192114
0.41137309343501094,0.5012931280412867,0.08733377852370278
0.3152052945638541,0.671055344191562,0.013739361244584178
0.4165938930522257,0.567672359749377,0.015733747198397086
0.49901321468510057,0.48884968870198725,0.012137096612912042
0.4133502457523356,0.4928109685470015,0.09383878570066309
0.43709852577470926,0.48223309889368804,0.08066837533160236
0.4945454132900871,0.41223812720080016,0.09321645950911239
0.45226651862011935,0.5178522815552239,0.029881199824656694
0.42209140269743023,0.5652361483928176,0.012672448909751605
0.4132664457260419,0.5603944813965344,0.026339072877423503
0.4741944923771566,0.5076809818781574,0.018124525744685708
0.43222464865234667,0.5573343449627909,0.010441006384862624
0.5167496923915401,0.4664406807942323,0.016809626814227253
0.48157754488232496,0.4688078420459879,0.04961461307168762
0.46929622630463663,0.4810238549410533,0.049679918754310055
0.5522564331372907,0.40560403751271545,0.042139529349993696
0.29180378988931177,0.6933206837539557,0.014875526356733382
0.4291819966784839,0.4545735675979838,0.11624443572353238
0.4429126178846099,0.41713305292210706,0.13995432919328274
0.4423679783648674,0.5003687561102138,0.057263265524918734
0.483061359305137,0.4779207445938662,0.03901789610099721
0.4426777811297464,0.5314246431416699,0.025897575728583998
0.45828946650496777,0.48685898141755357,0.05485155207747887
0.4760230145075724,0.4761465684574311,0.04783041703499694
0.45609454530472465,0.5231480939006763,0.020757360794599142
0.46860327388426665,0.5068589898608908,0.024537736254842454
0.4571867708789917,0.529105183396854,0.013708045724154027
0.48283323158254543,0.4792017552784278,0.03796501313902717
0.4549467911977654,0.4959394948554525,0.04911371394678236
0.42975130844644277,0.5002584842573795,0.06999020729617764
0.5165722427592089,0.4707715359299338,0.012656221310857193
0.44498772328126746,0.5239672888645267,0.03104498785420598
0.47588418946358646,0.503661839014893,0.020453971521520866
0.4892077448115894,0.4921645266741909,0.01862772851421911
0.49666188753600193,0.4901380126436669,0.013200099820331017
0.4027592240688529,0.5137835456994182,0.08345723023172874
0.4261191745812847,0.5440850273300462,0.029795798088669247
0.45471847146753136,0.5000823017316961,0.045199226800772874
0.49611412195465887,0.4885972729185249,0.015288605126815754
0.46829160506900336,0.4818023310638069,0.04990606386718994
0.4465594965752189,0.5369539582127619,0.016486545212019258
0.4736488812732894,0.5072637343956622,0.019087384331048785
0.5523453214196618,0.4301383839640859,0.01751629461625197
0.46532347343388597,0.509712855202646,0.024963671363467978
0.47126393419934726,0.4971318914398813,0.03160417436077139
0.41565022237301996,0.5539472607249697,0.030402516902011057
0.4856925717600699,0.4960331463038478,0.018274281936082448
0.48088568724723724,0.4944437064805504,0.024670606272212358
0.46235530081549947,0.519118121640505,0.018526577543995847
0.4687035444650272,0.5158365000398729,0.015459955495099492
0.42267755168390675,0.5585668892576198,0.018755559058474192
0.4665415925191151,0.5205707789106057,0.012887628570279305
0.4926819848401773,0.4745315229469289,0.03278649221289364
0.4867099472813845,0.42877558477158917,0.08451446794702613
0.4446095619173918,0.48649006181417154,0.06890037626843641
0.5205731695785216,0.41704380294001303,0.0623830274814652
0.37602047690400225,0.6090308767328527,0.01494864636314523
0.4104990685615194,0.5650765540750591,0.024424377363421165
0.5418415520002541,0.41931948457792917,0.03883896342181683
0.40837620643168265,0.4410394996465691,0.15058429392174869
0.4301022094164259,0.5258151959453462,0.04408259463822746
0.4765748917297396,0.495132312885931,0.02829279538432944
0.4210709157956748,0.5461973859695429,0.03273169823478176
0.4762427897398275,0.510809902466841,0.012947307793331662
0.43361135239922693,0.49273393887811995,0.07365470872265303
0.45482178751221314,0.517931288931271,0.02724692355651628
0.4113898304375601,0.49600381905320245,0.09260635050923707
0.4762257139907577,0.4744308048739437,0.04934348113529873
0.5110846835530958,0.45326438768394434,0.03565092876295944
0.4513439921518932,0.5119284465512363,0.036727561296870534
0.4040199018683247,0.5785982190075647,0.017381879124110565
0.4964976965065986,0.4728116188464978,0.03069068464690365
0.43502610568259265,0.5411243436899803,0.023849550627427874
0.43681135111827296,0.5471320634645046,0.016056585417222314
0.4461040601659619,0.508391874500234,0.04550406533380365
0.4638323151175145,0.4963331491023342,0.03983453578015155
0.5403197049487639,0.4335063227153015,0.026173972335934752
0.45803865988645054,0.5266791649848365,0.01528217512871293
0.45321463381410904,0.5243589288278532,0.022426437358037468
0.46415453086665487,0.5077440615433372,0.02810140759000788
0.5365844116478007,0.44287822590650655,0.020537362445692556
0.3519282006124863,0.4811079554059179,0.1669638439815963
0.45814076371707424,0.4301272180506176,0.11173201823230822
0.4755031655844631,0.4763400608594938,0.04815677355604345
0.4701537189476641,0.48871569910574864,0.04113058194658699
0.5026903731528504,0.4481789602143575,0.04913066663279247
0.4151823007213254,0.5354470055505295,0.04937069372814546
0.4936525007427006,0.4866656274683153,0.019681871788983722
0.527168478743417,0.4523850369966993,0.02044648425988401
0.41938784462550993,0.5615835913231484,0.019028564051341554
0.4789646166466609,0.4723074975330499,0.048727885820289314
0.45961682614533433,0.5272285038492343,0.013154670005431222
0.46914852195715046,0.5082602302006373,0.022591247842211965
0.4942644527301078,0.43984280985537344,0.0658927374145188
0.4748201186683125,0.5089540879570459,0.01622579337464153
0.34991913155639454,0.6173091293274257,0.032771739116179976
0.1855031769281988,0.8143161813559867,0.00018064171581462656
0.45521812682354107,0.4707197724260509,0.07406210075040771
0.21155645133794207,0.21852471923123876,0.56991882943082
0.5163164835783188,0.40710475086902753,0.07657876555265415
0.4542529311969901,0.5347331775696397,0.011013891233370333
0.43295359283080254,0.5332536699823757,0.03379273718682206
0.46421426119615794,0.513197303865577,0.02258843493826528
0.4280479969471038,0.5499235016757262,0.022028501377169555
0.463220152564452,0.5191282568214131,0.017651590614134755
0.4582803734793095,0.5076136200066526,0.034106006514037876
0.4665127102041267,0.4818800828171589,0.051607206978714334
0.4163816031630609,0.43776590389364334,0.14585249294329555
0.3982735901506958,0.5718248837950777,0.029901526054226323
0.4600114535275467,0.5264652906789209,0.013523255793532274
0.45860103324553964,0.517322613978175,0.024076352776285295
0.47711240010666006,0.5069729843214754,0.01591461557186416
0.4725823875216709,0.47609370691894226,0.051323905559386596
0.45235614355860027,0.4803726747471033,0.06727118169429712
0.48898153511379466,0.4911143532235342,0.01990411166267149
0.45991458171313715,0.509683325583298,0.030402092703564965
0.46635917282737976,0.5074656865164304,0.0261751406561903
0.505918391991301,0.4209540752968952,0.07312753271180349
0.500544015403339,0.43214687592065665,0.06730910867600408
0.45309177165706754,0.5327810753259394,0.014127153016993105
0.15841881728789756,0.8414835745704451,9.76081416584136e-05
0.6562807875701815,0.3387827030309963,0.0049365093988227365
0.4022724149953534,0.576554598392713,0.02117298661193324
0.5358289004034387,0.43984418941276454,0.024326910183796895
0.4366879519289079,0.5297825485454305,0.03352949952566151
0.3531832320502546,0.6062739730328882,0.04054279491685737
0.4132981325057047,0.4785436839343383,0.10815818355995768
0.37936809368978425,0.49849718144479316,0.12213472486542185
0.41391495502638115,0.3966830781296741,0.18940196684394478
0.44898565684997555,0.511998169268504,0.039016173881520115
0.4284890487176978,0.5520121117331921,0.01949883954911036
0.47104271360248007,0.5008254972995975,0.028131789097922535
0.456826066885676,0.5273206656256412,0.015853267488682977
0.41900068821050684,0.5415661793376155,0.03943313245187804
0.48890897704066366,0.47406766904795017,0.037023353911385955
0.46679567725432425,0.42343087649073335,0.10977344625494305
0.471532282764682,0.5055010316279932,0.0229666856073248
0.4581423883014689,0.50857675834634,0.03328085335219102
0.47256990669495674,0.49362212338942846,0.033807969915614335
0.423395839241526,0.5488322351900914,0.027771925568382382
0.4721669038921937,0.48895936987259875,0.038873726235207844
0.43514644393784235,0.5306795087270577,0.03417404733510008
0.3699538642650695,0.5990229890288917,0.031023146706038437
0.4354514752692089,0.5554849160772241,0.009063608653567461
0.4831975358122958,0.47496599553572455,0.04183646865198015
0.4411381080796527,0.5457670029248025,0.013094888995545355
0.42136557817212766,0.570106039410177,0.008528382417695117
0.48792333958827583,0.49122373639214695,0.02085292401957693
0.5052855970302592,0.42666063472332666,0.0680537682464146
0.46866764592640575,0.5060729301450101,0.025259423928584303
0.4796634927430832,0.47825321122231923,0.042083296034597165
0.4752956233812053,0.4906670362246412,0.03403734039415369
0.4479673366837771,0.5288918869952501,0.02314077632097246
0.45249754971750855,0.5306058213429357,0.016896628939555708
0.3785944859404975,0.5820395307937394,0.039365983265763425
0.4717318268052387,0.4577865616755053,0.07048161151925579
0.34344839309272257,0.5617203176967515,0.0948312892105252
0.4206872315259592,0.5022772565352054,0.07703551193883484
0.31729955355332773,0.6574776946427683,0.02522275180390343
0.46627255885590896,0.47488616649320053,0.05884127465089042
0.4505814268048459,0.5008128314398969,0.04860574175525758
0.43766405619534565,0.5393825760735035,0.022953367731151395
0.4694284787243843,0.5024864579869104,0.02808506328870554
0.49062913320093426,0.47774375320192863,0.03162711359713672
0.4657126376561916,0.5077062616632265,0.026581100680581872
0.44800859338055,0.49217222308560443,0.05981918353384557
0.48976877040335126,0.4422111284391352,0.06802010115751281
0.4998121972114176,0.4828017958368819,0.01738600695170021
0.48559548539136776,0.4651121332068301,0.049292381401802476
0.4892255253325411,0.46708977802592344,0.043684696641535264
0.48354935205504274,0.47527232711976836,0.04117832082518878
0.46281318778662717,0.4953990055610417,0.041787806652330985
0.4285313195620498,0.5528739623700645,0.01859471806788573
0.4292967706522603,0.5535427222463913,0.01716050710134886
0.4078226342584723,0.5782523058602536,0.013925059881273898
0.4508116941113582,0.5281521602951704,0.02103614559347145
0.47108044068221977,0.5035634188287047,0.025356140489075668
0.4985428264675236,0.4359464974091817,0.0655106761232954
0.4600356502732629,0.5143523277453229,0.025612021981414376
0.4173296701208204,0.5305134214236642,0.05215690845551538
0.46884385560224434,0.4821295664879206,0.04902657790983515
0.42713890123044956,0.5443357142538523,0.028525384515698474
0.5040099618144882,0.4783527274014502,0.017637310784061905
0.44898143551800485,0.45184781703880306,0.09917074744319179
0.4882344021676326,0.47710541008410234,0.034660187748265285
0.4408404695845686,0.4399599806790675,0.11919954973636424
0.41260135716188556,0.53819839560682,0.049200247231294555
0.43252156865722957,0.5275358380412066,0.039942593301563994
0.5264469665951402,0.4158700313179146,0.057683002086944615
0.44941470562664365,0.5384895013813636,0.012095792991992132
0.4831175925450938,0.5038265002405157,0.013055907214390455
0.45662554168052,0.4625499929354331,0.08082446538404693
0.5132192948050371,0.44617535974860545,0.04060534544635728
0.39827127638032855,0.4796864838775915,0.12204223974207992
0.44853294831083573,0.5321621021959049,0.019304949493259078
0.42318488765150875,0.5664709820512723,0.010344130297219227
0.487587449473206,0.4816622366760248,0.03075031385076927
0.4574673177608134,0.47688856535631413,0.06564411688287203
0.45589495619626397,0.5155666370892718,0.02853840671446408
0.4111484974906687,0.46941609344310886,0.11943540906622258
0.4870113706651644,0.42266815140691033,0.09032047792792561
0.4902520129636329,0.4785325717780652,0.031215415258301855
0.4194936448817108,0.5523438180312302,0.02816253708705887
0.4021291374121286,0.556116047798147,0.04175481478972457
0.5060423269097433,0.47492048907616624,0.01903718401409033
0.4565836549943142,0.5102380123715283,0.033178332634157245
0.4842856100510384,0.5049389751229427,0.010775414826019212
0.5463084264421043,0.437902707790722,0.015788865767173137
0.472024621376978,0.4533065451490827,0.07466883347393946
0.4711720280514636,0.39281307792068154,0.1360148940278552
0.48096184318089097,0.4485459914998825,0.07049216531922654
0.43197248255200543,0.5417118138287289,0.026315703619264965
0.5432860636677295,0.40860184328047566,0.04811209305179474
0.472665536469342,0.505550602715587,0.021783860815071228
0.5055469052276707,0.47428464471247533,0.020168450059853606
0.46929631807224365,0.4971519961650669,0.03355168576268922
0.40230229544012885,0.5892618004547631,0.00843590410510739
0.4334309396625096,0.5541952361727805,0.012373824164710164
0.4837227940318496,0.4473931938512189,0.06888401211693167
0.5304167624925904,0.41941176556137644,0.050171471946033344
0.43710088492312177,0.5248700296755493,0.03802908540132857
0.4514120420192668,0.4998573024158652,0.048730655564868525
0.48876688803904245,0.456918600096131,0.05431451186482661
0.5401683566452113,0.4440918296150109,0.015739813739778008
0.48011409469047167,0.4637414423550334,0.05614446295449496
0.456659692007589,0.5266361726148989,0.016704135377512135
0.4363752861921509,0.4558000268278494,0.10782468697999957
0.44207748977774863,0.45527946606522784,0.10264304415702322
0.47515872735022874,0.5092364220866056,0.015604850563165653
0.7347507774076839,0.2645517538267439,0.0006974687655710958
0.4376730151979618,0.5506261569392934,0.011700827862744331
0.470314775185303,0.5188228090685043,0.010862415746192395
0.4184822293641016,0.5462939272928168,0.03522384334308168
0.4722377784838789,0.4938912094205786,0.03387101209554238
0.3746635335216282,0.5945690652247784,0.03076740125359264
0.44694634975897773,0.5302047061440001,0.022848944097022483
0.4493632227561637,0.4388323171376407,0.11180446010619526
0.43795367482971,0.49716963809349,0.06487668707679999
0.4864833039047736,0.47594332836398157,0.03757336773124433
0.4494324788907594,0.4972251256387477,0.0533423954704926
0.4785595365665319,0.49914428727971594,0.022296176153752307
0.44385734357609247,0.45359702246997213,0.10254563395393558
0.4177761143186724,0.5604189287156669,0.021804956965660496
0.48670278427578223,0.4911948933371902,0.02210232238702736
0.4383141255387798,0.515225964488654,0.04645990997256627
0.41006742003518265,0.5320539945935275,0.05787858537129055
0.39125376137745593,0.5210550017225933,0.0876912368999516
0.4194295773009428,0.4972106973734678,0.08335972532558941
0.467202175761343,0.4991977396804734,0.03360008455818382
0.4641891875700671,0.42995576188407847,0.10585505054585442
0.46112474258167613,0.5230883743284506,0.01578688308987332
0.393474743271468,0.35873476485785427,0.24779049187067761
0.8972507478945143,0.10274925168626232,4.192200396473052e-10
0.43685550476187834,0.5419996473658534,0.021144847872268634
0.4942566765125629,0.4814668475983065,0.024276475889130688
0.48935175133683534,0.48381794933935895,0.02683029932380571
0.4632860741516299,0.44524204804228124,0.09147187780608927
0.4812695207758575,0.472986999850213,0.04574347937392926
0.4349221075845176,0.48181592672208834,0.08326196569339446
0.389541300192454,0.6031886835921595,0.0072700162153866935
0.4534844891424539,0.5155749603194111,0.03094055053813543
0.4942755757271472,0.485217978440868,0.02050644583198477
0.5164431445949205,0.42803603474682933,0.05552082065825035
0.48681532146316603,0.48080509037585895,0.032379588160974825
0.39924293326688676,0.5799922024842731,0.02076486424884012
0.4733716277361407,0.5031523653043154,0.02347600695954344
0.4500206823835188,0.5175860510154966,0.03239326660098512
0.4887986647961566,0.4568795731356392,0.05432176206820384
0.48741611976839966,0.49564432922849655,0.01693955100310401
0.41722664279806976,0.5492570718049088,0.033516285397021534
0.39097953555924986,0.572850917172251,0.03616954726849893
0.4468748763852026,0.5336532050916337,0.01947191852316369
0.49327182470115927,0.4851790591773207,0.02154911612152041
0.4952497730728316,0.48908666755105595,0.0156635593761121
0.45444178756276066,0.5087587475303327,0.036799464906906644
0.47284044189383,0.5082135742874397,0.018945983818730257
0.4745445761475558,0.4859678220213883,0.039487601831055534
0.5401164959404295,0.4447531647971172,0.015130339262453406
0.48501163507860956,0.4857663916806542,0.029221973240736093
0.5328829724762366,0.41477706675760684,0.05233996076615641
0.45236897572669144,0.5286477598047772,0.01898326446853138
0.4430471448187388,0.5248399380625169,0.032112917118743874
0.4911344126604035,0.49112749854503984,0.01773808879455691
0.48909223376602473,0.4842918807326627,0.026615885501313
0.4487433195503081,0.5227442987804308,0.028512381669261105
0.4635227115361026,0.4714628834258971,0.065014405038
0.4796908378376254,0.4829658054596209,0.03734335670275413
0.46950346611047294,0.5095746738241146,0.02092186006541244
0.4657737907645651,0.5146719859651234,0.019554223270311224
0.4154083245966579,0.5072443526219034,0.07734732278143859
0.5041818112022389,0.4718760810239631,0.02394210777379766
0.5361109525583683,0.4474577930412029,0.016431254400428568
0.7189388185505556,0.27750336057523634,0.0035578208742085356
0.45137022763518353,0.48471803939745234,0.06391173296736383
0.38587993173356794,0.4640614386657666,0.1500586296006655
0.4972997426832995,0.4769287498826781,0.02577150743402241
0.44238622640955716,0.5166973721424278,0.04091640144801517
0.45370206944353364,0.5251687816590742,0.021129148897392307
0.4665740721342943,0.5184933628808451,0.01493256498486018
0.4602114924494657,0.5136206349898637,0.026167872560670623
0.4441929340875972,0.5084462673464766,0.04736079856592625
0.4342027707368973,0.5280085261945102,0.03778870306859259
0.49149027193507844,0.4832717925111863,0.025237935553735526
0.45421448680298643,0.5279870716657313,0.01779844153128249
0.4329635435868405,0.5467946504914232,0.020241805921736595
0.3767817906861775,0.604251101392945,0.01896710792087797
0.3823361379158456,0.5968963074762562,0.020767554607898735
0.4512483442414433,0.44195530535127686,0.10679635040727938
0.47813522079169096,0.48642071910592516,0.035444060102383636
0.44014697510694345,0.5195985059786823,0.040254518914374024
0.4532613367422084,0.5002220890047554,0.0465165742530358
0.3938444089096472,0.4522162996513653,0.15393929143898832
0.472457111537504,0.5073586623640317,0.02018422609846415
0.5411059477670543,0.41330613747524025,0.045587914757705836
0.4485977253643702,0.5183989736347595,0.03300330100087009
0.5382825910690018,0.44802285562068517,0.01369455331031298
0.4776881314817876,0.4890876079454882,0.03322426057272433
0.4742473137467463,0.5004674562676553,0.02528522998559802
0.48516868866395046,0.48599100793181366,0.028840303404235844
0.4705165671622823,0.4871695458925399,0.04231388694517756
0.4338948576799036,0.5166991520825908,0.0494059902375059
0.44674808576253083,0.5339154896002979,0.019336424637171588
0.45409206289401605,0.518783197098402,0.027124740007581416
0.52723449928001,0.4531657497521654,0.01959975096782416
0.4748636307607646,0.48672878565369565,0.03840758358553968
0.44898272859149724,0.48361018049205134,0.06740709091645217
0.45580365515216076,0.5154393044466028,0.028757040401236923
0.4343485134717789,0.45591934934330364,0.10973213718491756
0.5402293095588998,0.4486772902925585,0.011093400148541951
0.4781130541435117,0.50253413347243,0.01935281238405815
0.46005572682879803,0.48467467409068576,0.055269599080516006
0.5271016293848196,0.4589262761432878,0.013972094471892522
0.4697970386666568,0.4845293705866683,0.04567359074667511
0.49159268072084733,0.49317757029506815,0.015229748984084147
0.6870164981625135,0.3089888789318858,0.003994622905600685
0.4689269790176264,0.5023203063582758,0.02875271462409786
0.4855406861712665,0.4948295030325074,0.01962981079622638
0.45554133873748326,0.5260223706029693,0.01843629065954754
0.47657802839786817,0.49860154070474677,0.024820430897385243
0.4577592222763604,0.513347797891318,0.028892979832321863
0.46833068401141137,0.5098496487833953,0.02181966720519315
0.4529198823838173,0.5167346146964676,0.03034550291971485
0.5079897823570577,0.4497979367485206,0.042212280894421576
0.4363024009793361,0.5246559643946763,0.039041634625987594
0.45188498840037084,0.4271018875675537,0.12101312403207586
0.4599902665524686,0.41865058525314286,0.1213591481943885
0.43950290995542635,0.48707134406442315,0.07342574598015061
0.4439249369820049,0.5278024553257039,0.02827260769229114
0.4256669446833597,0.4457801047058814,0.12855295061075894
0.26482619139043595,0.7333631693532677,0.001810639256297214
0.23494512033402057,0.764486044576286,0.0005688350896937918
0.43275571239146443,0.45200216334840415,0.11524212426013127
0.4420204875280924,0.5058024905192269,0.05217702195268085
0.4680118831287708,0.5128824035822565,0.019105713288972703
0.43641170896700365,0.535199145565996,0.02838914546700004
