0,1,2
0.460333640239494,0.505140905212305,0.03452545454820099
0.422917644818706,0.5427720504461414,0.03431030473515262
0.5338889853161916,0.43753694469397614,0.02857406998983238
0.4093007755807619,0.5572956976212076,0.0334035267980306
0.4585149762356202,0.5055174715341845,0.03596755223019517
0.5188983198433222,0.4481940019371947,0.032907678219483025
0.447692655509639,0.5173994022777685,0.034907942212592434
0.514246385835141,0.44647732733428946,0.039276286830569385
0.4352923310496494,0.536572159956907,0.028135508993443616
0.40964517281033613,0.5542942986948869,0.036060528494776936
0.4202048454614992,0.5414110402816399,0.03838411425686067
0.48154239369644597,0.4797235117541262,0.03873409454942775
0.5836989215091719,0.3774582856792086,0.03884279281161955
0.45639358883067616,0.5123992050044084,0.031207206164915485
0.40788340209124424,0.5594773369431361,0.03263926096561974
0.3976526090308599,0.5678784595809387,0.034468931388201236
0.5942207556609957,0.3800630294868986,0.025716214852105818
0.4014251041327214,0.5624236315928,0.0361512642744785
0.407614967630508,0.56072753966051,0.03165749270898193
0.4897613740716288,0.47101056555914717,0.039228060369223855
0.4466906286702071,0.5143188063806428,0.03899056494915005
0.43311209568658954,0.5303585912510687,0.03652931306234213
0.4680113422559156,0.4949527181684289,0.037035939575655444
0.5080103460433336,0.452451850218243,0.039537803738423374
0.3954643818503683,0.5685891917704949,0.0359464263791366
0.4057024236060828,0.5592624110734968,0.035035165320420475
0.45679544189691274,0.5059225241048276,0.037282033998259634
0.4597853329259848,0.5004689115956181,0.039745755478397114
0.41431445604638656,0.5495185047906814,0.036167039162932325
0.4246973239653855,0.5364497301913751,0.038852945843239214
0.42166895355848183,0.534245978403186,0.04408506803833217
0.48366220332830595,0.484935515779884,0.03140228089180984
0.4228770785911187,0.5380761151106063,0.03904680629827486
0.4738560380733099,0.4851598894207204,0.04098407250596963
0.41060223450267663,0.5595675159396674,0.02983024955765584
0.4103173849887939,0.5571712784668164,0.032511336544389806
0.4613189551608599,0.5069542944060218,0.031726750433118345
0.5553674348011077,0.4107131297693206,0.0339194354295715
0.41469431117389266,0.5501924536072257,0.035113235218881676
0.4817712871223813,0.47996491169782135,0.038263801179797115
0.4021947345474392,0.5606732359970327,0.03713202945552806
0.4315470819391809,0.5340590991165424,0.034393818944276656
0.43094057005150804,0.5300586355744273,0.03900079437406481
0.4693684470552398,0.4950228245110933,0.0356087284336668
0.4484943619838081,0.5019850240260163,0.04952061399017548
0.4498860096142618,0.512188895338783,0.03792509504695532
0.4168700004745481,0.5461499609694026,0.03698003855604912
0.4314785607260946,0.5277517347867098,0.040769704487195614
0.4056824419463452,0.564224073370245,0.030093484683409697
0.4817239477717434,0.4790652036074667,0.039210848620789926
0.45311683490596266,0.5072754190470393,0.03960774604699785
0.47691091005131014,0.48404285049056955,0.039046239458120156
0.4248848547815732,0.5392194701111638,0.03589567510726317
0.4452359305530334,0.5162418086503313,0.03852226079663525
0.40881543925104863,0.5595270002188246,0.03165756053012686
0.42340212884182504,0.5434739126320864,0.03312395852608855
0.42131112565449824,0.5440169665179724,0.0346719078275293
0.44153816705259974,0.5203679825258581,0.03809385042154222
0.4881738528658344,0.482672549841182,0.029153597292983554
0.507164139773249,0.4631749079221123,0.029660952304638718
0.45655088337607896,0.5050944853222958,0.03835463130162506
0.4826340986455452,0.48234444179395786,0.03502145956049702
0.4627252319822525,0.5012792054697283,0.03599556254801917
0.4592488181444266,0.5033465144896847,0.037404667365888745
0.5265708705375297,0.43529232546543634,0.038136803997033834
0.4250342509068288,0.5383057715423087,0.03665997755086239
0.4439616772711978,0.5181762800842897,0.03786204264451244
0.4246121568078533,0.5410214756174347,0.03436636757471223
0.5103015016766812,0.45874744200023077,0.030951056323088092
0.41150646852743866,0.5499044711861071,0.03858906028645406
0.4072226428807613,0.554323111671073,0.0384542454481656
0.4074615709865839,0.556337718742787,0.03620071027062903
0.5254872784170073,0.43165118023769594,0.042861541345296884
0.4860323241588911,0.4746595202521428,0.03930815558896611
0.46330938033686025,0.48753830864408576,0.04915231101905415
0.37068474821891045,0.5963841004531614,0.0329311513279282
0.5896594449577041,0.3797682909123575,0.03057226412993832
0.42516212171450146,0.5361418618192089,0.0386960164662897
0.421707204484471,0.5442209228069079,0.03407187270862119
0.48519256217587026,0.47734234982511814,0.03746508799901151
0.4336051491564627,0.5289613901283261,0.0374334607152112
0.4353870840276737,0.5300856948417895,0.034527221130536724
0.4307239156498374,0.52910281403469,0.040173270315472485
0.5355043168082375,0.42452033631391267,0.03997534687784986
0.45385315345197513,0.5163686409220771,0.029778205625947633
0.437713550463548,0.5224972502749794,0.039789199261472626
0.5862660700640712,0.3692665852233284,0.04446734471260052
0.5329270145445579,0.3817355045408387,0.08533748091460332
0.388621498846746,0.572206163078248,0.03917233807500601
0.4040656859013622,0.5581155524368739,0.03781876166176376
0.44014039250806963,0.5202344223013713,0.039625185190559006
0.4198317131494237,0.5470721409991747,0.03309614585140153
0.4253087640392516,0.5458878134435841,0.0288034225171643
0.41833428428143554,0.32574055752051595,0.25592515819804845
0.42758858115486087,0.5397251017714132,0.032686317073725914
0.4999473830325173,0.46037937272299434,0.03967324424448844
0.41453797651786567,0.5463419190887489,0.039120104393385355
0.5226945943328039,0.4388189178688548,0.03848648779834152
0.5760940689558515,0.39105711169161766,0.03284881935253089
0.5685680619834703,0.38582437419157295,0.04560756382495675
0.5661854914448972,0.39983359572518556,0.033980912829917255
0.42525898182974686,0.5391073725968912,0.035633645573361926
0.4139617403219238,0.5575823870534616,0.028455872624614752
0.41866397008288697,0.5458426469383889,0.03549338297872417
0.44425475126109354,0.5197907569472402,0.03595449179166647
0.41813159500276137,0.5446062454931827,0.0372621595040559
0.5040969920803495,0.46352874083173135,0.032374267087918934
0.4850952254361641,0.47669659020160304,0.0382081843622327
0.5141336758999083,0.43026465029361616,0.05560167380647556
0.5788757747805534,0.39292669203430686,0.0281975331851398
0.5265142244197343,0.40265560055584537,0.07083017502442003
0.4444572803206782,0.5162099497406927,0.03933276993862905
0.1225936854281996,0.23152319266507387,0.6458831219067264
0.4144461105822381,0.5505701383069805,0.03498375111078146
0.416222105075643,0.5519909809788914,0.03178691394546557
0.3941670468491128,0.5629147539197624,0.042918199231124894
0.432447469725296,0.5316292670689355,0.03592326320576835
0.46148637559421335,0.5010968905240053,0.037416733881781294
0.3985225253261755,0.5613097893928053,0.04016768528101905
0.5020271503635295,0.460713082932603,0.03725976670386747
0.41190052572364944,0.5524224869716516,0.03567698730469874
0.47728082729328614,0.482823823654736,0.03989534905197776
0.5013977967331006,0.45861459963598683,0.039987603630912506
0.4188713113978411,0.5452781343602604,0.035850554241898466
0.4126614273237897,0.5489783435123842,0.038360229163825976
0.495227402544231,0.4664644781580155,0.03830811929775336
0.4772700113868325,0.48160082696510204,0.04112916164806552
0.5221458507907847,0.4324556173826581,0.04539853182655717
0.40778227704820447,0.5555497835211948,0.03666793943060065
0.4183640667507973,0.5444919624682644,0.037143970780938305
0.4361402057300363,0.5289261795018446,0.03493361476811902
0.5362052172298065,0.43330761470662943,0.030487168063564118
0.4710086818391584,0.49618741052317145,0.03280390763767011
0.5128550429131459,0.4482614458968831,0.03888351118997092
0.4078126495651749,0.5589875550197612,0.03319979541506384
0.4169624226489739,0.5437530540254892,0.03928452332553698
0.45007178408488163,0.5152582849944749,0.034669930920643494
0.41011702656625,0.5635293068970402,0.02635366653670983
0.45119211636364825,0.5141654232274282,0.03464246040892343
0.5299759420033433,0.43172730191347897,0.0382967560831778
0.4046445127522155,0.5584257125105913,0.036929774737193104
0.4055312673864259,0.5582164337836294,0.0362522988299448
0.4171333934300078,0.5452402343595515,0.03762637221044086
0.4217077947444611,0.5408350686435711,0.03745713661196757
0.43806431586840416,0.5329292444703467,0.029006439661248874
0.42129882281942593,0.5442155856107015,0.034485591569872444
0.37137156745835165,0.3253889248830318,0.30323950765861657
0.3962877151308116,0.5716529692159589,0.03205931565322916
0.4431394740609044,0.5208010213242303,0.036059504614865116
0.4358690027758,0.5251696925390035,0.0389613046851962
0.43061884092964975,0.5298250910875174,0.039556067982832725
0.40991745674246327,0.5577496119560625,0.0323329313014742
0.3733314289839983,0.5860982326180346,0.04057033839796699
0.4790842597387389,0.48200507895390315,0.03891066130735805
0.6000592100941271,0.3727832463943774,0.027157543511495425
0.409298019328981,0.5569730157272517,0.033728964943767405
0.39770917512795584,0.5656673056303935,0.03662351924165069
0.4047177005351519,0.5549905804237321,0.040291719041116204
0.4035394518183953,0.5577131225706918,0.03874742561091271
0.4141151080542531,0.5488688458913402,0.03701604605440652
0.5034718151500672,0.44573798243464036,0.050790202415292196
0.43845573009423183,0.5255460535687211,0.03599821633704715
0.4621606432509163,0.49982739924218617,0.03801195750689744
0.4588867015554323,0.5026568330786072,0.038456465365960646
0.45078353501320056,0.5114908341682669,0.03772563081853243
0.41566481070503,0.5454878699333147,0.03884731936165553
0.5387806529275152,0.41945507683211586,0.041764270240368655
0.4461527173804866,0.514280976910994,0.03956630570851961
0.4043894462750576,0.5585699059977689,0.03704064772717369
0.4687861759565194,0.48851140047317776,0.042702423570302885
0.4832046783852094,0.47679776006021274,0.03999756155457767
0.4184531392992181,0.5476424489973706,0.033904411703411234
0.4278023998518805,0.5370265086348128,0.03517109151330685
0.020287079270150752,0.04179556148847433,0.9379173592413749
0.3859521787197128,0.554303375654592,0.05974444562569537
0.4245621884193953,0.5453565595460922,0.030081252034512455
0.42203901462640614,0.5382736993884379,0.0396872859851558
0.5106686460194688,0.4603496569614398,0.028981697019091337
0.4693500749207007,0.4919986476662713,0.03865127741302794
0.4166986077942834,0.5539639406441792,0.02933745156153736
0.42656830949835617,0.5420248240500405,0.0314068664516032
0.5866839822911777,0.3801180367469458,0.03319798096187658
0.5644950949901527,0.4005885366581712,0.034916368351675914
0.47533678353472775,0.48873085389150484,0.035932362573767425
0.4558343161829011,0.5099662204236032,0.03419946339349602
0.4117194432657461,0.5514280037420737,0.03685255299218009
0.4475129651723778,0.5155349857206353,0.0369520491069868
0.44434356155067545,0.5190509669065151,0.036605471542809326
0.5472002686956695,0.4259962519527436,0.02680347935158665
0.517165014354737,0.44469115051124763,0.038143835134015515
0.43228872781359334,0.5322075535989739,0.03550371858743266
0.4347316825110709,0.5302605489101991,0.035007768578730024
0.45084809298226475,0.5105229584129282,0.03862894860480714
0.39282325285109404,0.5608833045242267,0.046293442624679416
0.41426340465556366,0.5509845146182347,0.03475208072620161
0.42249410096847123,0.5467294066372047,0.03077649239432401
0.3999315106587582,0.5620900375067465,0.037978451834495386
0.4517032646729492,0.5154897228820119,0.03280701244503892
0.4728025295824605,0.4934907067793854,0.0337067636381542
0.4315951523564473,0.5295308288019831,0.03887401884156942
0.4943874411953382,0.46785455667885334,0.037758002125808515
0.4539281736148507,0.5135465605880717,0.03252526579707751
0.44235003683192287,0.5215763202672695,0.03607364290080757
0.5060025494056744,0.4541604271182216,0.03983702347610421
0.4210844190145302,0.5381917186495913,0.04072386233587833
0.4425688270271509,0.5187747883884883,0.03865638458436082
0.40817975898807096,0.5534099924673591,0.03841024854456987
0.43938271187522576,0.528319435667339,0.032297852457435265
0.4478278808014778,0.5206909107434594,0.03148120845506279
0.4565122354419972,0.5057813826125331,0.037706381945469464
0.41117382498192745,0.5511479013474557,0.037678273670616706
0.42721058381848626,0.542831940278384,0.029957475903130044
0.4245818031424854,0.5345294155023883,0.04088878135512645
0.41608593624638124,0.5460149314616307,0.03789913229198825
0.46093770019224156,0.4993785254394901,0.03968377436826834
0.44330420153626277,0.5226919024633659,0.03400389600037122
0.46962161604726527,0.49293494089397427,0.0374434430587604
0.43674497048756805,0.5213432636333845,0.04191176587904759
0.42492075568064686,0.5379369117042784,0.03714233261507481
0.4060291297537637,0.555893407951459,0.0380774622947774
0.40909310173850266,0.5514358587945546,0.03947103946694275
0.39772399846892453,0.5685548076073809,0.03372119392369477
0.4405116128643491,0.5197948844918057,0.039693502643845385
0.45050539328309297,0.5166479785262815,0.03284662819062569
0.4508509209097909,0.5141259033371282,0.03502317575308098
0.4037373618604571,0.5620237916873871,0.03423884645215586
0.41346615464636743,0.5456529459894663,0.040880899364166445
0.49743815054194185,0.4714519209523126,0.031109928505745486
0.4115567522181314,0.5501647302404721,0.03827851754139641
0.5574594817791558,0.3965735229124836,0.04596699530836067
0.42131189435556937,0.5426975859088465,0.035990519735583856
0.43907962563949293,0.5257956466435874,0.03512472771691986
0.4777298834066773,0.48381896590716456,0.038451150686157995
0.46265446531832616,0.49860379643664876,0.03874173824502495
0.4718661234943646,0.48961206791536344,0.03852180859027205
0.43156037185730073,0.5352249716982713,0.03321465644442782
0.47502536790817335,0.4901863352850223,0.03478829680680435
0.3949167535629946,0.5721665181680125,0.03291672826899311
0.38380105136008297,0.5871450038272491,0.029053944812667827
0.49410703357373903,0.4682853728782359,0.03760759354802517
0.4310923834428882,0.5302051558024781,0.03870246075463351
0.4069634019711412,0.5519069124521372,0.04112968557672137
0.4517465175465154,0.5195149963233079,0.028738486130176735
0.4158557075921054,0.5524804667834943,0.031663825624400774
0.43359708491931376,0.5294234136579139,0.0369795014227724
0.16224824867079257,0.07075102317711131,0.7670007281520964
0.4387398469695494,0.5265513509027454,0.03470880212770518
0.47447528055482974,0.48682966156964036,0.03869505787552974
0.439896144982524,0.5211911959054638,0.038912659112012145
0.382531634226886,0.5714135874806479,0.04605477829246588
0.6157726053136691,0.3498138009529015,0.03441359373342971
0.41119058937594666,0.5535554363875738,0.03525397423647958
0.4941147776754194,0.40400316861613556,0.10188205370844487
0.5689332252949485,0.38803292230014874,0.04303385240490274
0.4291069122327894,0.5328588124642719,0.038034275302938604
0.43503052558192734,0.5213005618199195,0.04366891259815294
0.5322997569675287,0.42744294285395174,0.04025730017851976
0.5158630673842065,0.44732039934432477,0.03681653327146862
0.404428273576381,0.5638920710173968,0.03167965540622201
0.520729337840954,0.4396509389996805,0.039619723159365676
0.38834640978737567,0.5767084212380528,0.034945168974571277
0.39592642025125346,0.5702823649602636,0.03379121478848302
0.5796117830010461,0.37371076555912375,0.04667745143983034
0.40799403659401123,0.5552538800523802,0.036752083353608626
0.4455527886683359,0.517323393084962,0.03712381824670199
0.40448071614756825,0.56036319620119,0.03515608765124168
0.43662748055257256,0.528616703679225,0.03475581576820209
0.5075721268684068,0.4542003961865539,0.03822747694503911
0.5271377084404296,0.43453751457832374,0.038324776981246714
0.5043612418910943,0.4542791546758603,0.04135960343304515
0.4514977471757571,0.5008320337754348,0.04767021904880804
0.5227819384182776,0.4384412494395146,0.03877681214220787
0.5720102890577795,0.395803662517665,0.032186048424555684
0.5373018332752864,0.4146254588797013,0.04807270784501253
0.4169447892257723,0.5455822569423225,0.03747295383190524
0.4356173474954521,0.5241505566632337,0.04023209584131406
0.4291758364899596,0.5412056872077219,0.029618476302318484
0.42001353586358403,0.5501363181048935,0.029850146031522407
0.4176444045174707,0.5432667453614074,0.0390888501211221
0.4683422022854376,0.4984817732867278,0.033176024427834544
0.40999436562587854,0.5597939065782633,0.030211727795858352
0.4207566905039558,0.5541941327975445,0.025049176698499917
0.409978710195503,0.4974226019666753,0.09259868783782169
0.5073916658110957,0.4543862047764661,0.03822212941243855
0.5859113535078526,0.37725844734639213,0.0368301991457551
0.4469766352297919,0.5177669887306345,0.035256376039573496
0.40377883940639864,0.5588198851295972,0.037401275464003916
0.40516581241010013,0.5581483941166786,0.0366857934732212
0.4857547462489439,0.4774685920893992,0.036776661661657
0.493468965498968,0.4666494074725194,0.039881627028512744
0.4322797078189719,0.5330812440908186,0.03463904809020959
0.43073711594149844,0.5364965297060954,0.03276635435240628
0.43971321972613797,0.5282074261916927,0.03207935408216946
0.39932865574084203,0.34896407150177994,0.2517072727573781
0.530882980978454,0.4322888057080554,0.03682821331349062
0.5652977468324913,0.3769886836661188,0.05771356950138991
0.4398074881555227,0.5222472132498266,0.037945298594650734
0.4907402146140497,0.47340795924464846,0.03585182614130177
0.39976352293627293,0.5636447469295174,0.0365917301342093
0.4213616783600294,0.5396325936521367,0.039005727987833874
0.5713946943759255,0.39348292425658615,0.03512238136748834
0.4381022612680509,0.5260281489812306,0.03586958975071857
0.4657429767474437,0.4944798433047349,0.0397771799478212
0.4497082505540156,0.5161111293429496,0.03418062010303495
0.5412353731533978,0.420470012387456,0.03829461445914622
0.489723938717587,0.4710714405362699,0.039204620746143067
0.3870608616195213,0.5616735289779836,0.05126560940249525
0.4295291690531066,0.5344236808647529,0.03604715008214056
0.4210524980282356,0.5437267605332398,0.035220741438524564
0.41177187027115547,0.554934817158004,0.03329331257084053
0.46670777724507484,0.4963672552842265,0.03692496747069868
0.44511030985008293,0.524463617702311,0.03042607244760612
0.5501455529342298,0.41029746044091975,0.03955698662485047
0.41846455439283153,0.5442502984971971,0.03728514710997136
0.41232280633909346,0.5542123598224099,0.03346483383849664
0.4265425161481498,0.54168277543162,0.031774708420230266
0.43326272779550196,0.5240528918895263,0.04268438031497181
0.433065303335257,0.5296126745637456,0.03732202210099762
0.4093435211306747,0.5526805326223124,0.037975946247013094
0.41657942905813783,0.5436715735656332,0.039748997376229056
0.40925140092487255,0.553009872937839,0.037738726137288375
0.4593072494953651,0.5046819482944543,0.03601080221018057
0.4156581035239631,0.5463873991553515,0.03795449732068546
0.5016683980443792,0.4604703005082666,0.03786130144735411
0.40186090568809035,0.565032123244649,0.03310697106726088
0.5026521944648449,0.4556709895565737,0.041676815978581326
0.43681815537946933,0.5271297772664252,0.036052067354105495
0.5274486366704657,0.43308483363342154,0.039466529696112536
0.4054668467017716,0.5643813840677684,0.030151769230460115
0.5712719035781483,0.3935378949869235,0.035190201434928355
0.509700509376003,0.4545708475167926,0.03572864310720403
0.4107486443419252,0.5518775927381272,0.03737376291994749
0.4421753221649812,0.5261374335395314,0.03168724429548751
0.40390020244516833,0.5632263866142286,0.03287341094060295
0.42332371946353137,0.5395950372570119,0.03708124327945669
0.44029494094199245,0.5318542100603424,0.027850848997664893
0.43227761269129633,0.5302889510027382,0.03743343630596535
0.5255566495198116,0.437767771775857,0.03667557870433148
0.5601681644668874,0.4009724673678312,0.03885936816528116
0.478103803530444,0.482809513021417,0.03908668344813875
0.47322740093187476,0.4872746555761306,0.03949794349199465
0.4258099918661497,0.5384310114272124,0.03575899670663815
0.40986430987187134,0.5523654846793278,0.03777020544880094
0.4217036541061536,0.5440286378109314,0.034267708082915134
0.449678855854379,0.5114138859699414,0.03890725817567967
0.4318258679875698,0.5372329530369577,0.030941178975472255
0.48186553485811073,0.48267154309645066,0.035462922045438494
0.4706436298797963,0.44693669419770915,0.08241967592249476
0.4862739903630681,0.476871095889893,0.03685491374703882
0.4593545502625316,0.5036507448734097,0.03699470486405877
0.4913928620097754,0.4673690664568417,0.041238071533383006
0.4580889503421512,0.5036344040767662,0.03827664558108271
0.47660421915268747,0.48864588502600254,0.034749895821310106
0.4703244494382736,0.490696561839228,0.03897898872249832
0.4389072008951253,0.5283572934919415,0.0327355056129334
0.451394742325037,0.5093590033937129,0.03924625428125017
0.4851230332866513,0.4807534947922622,0.0341234719210865
0.42290074039690084,0.5408482521845313,0.036251007418567884
0.4128427058058216,0.5499608762280966,0.03719641796608166
0.41272589999898557,0.5487023637233834,0.038571736277630955
0.426522208700116,0.5372114038653198,0.036266387434564167
0.4536039190297029,0.5115054397556743,0.034890641214622764
0.451269759662331,0.5095503476832445,0.03917989265442446
0.412358485447561,0.5486034287997026,0.039038085752736366
0.4471438375470492,0.5182499146333809,0.03460624781956983
0.4590780104649318,0.5084162783750975,0.03250571115997072
0.43145511498589556,0.535414422710605,0.03313046230349959
0.5152407243116706,0.4516398056302544,0.03311947005807505
0.4699767736453321,0.49151175121471846,0.03851147513994951
0.4081587893906019,0.5521505832017651,0.03969062740763319
0.4060771195992097,0.5571984567051784,0.036724423695611616
0.4534360805671255,0.5084456283220293,0.03811829111084492
0.48381627636746427,0.4820208543871129,0.03416286924542266
0.5781249326448815,0.3520389130807495,0.06983615427436893
0.5793375832241805,0.38823075301392507,0.032431663761894526
0.5023609163394724,0.45908750752449373,0.03855157613603402
0.40784867694171606,0.5558923985923198,0.03625892446596425
0.4123805936161226,0.5479560522843456,0.03966335409953173
0.4106181357010044,0.548927970902249,0.04045389339674642
0.4233084305350224,0.5424785020934955,0.03421306737148226
0.46682723813788995,0.49317295257693805,0.039999809285171994
0.46521917687970393,0.4954697792155528,0.03931104390474313
0.4274825823736885,0.5365099208970153,0.036007496729296165
0.39482861257216456,0.5596493702144734,0.04552201721336217
0.41385826078187926,0.5506727903117723,0.03546894890634814
0.5551843419160312,0.4054226965949338,0.039392961489035073
0.4363974088206736,0.5255835415070326,0.03801904967229365
0.411840774833837,0.552515065435807,0.035644159730355736
0.4025067421800106,0.5603708375821778,0.037122420237811926
0.535422259365186,0.4345603248140079,0.030017415820806
0.5129387467296007,0.4497470490593079,0.03731420421109159
0.42390267685452987,0.541721095070799,0.03437622807467116
0.49562217459676794,0.4711721543152242,0.03320567108800792
0.39153273121437154,0.5678271638990476,0.04064010488658094
0.41501701291431425,0.5483164399879067,0.03666654709777906
0.4800825901960855,0.48034337975334557,0.03957403005056883
0.4141566914562151,0.5532848631678228,0.03255844537596199
0.4349073487153668,0.5239815157631837,0.04111113552144947
0.4081234420682345,0.5534360743819335,0.03844048354983206
0.5281020096492773,0.4352417496643721,0.036656240686350365
0.42421629847910924,0.5397944096585847,0.03598929186230627
0.4078025881652526,0.5535012602180164,0.03869615161673108
0.44896887873524555,0.5118059957756212,0.03922512548913322
0.45746319845081085,0.5076465238709585,0.03489027767823043
0.51782082059895,0.44304932433856853,0.039129855062481525
0.4735630276153831,0.4868410029257876,0.0395959694588292
0.49848024008301567,0.4667029940433391,0.03481676587364535
0.44534059956797295,0.5250063897899394,0.029653010642087734
0.4045013005902287,0.5586885250776992,0.03681017433207189
0.5123828432808777,0.4494972579544294,0.03811989876469286
0.42458194616250944,0.5382869399580489,0.03713111387944146
0.4116934383831083,0.5532967015196062,0.035009860097285586
0.47638886105478573,0.4916837485257484,0.03192739041946571
0.4124814942148457,0.5547096897805482,0.032808816004606056
0.4544468629200178,0.5115788219766703,0.033974315103312044
0.4121318785093501,0.5497145863122012,0.03815353517844874
0.40589276703646715,0.5542173434887984,0.03988988947473441
0.4230878583828871,0.5409032796816556,0.036008861935457166
0.4448396604198476,0.5319026251547192,0.02325771442543338
0.43513655986717226,0.5297056036924517,0.035157836440375956
0.41107145202136197,0.5522347146837017,0.03669383329493647
0.5018703098345659,0.46136359551211326,0.036766094653320765
0.4305233722989931,0.5281091377929268,0.0413674899080802
0.41717784733730784,0.5468044660973355,0.0360176865653568
0.44231540978604234,0.5177589685957151,0.03992562161824247
0.44762612011610736,0.4969691539350091,0.0554047259488834
0.37495399445414634,0.5808691874131334,0.04417681813272018
0.5363727602339454,0.42569044804356665,0.03793679172248804
0.5407271537838148,0.4206342444119877,0.03863860180419769
0.5269305905725484,0.43649648240619787,0.036572927021253754
0.5129034688748788,0.4541474949953761,0.03294903612974499
0.4565845517830271,0.5117644941795589,0.03165095403741383
0.4876660592097192,0.47278075675528086,0.03955318403500015
0.4548370155867142,0.5084522906990249,0.036710693714260986
0.4694370152406224,0.5027002470972912,0.027862737662086363
0.4114512261299901,0.5553696392212958,0.03317913464871393
0.491348660804816,0.47727312367511654,0.03137821552006755
0.4607240079958124,0.5004777821851244,0.03879820981906299
0.48284462965285563,0.48002845326933424,0.03712691707781029
0.4057854467324754,0.5609721268464379,0.03324242642108675
0.4593162576017242,0.5138135726268865,0.026870169771389323
0.45266870051326363,0.511306038343513,0.03602526114322346
0.5552799459697185,0.4114279515381869,0.03329210249209468
0.4095335520112679,0.5576476310530637,0.0328188169356683
0.45461121896797907,0.5076440072811987,0.0377447737508221
0.43353904235549784,0.5327027113366263,0.03375824630787617
0.4128745337730321,0.5508354120192313,0.036290054207736254
0.46711041328634423,0.5001831119469332,0.03270647476672266
0.5485553722936212,0.4117299581351179,0.03971466957126094
0.4988365434335375,0.463173494466572,0.03798996209989043
0.4009578184694682,0.5671783576489091,0.031863823881622455
0.47212730235952644,0.49480458389252746,0.03306811374794593
0.4953230967130669,0.46853633177247905,0.036140571514453976
0.4582814564881598,0.5053543040998516,0.036364239411988325
0.43845312906003675,0.5265998461565937,0.03494702478336943
0.4840900107284057,0.48474536331091106,0.03116462596068323
0.43466783541533727,0.5435110662060082,0.021821098378654553
0.4232680664437577,0.5427884534823373,0.033943480073905054
0.440284373282219,0.5204910925554417,0.039224534162339404
0.40306906707426066,0.5600756917105767,0.036855241215162836
0.4497418639642121,0.5192154764088178,0.03104265962697
0.5310870822330324,0.4349170397071541,0.03399587805981341
0.4432459033147031,0.5173435746179579,0.03941052206733891
0.3996299472664718,0.562345914182423,0.03802413855110517
0.4050370327720726,0.555780811924481,0.03918215530344646
0.4089009657063423,0.5632413451415584,0.027857689152099276
0.5327678521834954,0.42928627630251875,0.03794587151398595
0.4246326046856104,0.5449860862955788,0.030381309018810844
0.4424808159086609,0.5196626827488451,0.03785650134249412
0.4629720016109215,0.5011725332334374,0.035855465155641156
0.5432287741076623,0.4158262127139464,0.04094501317839118
0.43831969378796054,0.5296566815239431,0.03202362468809622
0.47350641571455526,0.48933958226795937,0.03715400201748526
0.4366932687788718,0.5188968876936174,0.04440984352751054
0.41935114594684825,0.542220809805981,0.038428044247171
0.5151477947264308,0.4504854168465195,0.03436678842704968
0.5545695617348261,0.41218962712385393,0.03324081114132003
0.40314496835757585,0.5599059487370176,0.036949082905406695
0.2835323059935568,0.567666822213067,0.14880087179337642
0.4840301914281976,0.4778261868055462,0.038143621766256366
0.4406481386646964,0.5223123582799273,0.03703950305537647
0.5329392659886274,0.42854119037453964,0.03851954363683301
0.43319384590971094,0.530061599524836,0.03674455456545278
0.43173079787282803,0.5257206112778288,0.042548590849343156
0.513686330784565,0.4499860646305294,0.03632760458490544
0.51834712333655,0.43438881314876115,0.047264063514688835
0.4161735437797999,0.5572907240135978,0.02653573220660218
0.4063576230744369,0.5627829185302826,0.030859458395280436
0.5040540247710394,0.46478748857338975,0.031158486655570868
0.4631761090630084,0.5050363410980083,0.03178754983898348
0.40849290330477905,0.5586864371358875,0.03282065955933371
0.5147478443585541,0.44677465507827857,0.038477500563167504
0.45620091760837617,0.5040820320594789,0.03971705033214516
0.4997881367758563,0.4641074342754188,0.036104428948724815
0.4174988726763201,0.5467253606733519,0.03577576665032802
0.44615274348847367,0.5205681597467045,0.03327909676482173
0.4775532509451848,0.49220004509513066,0.030246703959684297
0.431414275281296,0.5357161692945523,0.03286955542415164
0.4894769380665036,0.47190815480095777,0.03861490713253864
0.5309511993651116,0.4315393765782014,0.037509424056686946
0.41770176780481133,0.542616305936373,0.03968192625881546
0.4087654196915038,0.557324659177747,0.033909921130749254
0.49310206866100137,0.4676139653338471,0.03928396600515163
0.43587819623462115,0.5307105207255798,0.033411283039799095
0.4121899269563615,0.5605928739720033,0.027217199071635098
0.4149588305257094,0.5590987715154736,0.02594239795881712
0.5489286610382935,0.41766091222230395,0.033410426739402505
0.5203343787585062,0.4483287762194285,0.03133684502206521
0.5580102181240846,0.34617801618592353,0.09581176568999185
0.41491698417607303,0.5510552688582956,0.03402774696563128
0.5117403620777174,0.4493119392644623,0.038947698657820363
0.5138580635399131,0.4480397066709145,0.03810222978917228
0.42457343139508225,0.538360983676599,0.03706558492831878
0.42951301550998927,0.5333326533615476,0.03715433112846318
0.45817538231274246,0.5071546223037764,0.03466999538348112
0.4144703074038723,0.5493042351292879,0.036225457466839625
0.39836110726670704,0.5670955427103967,0.034543350022896296
0.4216836447914887,0.5430982388515814,0.035218116356929986
0.3829832687069442,0.5916012473497289,0.025415483943326832
0.40927551251171584,0.554197647607834,0.03652683988045
0.4060800390604717,0.5595231581445455,0.03439680279498282
0.4274335939223353,0.5420434265227508,0.030522979554913753
0.45684792407060854,0.5070908399726167,0.0360612359567746
0.43902375339620775,0.522884960836128,0.038091285767663983
0.47814268572479773,0.4968833364915799,0.02497397778362245
0.5241552765034261,0.44187869812919384,0.0339660253673798
0.45400922857484505,0.5005608774146403,0.04542989401051489
0.4422973794762552,0.5182159093223995,0.03948671120134523
0.43878550490276835,0.5259261531705778,0.035288341926653595
0.42378807902331234,0.5505513456978062,0.02566057527888167
0.42547835119222244,0.5374457150705032,0.037075933737274205
0.4178555118533511,0.5477606289724316,0.034383859174217137
0.41719872221555576,0.5436521319278415,0.03914914585660291
0.45934043357221815,0.5017753758678444,0.038884190559937484
0.43208479900143676,0.5314123105517236,0.036502890446839784
0.45573934774982966,0.5023073507168063,0.04195330153336405
0.4190370970554917,0.5442630754624311,0.03669982748207718
0.5140799350545309,0.4491084567582224,0.03681160818724667
0.4001291585292489,0.5668931437942065,0.0329776976765443
0.532882556292955,0.4233556583386941,0.04376178536835088
0.4460106944170763,0.5133418274361093,0.040647478146814194
0.4462033139019866,0.5151648653206481,0.03863182077736519
0.41697877867051386,0.5463809178608641,0.0366403034686222
0.4768855412057104,0.48583245116347434,0.03728200763081524
0.4596966367953152,0.5051276301769126,0.03517573302777231
0.4174843756609252,0.548238228099253,0.03427739623982158
0.43580839110185754,0.5295735314067348,0.03461807749140753
0.44249352493085575,0.5287906237041389,0.028715851365005058
0.4185297517390538,0.5417665186805708,0.03970372958037528
0.44022638269280995,0.5217989388649443,0.037974678442245835
0.44033610405876483,0.520624135855901,0.039039760085334135
0.4783232842059806,0.4844418845568629,0.03723483123715669
0.42498832465413594,0.5407318295249179,0.034279845820946196
0.4820879385701242,0.48840995626153394,0.02950210516834168
0.40126222137997714,0.5647320626996937,0.034005715920328826
0.42052402298637953,0.552981854927874,0.026494122085746582
0.4047568072977662,0.5612980788178099,0.03394511388442385
0.4449546813704911,0.520732004711715,0.034313313917793804
0.4051757082025413,0.5605124433132104,0.0343118484842483
0.4088419480721413,0.5547241828128175,0.03643386911504098
0.41299639934791166,0.5555736372157919,0.031429963436296414
0.4089189653819891,0.5533425464686097,0.03773848814940124
0.4256336776306264,0.5352105333782339,0.03915578899113984
0.47117218888241885,0.38623959599041374,0.14258821512716743
0.4563187877333451,0.5128951051638553,0.030786107102799665
0.5578796034089353,0.4114199868060996,0.030700409784964924
0.49543147329157916,0.46451875814144344,0.04004976856697738
0.4167291838644125,0.5467876632656139,0.03648315286997348
0.4375177527233964,0.5274698667385951,0.03501238053800864
0.4294317991227805,0.5336738183496356,0.03689438252758391
0.4865791676126074,0.464261886064518,0.04915894632287482
0.45925627602374686,0.4923101899003976,0.04843353407585569
0.5111397395690077,0.44835602042801526,0.04050424000297693
0.48633238445465027,0.4760934885895376,0.037574126955812144
0.45206569801174085,0.503802128987502,0.0441321730007571
0.405556857371288,0.5568551701656261,0.037587972463085886
0.45867717288455007,0.5010694136709563,0.04025341344449373
0.421469592457334,0.5451848252479625,0.033345582294703364
0.43136241460680136,0.5325399139607307,0.03609767143246791
0.42193632888281196,0.5384205022413596,0.039643168875828534
0.45644223155096497,0.5108247207269339,0.03273304772210117
0.40566536052323043,0.5568894840014221,0.0374451554753473
0.48523025582233975,0.4791080478707993,0.03566169630686098
0.45889897939103175,0.5015990889862038,0.03950193162276446
0.4551959769775162,0.5081797518334912,0.03662427118899268
0.4935753346030832,0.47333244912233996,0.03309221627457689
0.4435627924429111,0.5161860392633639,0.040251168293724965
0.41491500765136485,0.5493345854366368,0.03575040691199827
0.41513573365411444,0.5498390867211428,0.03502517962474276
0.4538821057760085,0.5162959343656593,0.029821959858332147
0.5021115480601592,0.46295861252732784,0.034929839412512716
0.5077830819919473,0.4154982196664088,0.07671869834164377
0.41198420792164553,0.5521590152757627,0.035856776802591674
0.45931635644197333,0.504807361553774,0.03587628200425268
0.43861795803464204,0.5243285891727048,0.03705345279265323
0.5544535436425105,0.41370509395975563,0.03184136239773352
0.4649144009726257,0.49706584817708915,0.03801975085028531
0.5406253356978048,0.4205091590168568,0.03886550528533834
0.5581717995507892,0.4079463642411452,0.03388183620806565
0.5433431785828421,0.41704264225369786,0.03961417916346013
0.4516043263584667,0.5112724862012276,0.037123187440305565
0.4886983274735491,0.48328623810006494,0.028015434426385922
0.4157098987742066,0.5471168376132285,0.03717326361256501
0.3964773883342715,0.5657541248568672,0.03776848680886131
0.40197259568984384,0.5613650876633479,0.03666231664680848
0.4508949128498792,0.5160758241581962,0.03302926299192451
0.46325487816338234,0.49813339594847666,0.038611725888140894
0.41541302967105836,0.5495962873802636,0.03499068294867797
0.49354511575201426,0.47806877661009833,0.02838610763788701
0.43576607514448934,0.5189792411386889,0.04525468371682187
0.40804809011052195,0.5534443030468813,0.0385076068425968
0.46453085791270654,0.5064008286100892,0.029068313477204327
0.3999464416399421,0.5609428727362488,0.03911068562380921
0.5055114505085615,0.4551896829383334,0.039298866553105556
0.4405934614959773,0.520747068185047,0.0386594703189756
0.4113483133404867,0.5502301212127141,0.038421565446799234
0.4974669265494101,0.4642260966695852,0.03830697678100459
0.5079270166617182,0.45523468818979035,0.03683829514849135
0.5322414539653912,0.3938945943469444,0.07386395168766434
0.520345529300032,0.44172385357112187,0.03793061712884603
0.5255498705696564,0.43731272512772296,0.03713740430262073
0.40601087858608215,0.5575259671952891,0.03646315421862874
0.41904337464980207,0.5507897791505855,0.0301668461996126
0.41066680095264313,0.5579758509629532,0.031357348084403554
0.42421352743425556,0.5370017746265242,0.03878469793921994
0.40660573930740107,0.5568516175492905,0.036542643143308254
0.45584220355773736,0.5052748684149415,0.03888292802732129
0.575688310643316,0.3722841669737784,0.05202752238290538
0.4508709838343517,0.51318752118272,0.03594149498292835
0.4111597627206846,0.5508867548163467,0.03795348246296888
0.4133857449687735,0.5538696578490683,0.03274459718215809
0.4724590565251293,0.4931048464287585,0.03443609704611229
0.391290407584005,0.5691385402272189,0.039571052188776074
0.4968226288086993,0.4761074874422722,0.027069883749028367
0.4163684876881639,0.5506483030238022,0.032983209288034075
0.5568391996437236,0.40400662973381873,0.03915417062245744
0.42013317084240287,0.548653020173661,0.03121380898393585
0.42644537276248345,0.5384117555098682,0.03514287172764828
0.4968405174036132,0.46440863244635816,0.0387508501500283
0.43331232169212086,0.5341213056837613,0.03256637262411786
0.2835749387381,0.5166146313261464,0.19981042993575368
0.6088551252183567,0.34945825361036764,0.04168662117127539
0.4790214202067506,0.3795136121121183,0.1414649676811312
0.4162689056365574,0.5464229648761458,0.0373081294872966
0.5177565024956508,0.44400354563870353,0.03823995186564574
0.452378285256494,0.5081886388652901,0.039433075878215956
0.42291694764355353,0.5436989565712519,0.033384095785194606
0.4526022391134041,0.5148459506596951,0.03255181022690108
0.43554680731582196,0.5297323003615053,0.03472089232267277
0.41687578276039083,0.5422272991827985,0.040896918056810415
0.41200357806350846,0.3543278029231901,0.2336686190133015
0.4439645605046547,0.5204470709727702,0.03558836852257508
0.4123463899772888,0.5467728347976913,0.040880775225019636
0.41686557810848945,0.5448506413236822,0.038283780567828274
0.2897366418047865,0.555517195538392,0.15474616265682153
0.4621862662547107,0.5009198439866431,0.0368938897586461
0.5047330840880208,0.4666864279072466,0.02858048800473254
0.40845859703695697,0.5572208521319707,0.03432055083107243
0.4180299687495305,0.5429733786923505,0.038996652558118926
0.52119060711349,0.44132415589036045,0.03748523699614966
0.41461367896962964,0.5506339673287328,0.03475235370163766
0.42938135444567777,0.5316708372620396,0.038947808292282414
0.4173801512144969,0.5467879026595945,0.03583194612590858
0.4886075246127691,0.47193202685029023,0.03946044853694071
0.4512872208451758,0.5108570744242913,0.037855704730532624
0.4426922786648855,0.5186064632972041,0.038701258037910496
0.4292824395189875,0.5381211643480177,0.03259639613299496
0.5747664072900647,0.3826678943119742,0.04256569839796105
0.18706064963443095,0.4566126032261234,0.3563267471394457
0.43478528194189797,0.5323487617548353,0.03286595630326672
0.3981982207839848,0.5646652343833002,0.03713654483271501
0.42922953608399533,0.5359855128251098,0.034784951090895015
0.49876150291376026,0.4650246395555294,0.036213857530710165
0.4091762413271672,0.5525017548199889,0.03832200385284365
0.4164873259251934,0.5518925678509586,0.031620106223847755
0.5227894712532347,0.43564893357691736,0.04156159516984769
0.48083775780510085,0.4360139780433257,0.08314826415157342
0.43905418566047544,0.5234963520316451,0.0374494623078792
0.5467976504749374,0.4187233610791448,0.034478988445917826
0.40612643956544353,0.5544798049113511,0.039393755523205384
0.41623483770963765,0.5450135365602684,0.03875162573009393
0.4178560333049821,0.5431702429578817,0.03897372373713611
0.4634383072554083,0.497232869658758,0.03932882308583364
