0,1,2
0.4631731675994323,0.5076916700396209,0.029135162360946876
0.45003744071329776,0.5122096388697442,0.037752920416958005
0.449284360038579,0.5122404005912742,0.03847523937014649
0.48285966207463654,0.4835621986607107,0.03357813926465287
0.44891511853452504,0.5170101890221024,0.03407469244337257
0.4886832918960979,0.48345312158042514,0.027863586523476917
0.45156198544613263,0.5058707348334698,0.042567279720397734
0.4681508920629502,0.495587450115977,0.03626165782107265
0.4712106486409497,0.4980708422131176,0.030718509145932524
0.453432590596606,0.5061357918045427,0.04043161759885111
0.4621134890073846,0.49593662945504885,0.04194988153756674
0.4607753705611119,0.49982424426815103,0.039400385170737004
0.4495724061912737,0.5131561143764354,0.03727147943229082
0.44931080537590107,0.5113758408394263,0.039313353784672406
0.46653710356082045,0.4918712117162539,0.04159168472292572
0.454908638466126,0.5074874861068251,0.03760387542704893
0.46529520269695823,0.4963216300424534,0.03838316726058836
0.48560721780380317,0.4794764108569884,0.034916371339208434
0.4789599212817802,0.490365154441213,0.030674924277006764
0.4645675560504173,0.49994194323354024,0.03549050071604246
0.4572032151560221,0.5014272990563997,0.0413694857875782
0.4488113610167782,0.515262569274869,0.035926069708352645
0.4485957728077757,0.5101784432596219,0.041225783932602705
0.4562802751672257,0.5081170644593529,0.03560266037342127
0.44198157744883526,0.49299214202155944,0.06502628052960524
0.4517016410109686,0.5222139289412026,0.026084430047828695
0.4561701813679048,0.5067723908971653,0.03705742773492989
0.443594976730624,0.45327238646969237,0.10313263679968354
0.45771941900191604,0.5070429604309307,0.035237620567153245
0.46160183265692806,0.4973503815823319,0.04104778576074021
0.45512358667004005,0.5159715893715976,0.028904823958362483
0.47595169038606916,0.49441877929565464,0.029629530318276403
0.45188194394782893,0.5066888861754899,0.04142916987668112
0.4546303047974265,0.5055978615129271,0.03977183368964665
0.46263421584367453,0.49591714089051314,0.04144864326581211
0.4493174728140362,0.5107890756333212,0.03989345155264265
0.4485488341777888,0.5104123607052516,0.04103880511695942
0.33971985176376174,0.5308895777629867,0.1293905704732516
0.4548013408374007,0.5031502084620036,0.04204845070059569
0.46065024228470625,0.5014391305560698,0.03791062715922392
0.45152332752289387,0.5082479828880541,0.040228689589052
0.4518046100274335,0.5074387789474175,0.0407566110251491
0.45385045781887157,0.5089679715645155,0.037181570616612765
0.32343357828427727,0.5064724015791131,0.1700940201366097
0.4711958406292092,0.4978947237191171,0.030909435651673797
0.4473397994305675,0.5110832776061793,0.04157692296325323
0.47567691353174374,0.4884019592147711,0.0359211272534853
0.4569746639184034,0.5033291558096311,0.03969618027196536
0.4507708571138461,0.5095913957341993,0.03963774715195454
0.4460583522125888,0.5128417666240688,0.041099881163342414
0.48298244354554887,0.4835977283875913,0.033419828066859905
0.46505618651702774,0.4985028523340391,0.03644096114893321
0.4487370053157789,0.5099750568892596,0.0412879377949614
0.45462682830854056,0.5029102173366669,0.04246295435479261
0.45294103557079585,0.5099675979007054,0.037091366528498704
0.4518532013424406,0.5067883217052944,0.04135847695226469
0.4481551963661038,0.5124346719440229,0.039410131689873305
0.4583169086379315,0.5114197926717424,0.030263298690326054
0.47403152008966576,0.49543237442833593,0.030536105481998286
0.4644651768442085,0.4957573970216448,0.039777426134146615
0.4542952486650073,0.5056093085216524,0.04009544281334017
0.44794168897607844,0.5132722246710497,0.03878608635287157
0.45080799218839535,0.5097561153353126,0.03943589247629178
0.44984035071100426,0.5091009295482716,0.04105871974072419
0.4492866090595668,0.5132056560114933,0.037507734928940016
0.4467694920157546,0.5063679932228796,0.04686251476136595
0.475712212858229,0.4880026192815777,0.03628516786019346
0.45152489682089353,0.506347748292436,0.042127354886670576
0.4471720271038127,0.5111883534596927,0.041639619436494746
0.4687625776865485,0.4893859445628865,0.041851477750564976
0.45202653632015144,0.5082999836889097,0.03967347999093876
0.4525013811864494,0.5113874014956117,0.03611121731793884
0.4634272874176769,0.4990637366280295,0.037508975954293755
0.44620210899823237,0.4846168944260746,0.06918099657569318
0.44855307455180293,0.5126242447929912,0.03882268065520607
0.4506013468420781,0.5164155073959692,0.0329831457619527
0.466414449115611,0.49125580016994636,0.04232975071444284
0.45568075681793474,0.5024729261047673,0.04184631707729809
0.4506897794269987,0.5076625593390472,0.04164766123395407
0.4540216379360198,0.5099436565511266,0.036034705512853794
0.4479193523905662,0.5123158620352527,0.03976478557418116
0.4538283043899137,0.5118954968257068,0.03427619878437938
0.45052296932625935,0.5146140040356173,0.03486302663812337
0.45395640853477787,0.5046934198822612,0.041350171582961025
0.45026813097701796,0.5108018886654231,0.038929980357559166
0.44925532367123727,0.5115628635667114,0.03918181276205094
0.4601954373058137,0.49816751411701876,0.04163704857716753
0.4502378201036822,0.5082263452918286,0.041535834604489105
0.478795686052968,0.49477693022694325,0.02642738372008893
0.4428588399620277,0.5187249188169953,0.03841624122097701
0.4556471279812934,0.5136509707052349,0.03070190131347168
0.4516432405228415,0.5159375699545482,0.03241918952261023
0.46071948634375337,0.5131718187297042,0.02610869492654247
0.44843464803416144,0.5119703146626152,0.03959503730322332
0.4587181721089392,0.5061187380146319,0.03516308987642896
0.4720933205438639,0.5081436057860554,0.019763073670080684
0.4531852182561736,0.5082451724631998,0.03856960928062673
0.45504147890944624,0.5081419920904672,0.0368165290000865
0.4570531174202546,0.5031320308508032,0.03981485172894237
0.4482807777825896,0.5127336126146954,0.03898560960271496
0.4504859065886534,0.5029711066036137,0.04654298680773272
0.4393694753298436,0.5038192899667152,0.05681123470344119
0.459866292462026,0.4982861000605483,0.0418476074774254
0.4567102590204973,0.5051851537805879,0.03810458719891473
0.45349854732430606,0.5208764189779438,0.025625033697750172
0.44875226979653715,0.5022731066708785,0.048974623532584284
0.4772146045523951,0.487700392484736,0.03508500296286895
0.46552536129337024,0.4958912546248433,0.03858338408178649
0.4838584096962881,0.4830220714705698,0.03311951883314202
0.45706609632124434,0.504685341615878,0.03824856206287769
0.44818205488152096,0.5130646596290471,0.038753285489431515
0.4732425476655422,0.4986684954342212,0.028088956900236894
0.31805235856679387,0.15755599958103023,0.5243916418521759
0.4640640113107657,0.49986561814734815,0.036070370541886096
0.4510506019872479,0.514272125485298,0.03467727252745419
0.4476194645516014,0.5139523226529623,0.03842821279543599
0.45319841373677255,0.5214151350540625,0.02538645120916483
0.449817871206565,0.5102413661469333,0.039940762646501475
0.4545217732071373,0.505601594400252,0.039876632392610724
0.4561660457161427,0.507016667975328,0.036817286308529366
0.45546187530116455,0.4944241031405115,0.050114021558323826
0.44130952803283746,0.5072865189893864,0.05140395297777609
0.4592189433788749,0.5043092810712066,0.03647177554991845
0.4772526326156261,0.49065343133918154,0.03209393604519235
0.45123370239114474,0.5071892154088375,0.041577082200017726
0.47505924402558186,0.49264809421993194,0.032292661754486
0.4499337380032737,0.5088523440817875,0.04121391791493869
0.4640727250968242,0.48999481467398115,0.04593246022919481
0.4633337491724636,0.5009725969238281,0.035693653903708183
0.45506374727458593,0.5033180782451399,0.04161817448027424
0.4509268673134728,0.507597498287941,0.041475634398586
0.44898487059001635,0.5091872912697466,0.04182783814023695
0.45220596671733837,0.5104800104015944,0.03731402288106735
0.449493870984847,0.5136257041543132,0.03688042486083987
0.4485351748394585,0.513056385259276,0.03840843990126571
0.4760594324819495,0.48196670724244595,0.04197386027560467
0.45156574342078354,0.5084055349686282,0.04002872161058829
0.45804763469802384,0.500332965080726,0.041619400221249964
0.4554074147967704,0.5028387860505742,0.041753799152655285
0.4636498763201447,0.4984633142326795,0.037886809447175984
0.4602477223828536,0.5008342058870118,0.03891807173013449
0.44748678040565393,0.5114037159826161,0.04110950361172985
0.4644334325881597,0.49596379485916825,0.039602772552671944
0.4557857903665713,0.508116819147028,0.036097390486400587
0.4797223062185506,0.4876725824809342,0.03260511130051524
0.46307643534825915,0.4972356691020925,0.03968789554964826
0.4563192653170222,0.5076048537132668,0.03607588096971075
0.4522178205917573,0.52564398232462,0.022138197083622767
0.477944838618934,0.4866643266482785,0.03539083473278738
0.4637393900121692,0.4990427307477146,0.03721787924011615
0.45067584821507717,0.5135990438613327,0.03572510792359027
0.459775031640981,0.49976442952386246,0.04046053883515663
0.4798593352549431,0.483269848084967,0.03687081666008991
0.4745009372633994,0.49923173703447493,0.026267325702125744
0.4776714042825796,0.4962524806949499,0.026076115022470415
0.45119906081710737,0.5092384102634476,0.03956252891944498
0.45231997778133876,0.5075312783268269,0.040148743891834274
0.4533189516734933,0.5087394364551967,0.03794161187131019
0.4466172655985348,0.5119404244877294,0.041442309913735806
0.4203431645022884,0.49485516824257325,0.08480166725513864
0.45261893330410474,0.5061926824933727,0.04118838420252278
0.4564883980903224,0.5059054827822642,0.03760611912741327
0.4516409754247649,0.5090750631356477,0.03928396143958739
0.45293313443290556,0.5151135245662161,0.031953341000878294
0.4490543609874463,0.5099483059380863,0.040997333074467124
0.4527547694015891,0.5094188845822282,0.03782634601618285
0.46461863087978533,0.4982467182909114,0.0371346508293035
0.455207599104661,0.5082930833649748,0.03649931753036406
0.4823867067840578,0.48772280584323136,0.029890487372710866
0.4852209773408724,0.48647060130543757,0.02830842135369012
0.4581533944751765,0.5057351789927667,0.036111426532056935
0.4593737570444503,0.4931625194006611,0.04746372355488885
0.45043361040118185,0.5106159003292575,0.03895048926956075
0.45204536553960584,0.5065143809527066,0.04144025350768769
0.46516462431591604,0.49375855994824464,0.04107681573583914
0.4482139698674058,0.5120762321355407,0.039709797997053584
0.4615553268372412,0.4970759341974296,0.04136873896532925
0.45205435830055124,0.5083226394056588,0.03962300229378991
0.46784422773393053,0.4928488035759978,0.03930696869007182
0.4364516850116374,0.4950309144330357,0.06851740055532708
0.46960217478281363,0.48989397646910227,0.04050384874808412
0.4503140268228558,0.5078426114245901,0.04184336175255396
0.4554247678457831,0.5148212323347392,0.02975399981947774
0.48447836269352396,0.4810642806194811,0.03445735668699483
0.4720971496811386,0.5034159704711935,0.02448687984766777
0.45237595032114447,0.5132600748483617,0.034363974830493776
0.45474851505739033,0.5048679778747197,0.04038350706789009
0.4841246500052025,0.4836051814359469,0.03227016855885069
0.4508868056289824,0.5083489869751101,0.04076420739590738
0.45974336759135426,0.4998759128982361,0.040380719510409724
0.4496421205111059,0.5090333912523686,0.04132448823652555
0.4531800590001438,0.5062547632414128,0.04056517775844375
0.47171169893091447,0.4924652833782684,0.03582301769081699
0.459465662139961,0.510293450822932,0.03024088703710726
0.4689589592827326,0.49501178731398854,0.03602925340327884
0.43845610700231785,0.5191468715440265,0.04239702145365538
0.47205258281815693,0.4704943575244276,0.057453059657415206
0.46062277917588274,0.49859936643009883,0.0407778543940184
0.47818127999159077,0.4972829840639662,0.024535735944442864
0.45242513662637857,0.5075367219364911,0.04003814143713037
0.44444316314159865,0.5148230344652764,0.04073380239312504
0.45214254947007715,0.507507507043791,0.04034994348613166
0.45685790716856545,0.5023417895560011,0.04080030327543358
0.4603111716639798,0.5007174751778276,0.0389713531581925
0.4539402473714232,0.47396094909960945,0.07209880352896743
0.46643705850178463,0.49119852709070166,0.042364414407513526
0.4701298162612847,0.48926121249876103,0.04060897123995412
0.4459189438112243,0.5130503433403534,0.04103071284842228
0.4816037985524384,0.48133753901537285,0.037058662432188735
0.4660655761139128,0.494766244813955,0.03916817907213231
0.44942663156645984,0.513596973141368,0.03697639529217214
0.4379882479868125,0.496736325945136,0.06527542606805156
0.45206279162220103,0.5211406873075346,0.02679652107026411
0.4666819154037209,0.49553538369209427,0.03778270090418479
0.45735937435416607,0.4925702754812188,0.050070350164615245
0.47060042772597466,0.49844097958744715,0.030958592686578332
0.4495803407203783,0.5132582364021289,0.03716142287749303
0.4437864328472253,0.5057748756022454,0.0504386915505295
0.4510512588218561,0.5117606356623462,0.03718810551579772
0.44727625077961397,0.5111517896053891,0.041571959614997045
0.45230493865758475,0.5068028474346642,0.04089221390775106
0.46156928690134724,0.5072275548787539,0.031203158219898802
0.49268000410492063,0.48302473761568826,0.02429525827939109
0.4495924759104669,0.5122357234307573,0.03817180065877568
0.4469404588134274,0.5107631821884124,0.04229635899815986
0.4671735143138394,0.5106495706401475,0.02217691504601294
0.4592737461072266,0.4981179642769854,0.04260828961578773
0.44487262688887375,0.49882322300222276,0.056304150108903425
0.4622893231662274,0.5014810674674227,0.03622960936634989
0.4558507487267089,0.5031426755921298,0.041006575681161235
0.45492727403410865,0.5204032810540649,0.024669444911826405
0.4353812530823435,0.4968081386132881,0.06781060830436844
0.4489541566696223,0.5123093602857307,0.038736483044647045
0.44819011074212645,0.5100336217513003,0.04177626750657332
0.45558229783989607,0.5024626901474669,0.04195501201263697
0.4549228622842285,0.4953273954362924,0.04974974227947903
0.45004933642078776,0.5100273111309663,0.039923352448245845
0.3984705347055661,0.48875579957049947,0.11277366572393462
0.4525456049603444,0.5059914288035191,0.041462966236136635
0.4588573193323067,0.5017288259729433,0.03941385469475003
0.458861098193574,0.5170285900344541,0.024110311771971857
0.4491828814735987,0.5142128563696442,0.03660426215675708
0.4584121779242675,0.5009161553119365,0.040671666763795945
0.4684736141692005,0.4928070526149835,0.03871933321581603
0.4545830421240749,0.5052381194848243,0.04017883839110053
0.4522666033309362,0.5069706741835129,0.04076272248555081
0.45671790278216606,0.509144605578112,0.03413749163972196
0.4516982617752225,0.5079118655249434,0.04038987269983405
0.4489992710392337,0.4941159496818932,0.05688477927887311
0.4707139617716127,0.4869753061595915,0.04231073206879602
0.4534202058068867,0.5055202608389111,0.041059533354202184
0.4500723745150325,0.5094573903094483,0.04047023517551943
0.48809172204569534,0.48074362848969476,0.031164649464609888
0.44854062454606125,0.5123214559727148,0.03913791948122394
0.4519739717836648,0.5062159996908523,0.04181002852548268
0.4536304720613373,0.5105967067263425,0.03577282121232035
0.4498299655703637,0.5119588211448528,0.03821121328478347
0.45187377533434786,0.5111607465946895,0.03696547807096266
0.48776860952197726,0.46280807610298347,0.049423314375039475
0.45596442860919156,0.5056221238749814,0.03841344751582717
0.4655836515772028,0.4964245798931191,0.037991768529677915
0.45961747633639094,0.5059275692358455,0.0344549544277636
0.48351432008682865,0.4779943333502531,0.03849134656291838
0.4534649723885711,0.5069252095714538,0.039609818039975035
0.45579352553618224,0.5059519314178788,0.038254543045939206
0.4516928504124958,0.5073428887587497,0.040964260828754574
0.4544499147553136,0.5037446356748402,0.04180544956984633
0.4484171505420066,0.5124952751824681,0.039087574275525325
0.4612918288790235,0.5103644057876667,0.028343765333309796
0.45305143237287837,0.506902146384116,0.04004642124300563
0.45518343319614085,0.5101535774445497,0.03466298935930939
0.45065133624209797,0.5125923025694513,0.036756361188450985
0.4487228432114357,0.5108287818758973,0.04044837491266711
0.4554340125432708,0.5047196212872459,0.039846366169483526
0.4576371396694425,0.502793039281908,0.03956982104864945
0.4534349072497939,0.5052440388158811,0.04132105393432508
0.4596857095915877,0.5000325597352006,0.04028173067321186
0.44735163418962126,0.510535296513839,0.04211306929653984
0.45356223881030744,0.510560128446433,0.03587763274325957
0.4466983555557528,0.5120602586797199,0.041241385764527405
0.44751732688610374,0.5110915162399734,0.04139115687392283
0.45712123880256145,0.5073380353739279,0.03554072582351078
0.45691138171337725,0.5094439680739002,0.03364465021272241
0.45305543025505185,0.5096191458228779,0.03732542392207044
0.45585927842387985,0.5071296858605253,0.037011035715594755
0.4489175583812221,0.5042758449643676,0.04680659665441043
0.4657893090637892,0.4978999197962321,0.0363107711399786
0.4479028087209679,0.509950050627411,0.04214714065162112
0.44857871269251537,0.5126950038771316,0.038726283430352844
0.46188827035393093,0.49880513405423027,0.03930659559183864
0.4560123593637281,0.504293518396813,0.039694122239458944
0.451575774315692,0.5172008683043517,0.03122335737995629
0.454740617861042,0.506508571213422,0.03875081092553621
0.4848077215147833,0.47794538195993475,0.03724689652528215
0.46453760041234554,0.49558660655054276,0.0398757930371116
0.46070592308142033,0.5001651555756225,0.03912892134295717
0.45067646109750426,0.5121112982512489,0.0372122406512465
0.44547316395597464,0.512449585022457,0.04207725102156844
0.45825325103068565,0.5054891489132247,0.03625760005608967
0.4610602877647874,0.5039364911935427,0.03500322104166986
0.4510471144793843,0.5178482759097724,0.03110460961084315
0.46012835095071897,0.5063905225896684,0.03348112645961247
0.4611828747844704,0.49921164887992014,0.0396054763356094
0.4592912634754303,0.4097710327838882,0.13093770374068134
0.46315447671275783,0.503969944417692,0.032875578869550226
0.44980046556200953,0.5083413903437897,0.041858144094200536
0.4610972081591226,0.4950786908556067,0.043824100985270585
0.44821929633219726,0.5137932527781705,0.03798745088963235
0.4732137090484882,0.48115693922342345,0.04562935172808828
0.4509100356500169,0.5077562628680327,0.04133370148195045
0.4521252465001826,0.5098759223861087,0.03799883111370853
0.4821375927539705,0.4831936234049599,0.03466878384106934
0.45320040332765255,0.5077323353718655,0.03906726130048193
0.4527740049611373,0.506514813208716,0.040711181830146596
0.44898332822051384,0.5118806020447844,0.039136069734701774
0.4561939947260113,0.5024498896533998,0.04135611562058909
0.4516849793663949,0.5067026576022715,0.04161236303133358
0.4727965005220279,0.48651267523677494,0.04069082424119715
0.4497323537219796,0.5121569645926572,0.038110681685362954
0.4689117253474534,0.4914110419760997,0.03967723267644703
0.4448525310408047,0.5047698941903531,0.050377574768842165
0.45750174665159865,0.5078344875910182,0.03466376575738324
0.472542297349009,0.48150024243451617,0.04595746021647507
0.45043496290411617,0.5072443563792044,0.042320680716679486
0.45061757369341454,0.5107206483679005,0.03866177793868493
0.45896926789447984,0.5032308325639782,0.03779989954154189
0.4699114621858743,0.4990957138168704,0.030992823997255354
0.4570848677299168,0.5067490231283832,0.036166109141699834
0.4529292393765202,0.5080673960610002,0.039003364562479846
0.45182075674250155,0.5073014194961508,0.04087782376134755
0.44046826592998534,0.48427226434686305,0.07525946972315158
0.4663775686003091,0.4930065522287129,0.04061587917097795
0.45554019331235174,0.5159894016598124,0.02847040502783589
0.4556475565892408,0.520506316411033,0.02384612699972603
0.3526333318665924,0.45215744478680875,0.19520922334659868
0.4455936711179293,0.5051220481101291,0.04928428077194149
0.46867374062214,0.49966132090141857,0.03166493847644148
0.47760190376841277,0.48014987138449,0.04224822484709731
0.45231033844762003,0.511397646429825,0.03629201512255488
0.46413358955214723,0.5003501112226735,0.035516299225179106
0.46846572007238063,0.49639072832817865,0.0351435515994407
0.45221558439153925,0.5107554174046436,0.03702899820381706
0.45326376777873767,0.5055217506637018,0.041214481557560516
0.45659646225186407,0.5153242586914352,0.028079279056700993
0.48068761319148756,0.48781230417880567,0.03150008262970684
0.4465944412058118,0.5118477599941343,0.041557798800053974
0.44939790603986746,0.5138289578965731,0.03677313606355957
0.45935509340455327,0.49956286991304427,0.04108203668240226
0.4498898163517517,0.5102837497065201,0.03982643394172822
0.4506592249014275,0.5100144206981021,0.03932635440047028
0.4557381085936315,0.5163942141373631,0.027867677269005558
0.4510258813786731,0.5087389206963364,0.04023519792499034
0.44910825582305447,0.5121766644067463,0.03871507977019909
0.4598623900632565,0.4996651448467259,0.04047246509001739
0.45465200190825167,0.5031824757710053,0.04216552232074309
0.44858746497524205,0.5108044681166407,0.04060806690811715
0.4486376601696046,0.5128637478581863,0.0384985919722089
0.45425319933335506,0.5080765428212776,0.037670257845367615
0.4735002069141451,0.4860861990771527,0.04041359400870202
0.4560671956631391,0.5048322560963132,0.0391005482405476
0.45252190887758376,0.5055260650378466,0.04195202608456971
0.47092472131515833,0.4931542323047425,0.03592104638009933
0.4572359162079757,0.5022758515447845,0.0404882322472397
0.4577410376084028,0.5027638342795656,0.03949512811203162
0.4575363487833449,0.5033217550638072,0.039141896152847744
0.4794428012492468,0.49359483711746976,0.02696236163328319
0.4493603690859658,0.5111111169354737,0.03952851397856049
0.4548160114064305,0.5074579298234194,0.0377260587701498
0.4575192119533481,0.5077309594181281,0.034749828628523625
0.48529769345893153,0.4860169977803034,0.02868530876076495
0.4779384875474667,0.4782330670878503,0.04382844536468306
0.4678132486741261,0.4934999092337458,0.03868684209212824
0.4573695191509217,0.5017499596831196,0.040880521165958875
0.4848383831897502,0.48074341695492717,0.034418199855322566
0.4545301296416371,0.5074877221386531,0.03798214821970978
0.45033775363483225,0.5115228952768099,0.03813935108835797
0.4559039502408508,0.5070692937209278,0.037026756038221295
0.45172911179523284,0.5127846890502565,0.03548619915451092
0.46706713716122517,0.4906160708903487,0.04231679194842626
0.4796650481021229,0.46933304527627806,0.051001906621599126
0.4752377387215085,0.49336682777068125,0.031395433507810246
0.46614378523438266,0.49601532747179705,0.03784088729382027
0.45297589257136933,0.5152473672742562,0.031776740154374365
0.46580841788418603,0.49708115294796185,0.037110429167852274
0.481659943357798,0.492071163600843,0.02626889304135907
0.461029813844447,0.46003395720825063,0.07893622894730233
0.45276192216994277,0.5060763521066937,0.04116172572336326
0.4506304966435272,0.5129758413241997,0.036393662032273066
0.44852456297162324,0.5092865198008826,0.04218891722749397
0.44744104157995246,0.5109411561172609,0.041617802302786194
0.4542033287778931,0.5062633856013503,0.039533285620756475
0.4548265618349252,0.5052677188553766,0.03990571930969807
0.4505248318875979,0.512096812607926,0.03737835550447614
0.4597923454202506,0.5093176452174638,0.03089000936228577
0.4585518220392966,0.5008929718870578,0.04055520607364541
0.45047193704371896,0.512925344958487,0.03660271799779406
0.4549615977077176,0.5064288015120297,0.03860960078025239
0.4619766310666782,0.49611050910586607,0.041912859827455615
0.4827566293979599,0.48132348145021964,0.03591988915182054
0.4525560143647025,0.5148861779917417,0.03255780764355579
0.4479819842654074,0.5100758907477206,0.0419421249868718
0.42476063767233807,0.4993769128999255,0.07586244942773646
0.4512072054750143,0.5102924770058948,0.038500317519090776
0.4518131731871986,0.5135799872761363,0.034606839536665
0.4765654228006667,0.4837963561750416,0.03963822102429142
0.48484880009253944,0.4751245518288127,0.040026648078647524
0.4805029447509087,0.4853469481088981,0.03415010714019288
0.4685981707860066,0.49042870184311027,0.04097312737088336
0.45532363897128364,0.5046317422833624,0.04004461874535406
0.43988449448382255,0.500247350639022,0.0598681548771556
0.418956565297267,0.47844552045404226,0.10259791424869082
0.45010026253363755,0.511694062341455,0.03820567512490746
0.4776270827873286,0.49649458991149914,0.025878327301172167
0.45630659507136945,0.5028322944557067,0.04086111047292373
0.451182626741617,0.5165304537952101,0.03228691946317269
0.44856664147967096,0.5098928603103043,0.04154049821002477
0.48286741793075355,0.4827146446248662,0.03441793744438006
0.45356351303997,0.5064225230655605,0.04001396389446974
0.45929006619496365,0.5047509696320682,0.03595896417296808
0.4523435067197924,0.5200620173055724,0.027594475974635064
0.45419346119914583,0.5072716061587872,0.03853493264206689
0.467510739484613,0.4973260488035823,0.035163211711804705
0.48612507511040537,0.47464391899913866,0.03923100589045612
0.45059745565822945,0.5190559623527097,0.030346581989060914
0.4681083725129499,0.5023831967875972,0.029508430699452724
0.4478648522901579,0.5116810762223885,0.04045407148745354
0.46009643758458685,0.500463878141063,0.03943968427434995
0.4478706607554554,0.5131781880833448,0.03895115116119981
0.4546572118160688,0.5053213093560075,0.040021478827923604
0.46221320333932087,0.500021433165362,0.037765363495316916
0.4493893248306113,0.5117760039355658,0.03883467123382307
0.45212392558949527,0.5095617246251984,0.038314349785306234
0.45019258511603205,0.5122694802142007,0.03753793466976731
0.4536720517722753,0.5070133265509656,0.03931462167675913
0.4807125545598194,0.48534482287916875,0.03394262256101185
0.44773523902190865,0.5072540423348277,0.04501071864326367
0.4456891771218962,0.5151525502590464,0.03915827261905728
0.4462535848021149,0.5118781844863413,0.041868230711543955
0.46098146431072795,0.5109533481932235,0.028065187496048777
0.452076680825346,0.5159812160542223,0.03194210312043171
0.4619553730482922,0.5073220535636476,0.0307225733880601
0.44950962871260675,0.5143206180485745,0.03616975323881865
0.4484162699976532,0.5103209853435503,0.04126274465879632
0.3197277993490375,0.4892277313265737,0.19104446932438876
0.47907461378229693,0.4967884105695901,0.024136975648113
0.45466048824044303,0.5123411818720597,0.03299832988749722
0.44940044246300476,0.5103648273795904,0.040234730157404655
0.4501406467168172,0.5114466783705113,0.038412674912671474
0.4505356104897717,0.5075822917040026,0.04188209780622581
0.4581461874906791,0.4994340849264001,0.04241972758292065
0.4566835942340247,0.5087508377420391,0.03456556802393637
0.46588477996316624,0.49580488162693054,0.03831033840990297
0.4612702505470193,0.49716007738467355,0.041569672068307105
0.4771407786236581,0.4934666478785985,0.02939257349774325
0.4478843924906768,0.5117483427225465,0.04036726478677669
0.45399572366081625,0.5069558793289579,0.039048397010225666
0.46621326805738716,0.4963675615136097,0.03741917042900293
0.45076178687197926,0.5191612582549239,0.030076954873096896
0.4541891378107371,0.5055935012662433,0.04021736092301984
0.4491682240633849,0.5155623549342337,0.03526942100238128
0.46322161592231315,0.4965722681860944,0.040206115891592356
0.45527770930665434,0.5062786232791978,0.038443667414147745
0.45972335109041923,0.5035959445085725,0.03668070440100822
0.4769480156200479,0.4957076665207342,0.02734431785921815
0.4739780399144558,0.4953718629201255,0.030650097165418545
0.4500833898448263,0.5190466271571934,0.030869982997980414
0.4528653438791801,0.5120178497004754,0.035116806420344565
0.4659972548001442,0.49192528010593783,0.042077465093917917
0.45334828439463476,0.5046177606481079,0.04203395495725736
0.4504919065713065,0.511997192708778,0.03751090071991563
0.48202998729518154,0.4942884581664658,0.023681554538352623
0.46286460683578445,0.49501250459387935,0.042122888570336026
0.44912393809087564,0.5114504198651821,0.03942564204394233
0.45230133681163565,0.5069453729794522,0.04075329020891216
0.44964748136610855,0.5139347133267829,0.03641780530710882
0.4503800405121663,0.5095998884147835,0.04002007107305015
0.4466969178298133,0.511535310874861,0.0417677712953256
0.4485800643317314,0.5090206436177934,0.042399292050475115
0.4477447192150755,0.511121257631455,0.041134023153469604
0.4448531712530926,0.5016179066087878,0.05352892213811963
0.4506292547526462,0.49524892456933356,0.05412182067802029
0.44991208530710824,0.5109342707798963,0.03915364391299526
0.45826003106891366,0.5008221196277015,0.04091784930338476
0.451536276424629,0.5120392646405113,0.036424458934859634
0.4770532608541278,0.4831837978070969,0.03976294133877518
0.4540881813776795,0.5055457330909193,0.04036608553140118
0.46148320531749554,0.4978821880849951,0.040634606597509455
0.4522859512984596,0.5071791963822182,0.04053485231932213
0.48033895541700156,0.491453517344571,0.02820752723842727
0.49532476154858607,0.4814183436189734,0.02325689483244072
0.4869449347021442,0.474573947515006,0.038481117782849864
0.45782007971866656,0.5014045858069092,0.04077533447442415
0.459649226799879,0.45352514101746366,0.08682563218265726
0.45116333901697003,0.507892986834647,0.0409436741483832
0.45284379882129394,0.5057005476482193,0.04145565353048665
0.4661346576013126,0.5003026664471736,0.03356267595151357
0.4496105890981318,0.5084936139805426,0.04189579692132558
0.481289322529027,0.4801234412433321,0.038587236227640855
0.47619993237113817,0.48405027102676673,0.03974979660209481
0.4522221604556381,0.5059246537023228,0.04185318584203893
0.4540978659590859,0.5153466794616235,0.030555454579290445
0.44751550589848904,0.5110042851640714,0.04148020893743952
0.4871272072333283,0.47274476996559534,0.040128022801076545
0.4821337925003049,0.4764330675864656,0.04143313991322985
0.45131013187326435,0.5084462591901678,0.040243608936567955
0.45936368227134056,0.5042668325756401,0.036369485153019146
0.4808948084068805,0.492189951319319,0.026915240273800534
0.4502426110852964,0.5144424114589683,0.03531497745573533
0.4483230389346962,0.5133100274918989,0.038366933573404746
0.4521627058652098,0.5130756011288972,0.03476169300589276
0.45559503141515906,0.5098731086569842,0.034531859927856776
0.4530575928883153,0.5054094447675967,0.0415329623440877
0.44803495416026085,0.5099448218780136,0.042020223961725625
0.45271454303998954,0.516780640067433,0.030504816892577735
0.45145869658238935,0.5073642208078294,0.04117708260978088
0.46375720969938466,0.4931258335594751,0.043116956741140404
0.4593547309890843,0.5004229636526584,0.040222305358257326
0.4495013307203325,0.5103822443741723,0.040116424905495364
0.46952289028516403,0.49275328376618405,0.03772382594865182
0.4521274735930811,0.506434356878128,0.0414381695287908
0.45581996829326454,0.5022656238631515,0.04191440784358398
0.4686143251126275,0.510826841651114,0.02055883323625857
0.4767360128957406,0.48991444230344167,0.03334954480081769
0.4829942127733644,0.490174226108245,0.026831561118390666
0.4755569277550583,0.48939510973164957,0.03504796251329209
0.4478655415578444,0.5110431903688124,0.041091268073342985
0.4509072497971558,0.49454889343930447,0.05454385676353974
0.4832297172700143,0.48154882596550513,0.03522145676448073
0.4494098014814166,0.5166803073251167,0.03390989119346672
0.4598250988938203,0.5004724004641005,0.03970250064207927
0.46911526912341495,0.49072152675588177,0.04016320412070315
0.4771240147829885,0.48457111771755246,0.038304867499459126
0.4487636987653555,0.509233717244761,0.042002583989883435
0.44960810241880533,0.5114587672315742,0.0389331303496203
0.456882472843513,0.5012346308554017,0.041882896301085104
0.4636498108840708,0.5075143440939478,0.028835845021981346
0.4764043633162247,0.4935116180642084,0.03008401861956695
0.47377023814858704,0.4858319140695449,0.04039784778186807
0.46270474180633714,0.49715093215534084,0.04014432603832218
0.4574923189302189,0.5008408932647025,0.04166678780507844
0.4690286395527225,0.498131365043238,0.032839995404039625
0.44826985563303134,0.5109592934130766,0.04077085095389203
0.4768712398011307,0.48449791408702797,0.038630846111841304
0.44957882856509507,0.5125773205249293,0.037843850909975635
0.4586053738089244,0.5056063197966277,0.03578830639444779
0.4496366171424007,0.510578699722144,0.03978468313545538
0.46160649356331185,0.49986266386084605,0.03853084257584234
0.4534037326740644,0.5061331931173519,0.04046307420858361
0.45224254631720157,0.5088216701749785,0.03893578350781976
0.4592877439823872,0.5145212729255887,0.026190983092023997
0.44874669947905915,0.5130292843754923,0.03822401614544837
0.46277140736734224,0.49999409414403717,0.0372344984886206
0.45858283627809887,0.5045407460338397,0.03687641768806151
0.45489531849269504,0.5098326184107197,0.03527206309658553
0.47341050558949643,0.4935399859492156,0.03304950846128802
0.4486288232699137,0.511495678564885,0.03987549816520141
0.45129882604063026,0.5110543039850717,0.03764686997429796
0.4727857356262436,0.4859085496506784,0.04130571472307792
0.45785361661290586,0.5001922591434025,0.04195412424369176
0.4692768744057884,0.4971024377087346,0.03362068788547699
0.45160806030455863,0.5106227219387417,0.03776921775669944
0.4532247931041797,0.5055369480386035,0.041238258857216895
0.44947803398790726,0.5147737375142154,0.03574822849787711
0.4796291797123116,0.48326997819181416,0.03710084209587423
0.4679769198052197,0.479206446497535,0.05281663369724547
0.4551756941047655,0.5204436366797474,0.02438066921548727
0.454128146958614,0.5040122211182256,0.041859631923160175
0.455737643945031,0.5170587627075897,0.027203593347379238
0.4544464988137475,0.5222741483265575,0.02327935285969503
0.47388977318722997,0.485302110506484,0.040808116306285905
0.4532356819501385,0.5189430396676689,0.027821278382192664
0.4675896281791417,0.5010441117045815,0.031366260116276634
0.45252251794188564,0.5090304888735778,0.03844699318453653
0.47899928646391693,0.48862700768423545,0.032373705851847526
0.4549604066264788,0.5017840447711639,0.043255548602357356
0.14488549586050212,0.22160326355434964,0.6335112405851485
0.46083846242955656,0.5036498490029506,0.035511688567492754
0.48568671578969663,0.47927123254350257,0.03504205166680083
0.4486199432118167,0.511960450555752,0.03941960623243118
0.45025877973625567,0.5086574525973904,0.04108376766635393
0.4746228933177526,0.48767276420092126,0.037704342481326376
0.45409763921457946,0.5072411616499146,0.038661199135505794
0.4480468396996573,0.5113444596424037,0.040608700657939055
0.46894044537794705,0.49487749916918566,0.03618205545286717
0.4501455696892286,0.5084919654611182,0.04136246484965323
0.4417219702877929,0.4954417633622575,0.06283626634994957
0.466229716951427,0.4967829038227652,0.03698737922580784
0.4115269948409348,0.4580767304610888,0.1303962746979764
0.4524380477277063,0.5175355108554428,0.03002644141685103
0.46760434141295504,0.49459717774594636,0.03779848084109859
0.4508802398823178,0.510888302113928,0.03823145800375415
0.42846066595173293,0.412702480185703,0.1588368538625637
0.4474308911500198,0.5108732810993452,0.041695827750635114
0.47628644409987875,0.48242149757791475,0.0412920583222063
0.4629576748149897,0.5028501598189702,0.03419216536604009
0.45115946899861675,0.511416372834769,0.03742415816661409
0.4637573308766401,0.5013216731383825,0.03492099598497737
0.4654739853032338,0.5069782437555095,0.027547770941256627
0.451803712371205,0.5092359236401673,0.03896036398862771
0.4571078548297869,0.5032173247466065,0.03967482042360657
0.4544295333300171,0.5113695962723406,0.03420087039764227
0.4475793650883332,0.5117719175461275,0.04064871736553938
0.465129400026378,0.49668338984316696,0.03818721013045512
0.4565632741870301,0.5062653148181864,0.03717141099478349
0.4683318334579927,0.4962896195692139,0.03537854697279332
0.44996073490720195,0.5089940906905952,0.041045174402202546
0.477341492512634,0.4885481589377389,0.03411034854962691
0.4556999721116082,0.5033821688422593,0.040917859046132744
0.4523697156927293,0.5064380801815364,0.04119220412573438
0.46109747698912296,0.4973293338482443,0.04157318916263294
0.48216174760578334,0.48908937243048867,0.028748879963728068
0.47445517352325745,0.48338982433621974,0.04215500214052281
0.4665316806716536,0.49101782545880074,0.04245049386954559
0.45001611364700483,0.509251592094382,0.0407322942586131
0.45700548406750996,0.5089188361027366,0.03407567982975365
0.45167929322692507,0.5062189720420792,0.042101734730995585
0.4430571391840913,0.37123859548636956,0.18570426532953924
0.4866502880609711,0.4766074124534296,0.036742299485599254
0.4478264806240962,0.5108281298866463,0.0413453894892575
0.4531070414625272,0.5117752750889257,0.03511768344854682
0.44831899246404433,0.5127463730140482,0.03893463452190745
0.4657150107695087,0.496485457880581,0.03779953134991003
0.44606521962173606,0.47607448709977424,0.0778602932784896
0.45677867267844235,0.50201417115664,0.04120715616491754
0.4542718807300715,0.5071812172210451,0.03854690204888308
0.4771855471372526,0.4848208323205936,0.03799362054215373
0.4760314849896206,0.49407637835533785,0.029892136655041233
0.44903648067230045,0.5095825257003649,0.041380993627334786
0.46419206619048486,0.501222119576129,0.03458581423338628
0.45995464914738365,0.4939346301102389,0.046110720742377494
0.45922323340052085,0.5058740463482362,0.034902720251242886
0.4748828442497591,0.49309202336465335,0.032025132385587816
0.4529242945520746,0.5132078665599823,0.03386783888794297
0.45194979992221956,0.5068551690212522,0.04119503105652826
0.45673738457849056,0.48925564162573953,0.05400697379576988
0.46923814409571996,0.49711799238330384,0.03364386352097607
0.44682365596373447,0.506224660533255,0.04695168350301049
0.4521642573063996,0.508008677057575,0.03982706563602524
0.4634437411030059,0.5064670653269282,0.030089193570066005
0.4483512852457053,0.5108148644447223,0.040833850309572386
0.4527180477125506,0.5221032001167925,0.025178752170656963
0.44248248732372986,0.5002023055695338,0.05731520710673664
0.44929375740605376,0.5048972563417689,0.04580898625217741
0.45164810445354725,0.5092633391353911,0.039088556411061556
0.481633209152262,0.4930667389317681,0.025300051915969825
0.4511737291969772,0.5107051610030415,0.038121109799981324
0.46146338028362044,0.49788738005460526,0.04064923966177425
0.45577833899342635,0.5058975923810332,0.038324068625540414
0.460873655067271,0.5123703360492461,0.026756008883483024
0.4581444074653193,0.5117061080629933,0.030149484471687193
0.4892292984719084,0.48756770309772063,0.023202998430370873
0.45899530738576144,0.5019526806078219,0.03905201200641659
0.44744810178117844,0.5125591301695904,0.03999276804923093
0.4811018461404395,0.4840765728855091,0.03482158097405156
0.44926332280242726,0.5155905419147089,0.03514613528286407
0.4532457075149323,0.5058393581992326,0.040914934285835175
0.4511184655755391,0.5118188834025619,0.03706265102189922
0.46451673067821575,0.4989129875156324,0.03657028180615168
0.4563408789691468,0.5030966002981117,0.04056252073274159
0.47489377500108704,0.49029093347772357,0.03481529152118938
0.47323105925271375,0.5001720406615269,0.026596900085759274
0.45561441681987497,0.5113075232160348,0.03307805996409017
0.4845346549139959,0.4831642188193778,0.032301126266626456
0.4548280462988344,0.5101851366383067,0.03498681706285908
0.4481832477747191,0.5110248052504515,0.04079194697482967
0.44874502306079794,0.5113569976662808,0.039897979272921213
0.45958810265785405,0.4990689509002647,0.04134294644188123
0.46512049464717925,0.49435747911782435,0.040522026234996525
0.46608651353491326,0.4938965722849033,0.040016914180183306
0.47107314574834463,0.486967305248171,0.04195954900348467
0.4734615244402016,0.4955864069854928,0.030952068574305415
0.4566651765211871,0.5039064981093015,0.039428325369511144
0.4591720110398312,0.5046078755594163,0.0362201134007525
0.44857783514275956,0.5104846582384761,0.04093750661876432
0.4498536277623144,0.5116994650770331,0.038446907160652334
0.4133814176297392,0.49489336394019534,0.09172521843006559
0.4504458948581289,0.46423971982266543,0.0853143853192057
0.4784911609954002,0.48273847543270415,0.03877036357189577
0.4553313341425504,0.5210590814515488,0.0236095844059009
0.46107645951888626,0.5006515322700469,0.038272008211066966
0.4806032312190754,0.4832403517946994,0.036156416986225196
