0,1,2
0.48958495350287407,0.47936504043493655,0.03105000606218937
0.47666021046508456,0.4819540331657435,0.0413857563691721
0.41242521095030155,0.5488243254308297,0.03875046361886866
0.4893840180960961,0.4712206542938436,0.03939532761006033
0.4704380582464864,0.4925740642065056,0.03698787754700794
0.44576953974243205,0.5137979567285297,0.04043250352903834
0.46717749175757606,0.49284287728195497,0.039979630960468776
0.4167816226472209,0.5445599734393443,0.03865840391343471
0.4538618282940471,0.5087930260816348,0.03734514562431823
0.4376579123149171,0.5275541557644932,0.034787931920589835
0.4153051665419713,0.5458966905963509,0.03879814286167788
0.42166890082356323,0.5422676781799645,0.036063420996472466
0.4746662192617834,0.48445589403483125,0.040877886703385415
0.48107199077822405,0.4888286251837162,0.030099384038059517
0.5156981867333815,0.4512798737144373,0.03302193955218108
0.4301745460761227,0.5335967432471167,0.036228710676760624
0.42489956121529504,0.5413251546515033,0.033775284133201494
0.5438817512681071,0.41793924675269767,0.03817900197919516
0.47593380798519475,0.492730286332843,0.03133590568196214
0.4747946630566912,0.4894914273392407,0.035713909604067985
0.4811322307229368,0.4805682900993272,0.03829947917773577
0.40352476292069844,0.5663905089940792,0.030084728085222227
0.4215544702535274,0.5425213627631243,0.035924166983348445
0.4196278179067185,0.541365288175288,0.03900689391799352
0.4839045622676356,0.4837652280840266,0.03233020964833759
0.40586344073397623,0.5612749095985657,0.032861649667458186
0.3855085025365437,0.5577803984612304,0.05671109900222619
0.4559926500671273,0.5044032356313577,0.03960411430151506
0.4572507631739136,0.5045061027498708,0.03824313407621558
0.46400590186410157,0.49857325562709887,0.037420842508799616
0.5052411306981627,0.45340183111170057,0.041357038190136614
0.5198476312738808,0.45075765731001394,0.029394711416105418
0.4979096684386297,0.46483905323702107,0.0372512783243493
0.4638031303162594,0.49642402111054557,0.039772848573195005
0.4483394619870387,0.5140555970632273,0.03760494094973395
0.5458697633745113,0.4222111524387433,0.031919084186745224
0.4304005228433131,0.530269027716458,0.039330449440228676
0.4371537533884406,0.5270002240493262,0.03584602256223316
0.39708914815053564,0.5748638195940013,0.028047032255463122
0.47242583971688884,0.4957596282660852,0.03181453201702583
0.3927616011197002,0.5701810597011384,0.0370573391791617
0.41544817226558767,0.544135369074986,0.04041645865942609
0.4903066933965639,0.4708488528931346,0.0388444537103015
0.4100875046501903,0.5386664396150399,0.05124605573476975
0.3894916910872377,0.569356065183501,0.041152243729261184
0.5680620091033399,0.394812040734886,0.037125950161774265
0.4334090833413492,0.517918163404627,0.04867275325402381
0.466346542222996,0.49377173479577285,0.03988172298123103
0.6106183557009939,0.3612065080877039,0.028175136211302163
0.45987234243604197,0.5002409777741951,0.039886679789763
0.42122796534812723,0.5402389892086329,0.03853304544324002
0.5331802453309269,0.4344200226003674,0.032399732068705694
0.483244139270619,0.47657361732622566,0.04018224340315533
0.3965218316237848,0.5646638609354205,0.038814307440794615
0.4172385186324416,0.5478443220659779,0.034917159301580236
0.5231883302748005,0.44584202556481517,0.03096964416038427
0.4403787577523335,0.5200136391640195,0.03960760308364702
0.4703445690408185,0.4900628799986404,0.03959255096054103
0.4093910209925213,0.5638198272978705,0.02678915170960839
0.4875636311278887,0.47155759107206097,0.040878777800050184
0.4229987163475253,0.5400186074840687,0.036982676168405955
0.5431880424261398,0.41805700828175046,0.03875494929210974
0.5184550638691819,0.44665097405168047,0.034893962079137884
0.5435900869940083,0.4224457689955942,0.03396414401039754
0.4645081842967713,0.4996212329796012,0.03587058272362757
0.4586879114102063,0.5065736125452269,0.03473847604456679
0.5108104630363511,0.45485054678744585,0.034338990176202816
0.44236307365927197,0.5181714891412678,0.039465437199460156
0.3886391820423699,0.573851580990727,0.03750923696690304
0.434012041107011,0.5254274347777301,0.04056052411525899
0.4044775093266016,0.5570439320963299,0.0384785585770684
0.4912355446724077,0.4776539688419777,0.031110486485614573
0.502221578347299,0.45692126902315167,0.0408571526295493
0.4059106274317955,0.5532230610081095,0.04086631156009499
0.44260994537357073,0.5304854288223835,0.026904625804045595
0.45148938898646135,0.5079969122261049,0.04051369878743386
0.46369185593372997,0.5019036546543428,0.034404489411927
0.41653132607320825,0.5457148392326223,0.03775383469416931
0.572266302659453,0.3927902754427636,0.03494342189778328
0.47213598644707544,0.4867102978238896,0.04115371572903505
0.41487342750629014,0.547839466067573,0.037287106426137036
0.38721253169973396,0.5816579614782983,0.031129506821967808
0.4106358596645643,0.5506055153217597,0.03875862501367617
0.4186894963731828,0.5484544035745368,0.032856100052280256
0.4449247343226771,0.5145742051515481,0.040501060525774873
0.4562499930413691,0.5070163983414658,0.03673360861716501
0.40488059669050636,0.558433945676691,0.036685457632802634
0.5108619148884733,0.4426858431638797,0.04645224194764713
0.5228663804665065,0.4349175238154018,0.04221609571809159
0.5510359812633288,0.4062498088505992,0.04271420988607195
0.48677836095069904,0.4812854532717235,0.03193618577757725
0.5293997788308022,0.3688470127277171,0.10175320844148086
0.4126960089953474,0.5467684002488391,0.04053559075581343
0.41329226299016303,0.548786019376221,0.03792171763361594
0.5198330278183357,0.44691697364837074,0.03324999853329314
0.44410863446764004,0.5171903627374931,0.03870100279486686
0.4515377982407573,0.5212733200097217,0.027188881749521
0.43774010039160294,0.5235589331470849,0.038700966461312
0.4341769268887853,0.5275630968038529,0.03825997630736181
0.4299393631299834,0.5307028035523789,0.03935783331763787
0.45373242542692616,0.5126794494759479,0.03358812509712577
0.4119576139397508,0.5672067483283766,0.020835637731872803
0.5702057968149561,0.39215292388146494,0.03764127930357886
0.4914510726589832,0.4694358940554616,0.039113033285555404
0.4200542435189941,0.5397178642431217,0.04022789223788408
0.5042851328110982,0.456476473583206,0.03923839360569588
0.4585866945765687,0.5018876278802209,0.039525677543210416
0.458570106931055,0.5060392704848019,0.035390622584143126
0.49300241890157176,0.4713713483393809,0.035626232759047444
0.5271645590406114,0.43156920539725063,0.04126623556213804
0.39736648212943926,0.5649182081616071,0.03771530970895358
0.6043765386553754,0.36901484021576486,0.026608621128859724
0.4328218392318527,0.5280030910772056,0.03917506969094169
0.5379760498136763,0.4216844197300208,0.04033953045630302
0.4814557255282344,0.4773698313611502,0.041174443110615244
0.4938044437730125,0.4440287585697374,0.06216679765725025
0.5237970484531461,0.43892160477540804,0.03728134677144612
0.5358534250618201,0.4258756181227089,0.03827095681547091
0.4758264812583267,0.48454113735507215,0.039632381386601065
0.39507113411949984,0.5713608382162665,0.033568027664233335
0.4455701046042251,0.5143575418426655,0.04007235355310947
0.5146016215787661,0.45401024156341857,0.03138813685781521
0.4265820085208818,0.5396835672349752,0.03373442424414295
0.493707956041596,0.4774744774598742,0.028817566498529682
0.44175214466790974,0.51250902029518,0.045738835036910515
0.4386950690449922,0.5328320575906309,0.028472873364376976
0.419525159913345,0.5409495209225532,0.0395253191641016
0.39958709907109424,0.5621341175746775,0.038278783354228345
0.41299352464170214,0.5554269391385174,0.03157953621978054
0.4179858894696501,0.5437999463876865,0.03821416414266327
0.4331673773287174,0.5378113845745529,0.029021238096729508
0.4363956998357328,0.52286738398394,0.040736916180327425
0.42841718232107856,0.5326255345809467,0.03895728309797482
0.45010590730452876,0.5150307722232018,0.03486332047226969
0.403947470688598,0.5571887884770305,0.038863740834371815
0.4118489220885987,0.5431251570333968,0.045025920878004375
0.586009723837634,0.3769408208215864,0.03704945534077947
0.49386060052973146,0.4573912205369985,0.04874817893326994
0.49382994708140243,0.46876418984676577,0.037405863071831885
0.4430966006658254,0.5165289452924277,0.04037445404174691
0.43723878906329305,0.5243224697380744,0.03843874119863246
0.3974637737817055,0.5617570469953875,0.040779179222907046
0.521006216514429,0.4390031399176802,0.03999064356789081
0.49410072883652395,0.4721938225379403,0.03370544862553559
0.4309382459119349,0.5240644771623202,0.04499727692574477
0.48624682237989414,0.47564247087474154,0.038110706745364105
0.5284042640125158,0.4303325513645539,0.0412631846229303
0.4361115022660612,0.5344474218205083,0.02944107591343028
0.4936896955547064,0.46562701100065473,0.04068329344463868
0.40449356696067007,0.5620530547247756,0.033453378314554305
0.49019047284801615,0.4703539358491102,0.0394555913028736
0.4334850726013323,0.5340088056799744,0.03250612171869309
0.44707285843581246,0.5118068752623642,0.04112026630182336
0.416859376217356,0.5410081884483948,0.0421324353342493
0.5035845189499211,0.45784031694678906,0.03857516410328968
0.39853666217981454,0.5628640634496953,0.03859927437049015
0.42673067724145136,0.519022360688818,0.054246962069730544
0.5108251364051546,0.4503427944621815,0.03883206913266382
0.534510460108341,0.4280396765783288,0.037449863313330084
0.45794412864076295,0.5011211637346256,0.04093470762461142
0.5178687243855612,0.4369661002928853,0.045165175321553515
0.5078946778284594,0.41963272954465775,0.07247259262688296
0.5018228126628876,0.46499543875556787,0.03318174858154435
0.4025972539051193,0.5529766927991254,0.044426053295755205
0.4490627313519679,0.5126864172954616,0.038250851352570434
0.4330215753162853,0.5277493858300037,0.039229038853710665
0.41020032741508344,0.5506797830318878,0.0391198895530285
0.49227136869696714,0.4677591137592232,0.039969517543809695
0.4112740510548082,0.5497074651214058,0.03901848382378591
0.4721449559407287,0.49319301527218184,0.03466202878708937
0.4342027454969055,0.5278213512560581,0.03797590324703639
0.43498312453891746,0.5270516652226919,0.037965210238390744
0.5402766499475388,0.42620403179218386,0.033519318260277396
0.4161427194257558,0.5432460814135414,0.04061119916070296
0.41244793727915807,0.5506743013814874,0.03687776133935476
0.3940238671358857,0.5722315099140556,0.03374462295005847
0.4544110011290646,0.5070226836383351,0.03856631523260025
0.44119456826815306,0.5271671330375657,0.031638298694281204
0.41704714379292174,0.5439962365887482,0.03895661961833013
0.46938196600970805,0.4917260247442355,0.03889200924605629
0.49910243204949933,0.46269250006570384,0.03820506788479674
0.4737215872481757,0.48628095756184775,0.039997455189976605
0.5004686374407055,0.46775537048816473,0.03177599207112993
0.4676628220411267,0.4923737131572772,0.03996346480159613
0.5198566464834056,0.43212892396512603,0.04801442955146852
0.5108245334129805,0.46459276860108856,0.024582697985930914
0.41637004717132614,0.5041207211756611,0.07950923165301264
0.468047857544083,0.4919738916602834,0.03997825079563352
0.49641951379036453,0.4628370155591699,0.04074347065046554
0.4325140857024259,0.5079946156776945,0.059491298619879354
0.5750629979089884,0.3854035741801707,0.03953342791084106
0.5021979448751868,0.462789664661554,0.03501239046325928
0.4497155745431905,0.5132707860723519,0.037013639384457495
0.4006455571095431,0.5594789418815672,0.03987550100888947
0.4929752941086168,0.47582684980263384,0.031197856088749382
0.4358791717500752,0.5256233594512254,0.03849746879869941
0.4681781595790503,0.49427676011543376,0.03754508030551595
0.3901985416691681,0.5657616609993864,0.04403979733144527
0.42281597225777556,0.5370378592524,0.0401461684898244
0.5558504137214237,0.4113563973728544,0.032793188905721915
0.4133932976384551,0.5490632951047747,0.03754340725677012
0.41526059022551604,0.5462146613786054,0.038524748395878564
0.4145367963800137,0.5458139861280407,0.039649217491945485
0.4698700771379934,0.48979666331152816,0.04033325955047855
0.4127961579711897,0.5470293890575275,0.04017445297128287
0.5561980721985815,0.3962494159673706,0.04755251183404817
0.5048404853641589,0.46051184151519203,0.034647673120649175
0.4052729468190885,0.5421382487560026,0.05258880442490896
0.5274116624593842,0.4311574021631349,0.041430935377480826
0.39875870803116337,0.5654523721552269,0.03578891981360965
0.5528518466016241,0.4107619977309555,0.036386155667420136
0.4633491768739677,0.49670110946412466,0.03994971366190768
0.46994769827221433,0.49912051760211545,0.030931784125670422
0.409850415805318,0.5503351726397616,0.039814411554920145
0.3999318029788164,0.5319289935557778,0.06813920346540601
0.44931032871081295,0.5158540406633022,0.03483563062588462
0.3926488892837629,0.5705890072150833,0.0367621035011537
0.472533315222216,0.4872968283758486,0.040169856401935634
0.4145008136469233,0.5495180570579016,0.0359811292951749
0.4251844173032167,0.5318301062825587,0.04298547641422466
0.435263718896951,0.5279148365526948,0.03682144455035434
0.43529400588294853,0.5262185023232882,0.03848749179376321
0.39566307253731414,0.565223686212093,0.03911324125059287
0.39576948961628955,0.5632869271155942,0.04094358326811633
0.41363118365010904,0.5494208286520093,0.036947987697881664
0.4493765343560475,0.5093251084036867,0.04129835724026563
0.4598926223463755,0.5046975385031056,0.03540983915051881
0.5932697374757826,0.3761915912826278,0.03053867124158932
0.39969581919491115,0.5606702876594233,0.03963389314566575
0.49218499802286825,0.46736260320006595,0.04045239877706576
0.45486563186417717,0.5052557206012,0.03987864753462249
0.5605140087761461,0.40655546094102807,0.032930530282825866
0.39558783648215096,0.5671694194529469,0.03724274406490228
0.4023499691338364,0.5622420531023081,0.03540797776385535
0.4339336395002417,0.5364238898305402,0.02964247066921821
0.4767929341478468,0.4884303235056413,0.034776742346511916
0.5554871180847525,0.3959022037044468,0.048610678210800444
0.4573432171342806,0.5028119553540952,0.039844827511624194
0.4785136007674211,0.4736459732953231,0.0478404259372556
0.5766601340202171,0.3802889976775154,0.04305086830226789
0.4229917214183237,0.5267248506388705,0.05028342794280577
0.40982277532913375,0.5506782548118836,0.03949896985898278
0.48941426115003545,0.4700676476336176,0.04051809121634688
0.4093432852339572,0.5512141096603251,0.03944260510571761
0.4273643524945455,0.534061648220653,0.03857399928480135
0.39627797814863486,0.5623495229902834,0.04137249886108173
0.43260589332635674,0.5287462025826332,0.03864790409101031
0.49067566188475326,0.4749355206218328,0.0343888174934138
0.4227542742058658,0.5386907709370901,0.03855495485704434
0.4676984977843961,0.4935070706486043,0.038794431566999805
0.4866590079145266,0.4804739228094158,0.03286706927605742
0.49017968752142016,0.47453997266618164,0.035280339812398226
0.41749921905705145,0.5488095713746473,0.033691209568301295
0.4504288159973473,0.5095546957459095,0.040016488256743324
0.45064047794001955,0.5120095933195588,0.03734992874042176
0.4838284082102622,0.48554953695245157,0.030622054837286226
0.4771297117388033,0.4854638699722287,0.03740641828896784
0.41866692027509783,0.5429887202683116,0.03834435945659041
0.4390752280512351,0.5246775124971564,0.036247259451608456
0.43478483876287183,0.5256015491589976,0.03961361207813056
0.4382185691246548,0.5281954887567726,0.0335859421185726
0.39511565280135386,0.5660060141740108,0.03887833302463546
0.4255125510434442,0.5505133569242288,0.02397409203232724
0.5627407279502057,0.39942301839926964,0.03783625365052493
0.39300262664477187,0.5702633124560208,0.03673406089920727
0.579944021716826,0.38443502857688266,0.03562094970629135
0.5009055280655205,0.4577882779638343,0.04130619397064535
0.5815078729729711,0.37774446497018344,0.04074766205684525
0.5710381273925508,0.3927123611514506,0.036249511455998695
0.4120299660497968,0.5558270544112563,0.03214297953894682
0.384691474803927,0.508113663910777,0.10719486128529614
0.4997675653143136,0.45937300200646697,0.040859432679219675
0.4289619306687777,0.5351566874332201,0.03588138189800206
0.45722526118615264,0.5086811459635251,0.034093592850322325
0.561271378124332,0.40134552084536956,0.03738310103029817
0.4010469057311622,0.5610287113529243,0.03792438291591354
0.41618609148575986,0.5466782525579711,0.03713565595626905
0.37424032813552344,0.5872698308134718,0.03848984105100472
0.4032933840715388,0.5582434933564805,0.03846312257198054
0.4144059265813636,0.5454230391268376,0.04017103429179874
0.5205818495401622,0.4418457498354409,0.037572400624397075
0.5032705402677805,0.3742539400483265,0.12247551968389303
0.4485455369611803,0.516923232101064,0.03453123093775559
0.5292769643306493,0.4348861412926567,0.03583689437669369
0.39899758913013006,0.5627729089109286,0.03822950195894129
0.5275562869722817,0.43161009227550556,0.0408336207522127
0.5099781209236186,0.40832782691117353,0.0816940521652078
0.561068417438318,0.4058679175008271,0.03306366506085495
0.5322344769751347,0.443340815168268,0.024424707856597394
0.4446437941861115,0.5146867898847179,0.04066941592917071
0.12574038146972752,0.0469359274882998,0.8273236910419726
0.4049426115129757,0.5537814216248713,0.041275966862152964
0.43714765735829764,0.5215891828018259,0.041263159839876495
0.5201160857697165,0.44223244908279247,0.03765146514749111
0.4622728856001191,0.4981610283095931,0.039566086090287805
0.47801147016501994,0.4820186569445357,0.03996987289044437
0.4589810711120569,0.4791524906023172,0.061866438285626164
0.38400372936568766,0.5785376660270255,0.037458604607287005
0.4021229442868583,0.558582301251422,0.039294754461719573
0.5054859615158954,0.4559269192373444,0.03858711924676001
0.42509614884729685,0.537450767108317,0.03745308404438613
0.47666613467944036,0.4940683165271581,0.02926554879340169
0.45170370448939895,0.5104141725801413,0.03788212293045978
0.5682435865335561,0.36597799566604805,0.06577841780039574
0.4486783359873943,0.512954888293221,0.03836677571938482
0.46510770612835967,0.4945572038091383,0.04033509006250213
0.4234976829953942,0.5473355328859005,0.02916678411870522
0.4508431411268181,0.5091034757515295,0.04005338312165247
0.563424290206722,0.394835622618627,0.04174008717465084
0.4795680276045801,0.48844315313220427,0.03198881926321543
0.5283928707126875,0.43271017884482793,0.03889695044248471
0.4656197160946283,0.49488284695158974,0.03949743695378212
0.40154912036271967,0.5581997841152337,0.04025109552204636
0.42695270925444834,0.5304462080297858,0.04260108271576578
0.44912428461242715,0.517110460395297,0.0337652549922758
0.4122854465654933,0.550476251728445,0.037238301706061454
0.4675544059418053,0.4972438531712198,0.035201740886974885
0.42311556807585243,0.526408895968976,0.05047553595517155
0.3933547149685787,0.5681847962979139,0.038460488733507256
0.5191871022667102,0.44150251955945186,0.03931037817383797
0.5783013085844109,0.38484769738236063,0.036850994033228494
0.42509912495722124,0.5377216679241272,0.03717920711865147
0.5927267586510006,0.37263167106833833,0.03464157028066099
0.46068237693281805,0.5020003987866544,0.037317224280527694
0.40288411354972975,0.5591311058476219,0.03798478060264838
0.5028396953856761,0.4517534450779652,0.0454068595363589
0.4108679649657798,0.5485126708867216,0.040619364147498824
0.39075080825135244,0.5742472408607505,0.03500195088789703
0.43274963924037646,0.5279727316734307,0.039277629086192846
0.48012748980484543,0.48507283272924245,0.03479967746591199
0.4383633191035438,0.5261058702633852,0.03553081063307091
0.5716336716812174,0.3904882153325036,0.037878112986279064
0.483284582529822,0.47058813851927156,0.04612727895090615
0.5087103679661568,0.45563801942203297,0.0356516126118107
0.42225957743767084,0.538783244824859,0.038957177737470046
0.4321441829027157,0.5313678772061033,0.036487939891180904
0.4960904192124665,0.4706111524728331,0.03329842831470023
0.4503409933018558,0.5140384700902083,0.03562053660793591
0.4235547081433009,0.5353794901294906,0.04106580172720857
0.4238717697733809,0.5372554805355781,0.038872749691040626
0.4286064686187335,0.5339382409461364,0.0374552904351299
0.4464961928088164,0.5134416006947429,0.04006220649644057
0.3910123605490039,0.5603849929505335,0.04860264650046293
0.41011713070471023,0.550613593538984,0.039269275756305726
0.42069200079434566,0.5408445740833228,0.03846342512233176
0.4786235323010999,0.4861183966638196,0.03525807103508056
0.4940525928487862,0.46717615389614775,0.03877125325506599
0.19213153941873898,0.45572897879540347,0.35213948178585747
0.4449122105743156,0.5180145119969234,0.0370732774287612
0.4198338332974959,0.5445908376733299,0.03557532902917415
0.3980270399621886,0.5628695951762777,0.0391033648615339
0.4503251889419527,0.5153239695989423,0.03435084145910491
0.4598140253784989,0.5016411078889921,0.038544866732509064
0.418999942143434,0.5401442771427215,0.04085578071384446
0.41938234464173196,0.540135150395779,0.04048250496248886
0.4365746710511182,0.5256015941742747,0.03782373477460716
0.5942028852946424,0.36908865993227724,0.03670845477308041
0.44374708179781713,0.5176291124267606,0.03862380577542234
0.43162601374700604,0.530355667367414,0.03801831888557999
0.4999160262493841,0.4624339770521467,0.03764999669846923
0.4338327382042834,0.5256293834885233,0.04053787830719313
0.5361801954358408,0.4247364399020353,0.039083364662123886
0.4764699153291991,0.4886302097759057,0.0348998748948951
0.4606447686325647,0.5016714927394703,0.03768373862796491
0.5679386330852584,0.3929391470680164,0.0391222198467252
0.47357841136955225,0.4889523653985503,0.03746922323189725
0.5665092830703359,0.39592997641342337,0.03756074051624097
0.4187019938306765,0.5413633226010455,0.03993468356827786
0.43916737466835676,0.5241062549083602,0.036726370423283194
0.4104542719733685,0.5525160819270493,0.03702964609958228
0.4642464540828137,0.5062570293113198,0.02949651660586638
0.44385844604911545,0.5246070815078091,0.03153447244307558
0.5558527505064605,0.30890574703684853,0.13524150245669067
0.4444336398060687,0.515285536096714,0.04028082409721733
0.4286473593646127,0.5387748668406259,0.03257777379476131
0.5035161553278055,0.46598137743927787,0.030502467232916497
0.37643797250073396,0.5942554818449456,0.029306545654320358
0.5225422410992895,0.4377113972682088,0.03974636163250171
0.41324237261596614,0.5509008749291864,0.03585675245484732
0.4488889752138786,0.5136276914644823,0.03748333332163895
0.4334023885911091,0.526529141347816,0.04006847006107499
0.5202513465763139,0.43848872258194477,0.0412599308417413
0.4077371448970408,0.5521931751200173,0.04006967998294172
0.46497536365702646,0.5007331358095787,0.03429150053339492
0.4476520339975716,0.5133928807025345,0.038955085299893895
0.44249101768038074,0.5270543276056352,0.030454654713984185
0.4090551932898378,0.5502881777945535,0.040656628915608645
0.4380192991629231,0.5212110181510994,0.0407696826859777
0.6186940202244138,0.34532873249610124,0.0359772472794852
0.554550138830761,0.407328004072865,0.03812185709637405
0.39518107452279677,0.5655839530289476,0.03923497244825562
0.13757864913457035,0.5628608808862087,0.2995604699792209
0.5240519184102916,0.4391566506278758,0.036791430961832496
0.3372836346762025,0.5470177760973509,0.11569858922644626
0.4270080449192325,0.5512909099916886,0.021701045089078705
0.4402399348219812,0.5266458081355598,0.03311425704245892
0.4975373815546043,0.463117058852831,0.03934555959256474
0.5177845449209983,0.4423001359959894,0.03991531908301217
0.44385922479557965,0.5182414104651294,0.03789936473929097
0.46703196824650994,0.4940868110037213,0.03888122074976842
0.4218214102261494,0.5388888300667545,0.0392897597070959
0.3982165109316,0.572539481785809,0.029244007282590866
0.433461540905071,0.5266725935759075,0.03986586551902167
0.4298478218169611,0.5369347509346064,0.03321742724843244
0.48837805441295135,0.47906918974269164,0.03255275584435706
0.42983618843648647,0.5305421135165675,0.03962169804694591
0.4132993574330079,0.546139203653406,0.04056143891358597
0.4706048043165167,0.4966404649571749,0.03275473072630844
0.45568788055038495,0.5055053719162435,0.03880674753337158
0.3717151626342719,0.5675395033118044,0.060745334053923704
0.42461079706131677,0.5350108064158373,0.04037839652284587
0.4636140943282488,0.49691058627714807,0.03947531939460298
0.4078309426036261,0.5510921119303213,0.04107694546605284
0.41607102579207156,0.5436344528054734,0.040294521402455215
0.5724231680302889,0.3920505032661393,0.03552632870357174
0.5171335842972576,0.44371956497299453,0.03914685072974776
0.5681995670733678,0.3950631322962279,0.036737300630404264
0.5649235174388658,0.40284046931624795,0.03223601324488613
0.523049323953256,0.4405775563876086,0.03637311965913559
0.4809185957855093,0.4889808216797194,0.030100582534771624
0.41588349676283,0.5438126285616017,0.040303874675568147
0.41211688477056047,0.5484235681284791,0.039459547100960314
0.43906672506939515,0.5223741906774114,0.03855908425319356
0.40039751609280594,0.5635252309122314,0.03607725299496249
0.43388721536616015,0.5290778611346929,0.03703492349914687
0.5122753519351753,0.44717786288504463,0.04054678517978035
0.41735922547710097,0.5449665014271039,0.037674273095795206
0.3881707745792578,0.576608677339332,0.03522054808141034
0.43735249795441933,0.5239638032177587,0.03868369882782198
0.44196586149751693,0.5295187941058714,0.02851534439661152
0.5537393241355156,0.4088044194913035,0.03745625637318083
0.40467153169630854,0.5568598314657566,0.03846863683793502
0.4773531154557241,0.48199073711826035,0.0406561474260156
0.5209700862450575,0.4401944736199832,0.0388354401349591
0.4659581664853754,0.4958928705615771,0.03814896295304742
0.5333505999272994,0.4281330780185876,0.03851632205411301
0.47663852658702444,0.436913555001097,0.08644791841187838
0.4206402767403668,0.5417011701225979,0.037658553137035235
0.49031891505575986,0.47449332097733826,0.03518776396690197
0.41941970413667,0.5505056478618632,0.030074648001466784
0.4536261896819851,0.5072625685674003,0.039111241750614534
0.42109508984058164,0.5400788783450544,0.03882603181436393
0.4651539564501774,0.4954575982957753,0.03938844525404719
0.4684032318745056,0.4950000342479596,0.03659673387753479
0.4995966429686494,0.46457338321159825,0.03582997381975239
0.4493541946242878,0.5124195111396641,0.038226294236047995
0.5248251844859471,0.35756405245328754,0.11761076306076532
0.4360695285321792,0.5269053579678299,0.037025113499990936
0.42912334416955894,0.5498483790586952,0.02102827677174587
0.5415943703481749,0.42193335081824584,0.036472278833579355
0.3980662493034247,0.5754542590654328,0.026479491631142445
0.4351170250738999,0.5249903847566393,0.039892590169460465
0.46122309747914475,0.4990706146643951,0.0397062878564602
0.36981464317661505,0.597380612854655,0.032804743968729774
0.3909291586524037,0.5510645038965266,0.0580063374510696
0.4157172235563143,0.5516701850372897,0.032612591406395906
0.38850708555650343,0.5716401541666676,0.039852760276829116
0.47830453565682124,0.4767036861475412,0.044991778195637544
0.5473428637541591,0.41319708920906767,0.03946004703677318
0.4558306900621243,0.5036198371369491,0.04054947280092673
0.5202411275845321,0.44280180650676576,0.03695706590870191
0.5371111015258585,0.4275231417345327,0.03536575673960881
0.4539110493920501,0.5083442672056762,0.03774468340227359
0.4325601625098077,0.5280513587635743,0.03938847872661813
0.44387680408186986,0.5179871686159813,0.038136027302148906
0.5055399619996116,0.4548673018544922,0.03959273614589604
0.3778231537815923,0.5838969887054019,0.03827985751300605
0.5142040655984929,0.44016891878752046,0.04562701561398654
0.49702140644065423,0.4744754504170418,0.028503143142303962
0.36901517149826385,0.5960489413637597,0.034935887137976296
0.5252144621995327,0.4371912811645993,0.037594256635868135
0.5807922001704604,0.3827523859025723,0.03645541392696722
0.4524461238181349,0.5095628525475585,0.03799102363430646
0.5010274793663372,0.4486230269355953,0.05034949369806772
0.4202475921811698,0.5451966208771843,0.03455578694164599
0.437766846765987,0.5215471211983203,0.04068603203569283
0.3981299027797402,0.5629361876985878,0.038933909521671924
0.41150401619647325,0.5480227277524681,0.04047325605105848
0.40586581094291363,0.5547851429103412,0.03934904614674526
0.49976659346645846,0.4652419839286487,0.03499142260489305
0.4416531889908678,0.5122510316335461,0.04609577937558601
0.4359137800664178,0.5249974500780642,0.03908876985551819
0.4311123859744381,0.5386227069105215,0.030264907115040485
0.5042598322844858,0.4579414881286958,0.03779867958681857
0.40385045327452873,0.5564475561053278,0.03970199062014371
0.4167293069146038,0.5444748572455465,0.03879583583984963
0.40852809407260604,0.5559483623484012,0.0355235435789927
0.39700434010643615,0.5622093546675833,0.040786305225980556
0.4450535298732701,0.520735464677478,0.034211005449251965
0.4021243231042273,0.561387851192429,0.03648782570334366
0.4385627299903132,0.5235424762537433,0.037894793755943644
0.4966123168081924,0.4703540914799975,0.03303359171181001
0.5016145717576772,0.46062101250539195,0.03776441573693087
0.4329979062232338,0.528872057049675,0.03813003672709132
0.5980219778129094,0.3690940662269691,0.03288395596012142
0.4339062514178452,0.5338685713851229,0.032225177197031836
0.3814354458848327,0.5257500151081235,0.09281453900704405
0.4183329808465764,0.5440480278074459,0.03761899134597783
0.41912217468722857,0.5644706078803832,0.016407217432388085
0.4143579717266153,0.546497862783436,0.03914416548994859
0.45083459992176067,0.5105367172088467,0.03862868286939249
0.43461290825581345,0.5282226281321788,0.03716446361200775
0.48209210856334694,0.4810270877200098,0.03688080371664327
0.44447242983030544,0.5377647924312222,0.017762777738472357
0.49070137347945925,0.465266887000466,0.04403173952007466
0.41268271412069574,0.5480334676650083,0.03928381821429583
0.4848728702558721,0.47531340734593047,0.03981372239819739
0.46746866830012684,0.4939243599765631,0.03860697172331018
0.4898243121947347,0.4695048653389428,0.04067082246632261
0.42146401257042754,0.5398860104361234,0.038649976993448944
0.4315420434369182,0.5277332104862363,0.04072474607684558
0.4020310608336194,0.5621581137707234,0.035810825395657137
0.4136794125637534,0.5481191355273204,0.03820145190892612
0.4438542070266094,0.5175217197261259,0.03862407324726482
0.5441434274647453,0.4204583316372298,0.0353982408980248
0.5228663452445705,0.4463349874462901,0.030798667309139167
0.4208111692644886,0.5417704150319376,0.03741841570357398
0.5777994322380274,0.38818763411850515,0.03401293364346726
0.48056667603516984,0.490221595908794,0.029211728056036185
0.4134853189677446,0.5525998348944869,0.033914846137768476
0.4450058772144391,0.5170591643571248,0.03793495842843574
0.49617402407545996,0.4644081450711608,0.039417830853379174
0.401090405003021,0.5639954924684845,0.034914102528494244
0.4029798129445537,0.5580350871030466,0.038985099952399606
0.4246647792537049,0.5368530459987637,0.03848217474753149
0.4783661292886933,0.48209006138431393,0.03954380932699283
0.4356446904484287,0.5257600370447727,0.03859527250679879
0.4212756115116781,0.5381897078361605,0.04053468065216149
0.4899896111055139,0.4687786757268163,0.04123171316766964
0.5393092314962138,0.4228175694274648,0.037873199076321494
0.43173260134494845,0.5325865531393636,0.035680845515687815
0.4153340253464513,0.5511448293349649,0.03352114531858384
0.4025593555799677,0.556415347068053,0.041025297351979434
0.4565785992986312,0.5057690119788528,0.03765238872251589
0.44512421679846237,0.5158454438449664,0.039030339356571
0.5356959053025542,0.4259013578002213,0.03840273689722457
0.4077915374015069,0.5576585575277625,0.034549905070730504
0.5103935239712217,0.4520696759921357,0.03753680003664262
0.47396247353129684,0.4858013878017234,0.04023613866697982
0.4441157011114768,0.5150110814255447,0.04087321746297834
0.40839952203906277,0.5283010946803065,0.06329938328063074
0.4394775731658475,0.5231634176257637,0.03735900920838868
0.4576139230489695,0.5043300884375075,0.03805598851352306
0.6023631601544278,0.37649517879524186,0.021141661050330496
0.4327211040277152,0.5295804082687474,0.037698487703537405
0.46571572528471494,0.4986538659381586,0.03563040877712638
0.44430885080279536,0.5156784717521747,0.04001267744502993
0.531466133151016,0.43659947429718665,0.03193439255179716
0.4446354661766771,0.5263440529477612,0.029020480875561753
0.42657207940555025,0.5344971497674267,0.03893077082702317
0.404080299532101,0.5566655487230459,0.039254151744852986
0.4060986183791467,0.5549245627107541,0.0389768189100992
0.5196684992435964,0.4419741595712364,0.03835734118516725
0.4179455321401231,0.543630455271249,0.038424012588627876
0.536094973305093,0.4230258666018541,0.04087916009305257
0.443218095826494,0.5225745951488044,0.03420730902470157
0.41046618096534015,0.5508066742664961,0.038727144768163774
0.35112406014116193,0.5697235090106121,0.07915243084822624
0.5047383726024017,0.454646727452491,0.04061489994510717
0.46559723701553357,0.5004889886469942,0.03391377433747247
0.4392971540729961,0.5197613206754006,0.0409415252516034
0.413113004210995,0.549625260158583,0.03726173563042206
0.5057193107199338,0.45384738828482624,0.040433300995240055
0.4542778955843481,0.5188207775114201,0.026901326904231936
0.39872998095635837,0.5625932207501732,0.03867679829346824
0.45730204330402513,0.5067650787701047,0.035932877925869924
0.4479117306181455,0.513289215092764,0.038799054289090563
0.4932872815427589,0.4704764146346483,0.036236303822592686
0.46014395615344517,0.5129824371280762,0.026873606718478528
0.5254811547849698,0.4353318081631964,0.03918703705183364
0.4855539819483804,0.47456977830617647,0.03987623974544317
0.5785469558651883,0.3843619188020762,0.03709112533273569
0.4083547269764943,0.5582360637410072,0.03340920928249836
0.47047344403192504,0.48915539620366416,0.04037115976441089
0.49103260501853524,0.46849700195820704,0.04047039302325786
0.5178595318754953,0.4529135192684369,0.029226948856067702
0.5382254958578507,0.4215671561310684,0.040207348011080855
0.5358890029026586,0.43292503130733906,0.031185965790002292
0.41301771551952865,0.5484556387848387,0.03852664569563254
0.45245179465354635,0.5075676411192367,0.03998056422721686
0.4632916750302547,0.49608849882357503,0.04061982614617039
0.5741458347146856,0.2802854194359475,0.1455687458493668
0.4112655939809609,0.5438511522565193,0.04488325376251984
0.4755457892449201,0.4846962414107419,0.039757969344338215
0.5285768063515768,0.435150614960283,0.03627257868814029
0.4108047649469847,0.5600917789920962,0.02910345606091914
0.5059754949826322,0.4572186630266318,0.036805841990736034
0.5800158112767944,0.3573863137796396,0.06259787494356592
0.5059248937363042,0.4449068886733258,0.0491682175903701
0.4432523033372088,0.5172984981014127,0.039449198561378504
0.5655982464285234,0.4022961324185881,0.03210562115288844
0.3926859253231992,0.5805164700156306,0.026797604661170205
0.4942046228067863,0.4700278324172151,0.03576754477599877
0.5230036710872286,0.4367277128362431,0.04026861607652836
0.40492257081169647,0.5594972918994336,0.03558013728886983
0.40517097605836894,0.5603394451857874,0.03448957875584368
0.394581409620371,0.5680073712476653,0.03741121913196352
0.46149240306955447,0.49822668744878623,0.040280909481659105
0.4695650210550762,0.4893982228905137,0.04103675605441003
0.45098633957874534,0.5157119523505216,0.03330170807073307
0.3858200715513085,0.5771567332479408,0.0370231952007507
0.5415327419464303,0.416338048913663,0.042129209139906754
0.45089108886964846,0.5099207044725481,0.0391882066578036
0.44726305107142683,0.5133030457414464,0.039433903187126806
0.5077821340660831,0.4604768373439665,0.03174102858995055
0.44060188792423327,0.5218683648253396,0.03752974725042723
0.4280568941321919,0.5251660932666131,0.04677701260119502
0.45503114243421333,0.5070611058700931,0.037907751695693666
0.520117932282031,0.44176945994944256,0.038112607768526416
0.4729141451466359,0.4895287413894869,0.037557113463876995
0.4317458558054351,0.5307741625268455,0.03747998166771926
0.44684362976278685,0.5140919162638976,0.039064453973315615
0.4368416425990447,0.5238831984730722,0.03927515892788306
0.4712158446792037,0.48911588050542054,0.03966827481537558
0.4024179489994563,0.5590484820836543,0.03853356891688933
0.43826332302181553,0.5222066275746974,0.039530049403487096
0.45413349099037437,0.5065822110097835,0.03928429799984205
0.4715094198505048,0.49568934994786584,0.032801230201629276
0.402994318449317,0.5566943959570704,0.04031128559361263
0.5082725621158838,0.4567379678529371,0.03498947003117914
0.5192246001008365,0.44828246266268823,0.03249293723647519
0.39834019351257316,0.5622445416369446,0.03941526485048201
0.46682156878286585,0.5010782677955354,0.03210016342159865
0.4491459729128529,0.5102583772095808,0.040595649877566316
0.4280772747537149,0.5317562369461045,0.04016648830018066
0.4231766984540627,0.5370731876039814,0.03975011394195599
0.44690059894652356,0.5247387561289826,0.028360644924494114
0.41511818607319834,0.5453452448704237,0.03953656905637787
0.478625123839478,0.4829565002939471,0.03841837586657501
0.5163644001988613,0.43019233885744745,0.053443260943691145
0.43338285891128847,0.5305294194918266,0.036087721596885274
0.5659035310749295,0.393329874705612,0.04076659421945844
0.40374954940640556,0.5583148198020884,0.03793563079150588
0.47068766248325394,0.4896826353731971,0.0396297021435491
0.4475393010887632,0.5117480625385364,0.04071263637270045
0.411825485732275,0.5514831526569475,0.03669136161077756
0.48664391111530475,0.46443913556924976,0.04891695331544535
0.4581965430981102,0.5023193155744162,0.03948414132747381
0.46677395555313744,0.4934019200992528,0.03982412434760985
0.39643011550557056,0.567580931323435,0.03598895317099442
0.3965101482654276,0.5651924854305493,0.03829736630402293
0.44629116447744344,0.5131442519511235,0.04056458357143302
0.45384016042694786,0.5072266359376748,0.038933203635377334
0.44814226103731486,0.5114836889010849,0.040374050061600254
0.4833188849823081,0.4842558084893623,0.03242530652832978
0.38971245490423334,0.573474879333024,0.036812665762742496
0.44824867994566653,0.516317473758882,0.035433846295451314
0.42522318466092807,0.5353936961516512,0.039383119187420684
0.4936664934763336,0.4673852869428612,0.038948219580805445
0.4328528462584043,0.525897266682678,0.04124988705891776
0.43628400685834545,0.5235909952090436,0.04012499793261107
0.5027568522650712,0.4214178906490898,0.07582525708583884
0.4092451484997985,0.3932906469777024,0.197464204522499
0.40366134177131624,0.5611761185205643,0.03516253970811947
0.47955593746886443,0.4813202381285852,0.039123824402550425
0.4011368840061266,0.5584270890971846,0.040436026896688536
0.4460511685991428,0.5141348199959358,0.039814011404921405
0.46777485142774977,0.4921114078145655,0.04011374075768453
0.40207821192685306,0.5568661448594978,0.04105564321364926
0.43367727728893657,0.5259735554363911,0.04034916727467249
0.3996291769735807,0.561374439133855,0.03899638389256404
0.43730299305385256,0.5242672081648583,0.038429798781289284
0.4083002559952115,0.5583967663717104,0.03330297763307793
0.4785567089808008,0.4799249553429699,0.041518335676229194
0.41652191023038226,0.5415409968083132,0.04193709296130442
0.48552430576346833,0.4740213029638264,0.04045439127270527
0.4777270583359051,0.4843208624480789,0.03795207921601579
0.46265636267243676,0.49890703871170855,0.03843659861585463
0.4581764360013214,0.5022970264074306,0.03952653759124794
0.3492691066584864,0.5033560780893453,0.1473748152521685
0.48605938324567427,0.46817938644902085,0.04576123030530486
0.407168412960066,0.5568730697555815,0.03595851728435258
0.4144651550361518,0.549909098429224,0.03562574653462406
0.4296644643584836,0.5330284158953444,0.037307119746171825
0.45754086188282944,0.5032182302831892,0.03924090783398112
0.4568528239655879,0.5032814299538013,0.0398657460806109
0.5247861713580328,0.43689988306396993,0.03831394557799705
0.4622344341808972,0.4995951442393943,0.03817042157970844
0.4113998114083242,0.550329603929683,0.03827058466199257
0.42392130755714985,0.5383604927367983,0.037718199706051586
0.4540192569006981,0.5077581016085938,0.03822264149070794
0.4653831174355096,0.513688008477632,0.02092887408685833
0.4162128692938404,0.5478218348081145,0.03596529589804524
