0,1,2
0.4716649605539384,0.49645336830775477,0.031881671138306845
0.4278085121710946,0.5338217929984465,0.038369694830459
0.42599326268867416,0.5367459553239506,0.037260781987375355
0.5368310368764374,0.42819498146407203,0.03497398165949028
0.4191921797996122,0.5492073398967322,0.031600480303655316
0.5408802057017937,0.43159916496178125,0.02752062933642493
0.43201600401292944,0.5267528915331103,0.04123110445396039
0.4797746479549095,0.4819842907218118,0.038241061323278584
0.4688103368989783,0.5021718687094257,0.029017794391596064
0.4670507581883982,0.49451403085999335,0.03843521095160844
0.46104361323102094,0.49760474298538615,0.04135164378359295
0.4592054976449601,0.5012985610328311,0.03949594132220862
0.4209548027995969,0.5431514043212109,0.035893792879192
0.4264248135769088,0.5349565815776434,0.03861860484544764
0.45586784710146383,0.5019261995815592,0.042205953316977074
0.45873271630363827,0.5039896054633026,0.03727767823305904
0.4824169036156364,0.47883995690926817,0.038743139475095445
0.5220848333583455,0.443667612920254,0.03424755372140044
0.49982855980405344,0.469775086470931,0.030396353725015292
0.4763301879263088,0.487454269875086,0.03621554219860516
0.48483019046869835,0.473092368432917,0.04207744109838459
0.4306109343747593,0.5330970545091581,0.03629201111608271
0.43001700709995494,0.5305171275124414,0.039465865387603744
0.453202565376041,0.5123235727062444,0.0344738619177146
0.4326482983837065,0.5038370356020923,0.0635146660142012
0.4177704975098544,0.5613795055797861,0.02084999691035972
0.45586195453191936,0.5060957438563854,0.03804230161169559
0.44398324746214324,0.45487198067026086,0.10114477186759607
0.4354964616866631,0.5307878614568596,0.03371567685647721
0.4727435075438088,0.48508956192433805,0.04216693053185292
0.4280283524630962,0.5412360906427692,0.030735556894134482
0.46182935812936304,0.5101639511393484,0.028006690731288288
0.42850717581575193,0.5307215114512112,0.0407713127330371
0.4604035885929264,0.4993316062564842,0.040264805150589236
0.4636238538710049,0.4947893869448178,0.041586759184177494
0.443560830913037,0.5150829706817981,0.041356198405165065
0.44970117033877777,0.5091228087376568,0.041176020923565315
0.3194300197777653,0.5548381399134055,0.12573184030882914
0.46329451027113355,0.49557473935538693,0.041130750373479054
0.4681787080123924,0.4939376037439341,0.037883688243673615
0.4418048964703887,0.5171288873382264,0.041066216191384626
0.4330877172628633,0.5273611412497088,0.03955114148742808
0.44931568605109234,0.512751551070764,0.03793276287814371
0.30394049086867725,0.5183851655229129,0.17767434360840995
0.4787939146866033,0.48831937383677837,0.03288671147661821
0.42478298098530365,0.5335356175531056,0.04168140146159086
0.5041741211999842,0.4626208362998329,0.03320504250018286
0.44895894386207197,0.5110888081537729,0.039952247984155226
0.4361506765297526,0.5236954533506191,0.040153870119628406
0.40850524853705555,0.5511403418790854,0.04035440958385942
0.524935363290091,0.4422400485151583,0.03282458819475039
0.483229435733384,0.48054396628838286,0.03622659797823321
0.42618344415670434,0.5350991192783932,0.03871743656490248
0.44233151825713457,0.5129447851202681,0.044723696622597196
0.4375849127225177,0.5253731010474756,0.037041986230006874
0.4341100521142321,0.5252350553358979,0.040654892549870064
0.42577463736131804,0.5366074234258601,0.03761793921282185
0.4413948822296112,0.5264491125251647,0.032156005245224016
0.4580470295791662,0.5124086350917361,0.029544335329097695
0.5022440826450624,0.457244442538819,0.04051147481611844
0.4430112482696828,0.5177353227155884,0.03925342901472861
0.4054888820168556,0.5584752401637325,0.036035877819411845
0.4356192199689201,0.5256033868025851,0.038777393228494605
0.43656447325791886,0.5221251437924713,0.041310382949609946
0.41717640426831937,0.5439018528738316,0.038921742857848725
0.4289995816444009,0.5233060830477266,0.047694335307872544
0.48614978632654526,0.47886080445128215,0.03498940922217252
0.43862920516787857,0.519217398310037,0.042153396522084614
0.42447556525645697,0.533853308409704,0.04167112633383893
0.512970022486529,0.4444208632878128,0.04260911422565808
0.4370697786916078,0.5237420256658649,0.03918819564252758
0.47383830813143635,0.48897968256339214,0.037182009305171536
0.46770167329542645,0.49488547150345735,0.037412855201116216
0.4252577817336696,0.49590611945245994,0.0788360988138706
0.42180227452007324,0.5396118870278499,0.038585838452076686
0.4376616771653613,0.5361746401962845,0.026163682638354373
0.5000915132866987,0.4539034402189563,0.04600504649434508
0.44527274090685076,0.5136114322977797,0.04111582679536946
0.4278988805762249,0.5319718004831407,0.04012931894063451
0.5149480128924278,0.45030346057597787,0.034748526531594465
0.39154586031075317,0.5683393841768631,0.040114755512383735
0.42745505471593953,0.5391981074615929,0.033346837822467584
0.4174100141639008,0.5472415022415926,0.035348483594506555
0.47176063090289616,0.48647978410046666,0.04175958499663724
0.4372848024140105,0.5250065808654032,0.03770861672058646
0.3754860526763377,0.5890626312652348,0.035451316058427426
0.44288037853622136,0.5141316265268405,0.04298799493693825
0.45257802615935533,0.5070053015110992,0.04041667232954548
0.48010688108523664,0.49462694763263954,0.025266171282123655
0.36618990030267573,0.6030038376508617,0.03080626204646221
0.4589251269420958,0.5118449130221627,0.029229960035741676
0.44113221324107393,0.5266015076145475,0.032266279144378525
0.44290989453305213,0.5317983120982624,0.025291793368685506
0.48703458593290827,0.47467412002665915,0.03829129404043253
0.4684084099026437,0.4972733449491315,0.0343182451482248
0.5266171119190624,0.44996795308690307,0.023414934994034693
0.44824050715281316,0.5129887176225956,0.03877077522459135
0.45615044239945507,0.50687284198582,0.03697671561472513
0.45654395157671085,0.5040609624466689,0.03939508597662035
0.42355782961025457,0.5396792847134705,0.036762885676274955
0.41320885771658344,0.5491423671498349,0.037648775133581475
0.4123254944944148,0.5266761167167832,0.060998388788802205
0.4545106373751861,0.5040265607244193,0.041462801900394655
0.4060594702474449,0.5590737300884953,0.0348667996640598
0.41515287923412836,0.5626141969716058,0.022232923794265856
0.4348946510469971,0.5126898288709657,0.052415520082037106
0.5533501158983429,0.4096142525198728,0.03703563158178413
0.4888927798208362,0.47100592840174105,0.04010129177742298
0.5061688146374633,0.4615562781747947,0.03227490718774203
0.4736197415464644,0.4904336052881132,0.0359466531654226
0.4180204458564616,0.5446489211487401,0.03733063299479874
0.49073836985004454,0.48660780463368436,0.022653825516271087
0.3411216682096906,0.1921035701486421,0.46677476164166726
0.4993266485159982,0.4617810675562565,0.03889228392774533
0.4325328865220551,0.5337564676943368,0.03371064578360804
0.42038038759168056,0.5405042859587295,0.03911532644958997
0.42374464464738254,0.5540887563359553,0.022166599016661945
0.42012129902241496,0.5415563206051263,0.03832238037245874
0.46512714348007245,0.49600453477962075,0.03886832174030671
0.42256874846045195,0.5397378905247815,0.0376933610147666
0.45400329558311975,0.5000651690627481,0.04593153535413214
0.41506805968369603,0.5377261043202662,0.04720583599603798
0.47284014484879344,0.4899050344235806,0.037254820727625634
0.47551084825543954,0.49109322453989934,0.033395927204661134
0.43338613269879117,0.5249506214649984,0.041663245836210415
0.49452866721759675,0.4747302769031674,0.03074105587923584
0.43060953266924307,0.528001633005463,0.04138883432529418
0.46906711594142175,0.4844537272698206,0.046479156788757706
0.47768156260814476,0.4879718364701853,0.03434660092166997
0.43193916126837123,0.5265376540701049,0.04152318466152382
0.4417382431070311,0.5165252997668275,0.041736457126141234
0.43427310596999674,0.5235994530069983,0.04212744102300504
0.43885812273425084,0.5224517881335793,0.038690089132169925
0.4234858658728779,0.5394402227602911,0.03707391136683106
0.4179028032050731,0.5434893694786634,0.03860782731626335
0.5304159340631143,0.4269813512512507,0.042602714685635104
0.4339788993965352,0.5255969159231964,0.0404241846802684
0.4470498718443112,0.5117377059434502,0.04121242221223835
0.44024761262560624,0.5187772835163564,0.04097510385803716
0.44052954457069526,0.5232873908325595,0.036183064596745446
0.454023714419454,0.507312020886357,0.03866426469418897
0.42021850333179805,0.5393087507215147,0.040472745946687365
0.47415686969914744,0.48494961685591165,0.040893513444940965
0.4244695886755251,0.5375894012174826,0.03794101010699243
0.5131334429880035,0.453801543768341,0.03306501324365546
0.4639773480150836,0.49577773554462884,0.04024491644028774
0.4414531310813187,0.5225380536386877,0.036008815279993577
0.4262959741870631,0.5540341084377389,0.019669917375197955
0.5254566940647786,0.4392708413091942,0.03527246462602713
0.4729663558300302,0.49006005371465194,0.03697359045531784
0.4452334182961731,0.5204787740235906,0.03428780768023634
0.4606410293562226,0.49889016949720216,0.040468801146575195
0.48812808359935456,0.4756534194318161,0.036218496968829526
0.483610168848212,0.48709977182076053,0.02929005933102761
0.49637954476723267,0.4750473808053231,0.02857307442744434
0.4358405245186981,0.5248724580014678,0.03928701747983409
0.4457367883974145,0.5140713897185936,0.04019182188399211
0.4385040682214165,0.5238969641079952,0.03759896767058819
0.4183179687752158,0.5413056577968207,0.04037637342796348
0.415148519726322,0.5000159702364876,0.08483551003719032
0.44622420389730755,0.5137945556929112,0.0399812404097812
0.4322806986008025,0.5330479027935124,0.03467139860568521
0.42941523111669366,0.5325938273142015,0.03799094156910463
0.4155898476617427,0.5507457532154817,0.033664399122775586
0.43452036097352487,0.5244204253170188,0.04105921370945645
0.4460852655356887,0.5160403567453224,0.03787437771898865
0.4358150402221001,0.525934969786376,0.038249989991523854
0.39618204149599484,0.5684391379479738,0.035378820556031434
0.524241261472283,0.4445329985820326,0.031225739945684186
0.527935442008497,0.44407247519922105,0.027992082792281936
0.4534279974133724,0.5070098306239592,0.039562171962668445
0.4664125473327107,0.48130561397150756,0.05228183869578148
0.421774590523887,0.5388878038193967,0.03933760565671613
0.4429543642491818,0.5158829029034016,0.041162732847416714
0.4736445661768874,0.4847086262281398,0.04164680759497313
0.420928319688659,0.5401754397367734,0.03889624057456755
0.4707612071277314,0.48793811964981765,0.04130067322245083
0.4235621523561022,0.5352645813676495,0.0411732662762483
0.4759479956651613,0.48297127718317195,0.04108072715166679
0.4285364858965214,0.5007197154169726,0.07074379868650578
0.4964612588270534,0.4627085562074763,0.04083018496547025
0.4394551212747761,0.5184505348844953,0.042094343840728805
0.44211728104438996,0.5262763369522881,0.03160638200332169
0.5287949436079847,0.43820723199978895,0.032997824392226004
0.49204155224918983,0.4810111208939964,0.026947326856813926
0.4268133452412813,0.539178552764476,0.0340081019942427
0.4798112358736516,0.4809197580680968,0.03926900605825151
0.5117920278404179,0.4547595211901949,0.03344845096938704
0.4328684640802814,0.5252597643899618,0.041871771529757115
0.46268713282008034,0.49829823324031314,0.03901463393960647
0.43753807164762426,0.5219301365569864,0.04053179179538945
0.44412886679805086,0.5157956475989209,0.040075485603028094
0.47899430880507654,0.48377628997320965,0.037229401221713726
0.4536982519253764,0.5159628399372768,0.030338908137346864
0.4946543389180936,0.4705887100271422,0.03475695105476425
0.4029642077198187,0.5532922798870787,0.043743512393102466
0.4737445986793726,0.46378282934886833,0.06247257197175893
0.39054585486450727,0.5700048820896236,0.03944926304586893
0.4822705255642213,0.4909190290729746,0.026810445362803952
0.45426132524946256,0.5080091320713768,0.037729542679160545
0.4107487334746263,0.5460249815078939,0.043226285017479674
0.4309565838726747,0.5293710181680688,0.039672397959256395
0.462993248621237,0.49576417814359947,0.041242573235163484
0.4490212745032833,0.5124473175634452,0.03853140793327165
0.4515456984015788,0.48247931759008794,0.06597498400833308
0.48613685864411016,0.47027966131496474,0.04358348004092511
0.4990966845530226,0.4594715626230989,0.04143175282387864
0.3996854514753655,0.5600495301939771,0.04026501833065737
0.4991856592116168,0.46608211844439174,0.03473222234399163
0.4836745645787688,0.4772850486080422,0.039040386813188985
0.43066714132175293,0.5348836742947598,0.034449184383487146
0.40516227269436267,0.5261279645300128,0.06870976277562445
0.4276186639946305,0.547238831924208,0.02514250408116149
0.4948109197704579,0.4704665026049617,0.03472257762458012
0.4704026576213135,0.4828315201954648,0.0467658221832218
0.5057308774494123,0.46511599833900946,0.029153124211578185
0.417298959071788,0.5449122485921069,0.037788792336105055
0.4211469042152063,0.5312596586951204,0.04759343708967336
0.44828863004790037,0.5158699037195272,0.035841466232572367
0.4194368451865691,0.5386674955238998,0.04189565928953079
0.412828581935829,0.5495318622887178,0.03763955577545297
0.4612354248609431,0.508314769978608,0.0304498051604489
0.5531910153670976,0.42261133798860845,0.024197646644293892
0.4258874173750614,0.5363719106472161,0.03774067197772254
0.42140634971544383,0.5362913884095956,0.04230226187496062
0.46849606655807274,0.5070321049605366,0.024471828481390543
0.4512051819297354,0.5075313709036563,0.041263447166608035
0.4291767116633402,0.5151772972962525,0.05564599104040754
0.4649469320006618,0.49963708830959597,0.0354159796897422
0.4784055850622422,0.47993779544221055,0.04165661949554723
0.4252654024545621,0.5491255014170915,0.025609096128346498
0.4313956886994835,0.49728683730133144,0.07131747399918519
0.43067180888554774,0.5305198688574498,0.038808322257002086
0.43376635935900404,0.5241377730214559,0.04209586761954003
0.4529420815481866,0.5062252055908505,0.04083271286096291
0.46854049491079586,0.4816511421237798,0.04980836296542421
0.439269010525418,0.520221601734143,0.0405093877404393
0.36811024482951654,0.5028530608196203,0.12903669435086293
0.43163039208063086,0.5281020648016173,0.040267543117751874
0.43904675683572586,0.521571018135189,0.0393822250290851
0.43287088024428866,0.5419434950097496,0.025185624745961685
0.4129311898285414,0.5540250286437498,0.033043781527708475
0.4352530672111378,0.5242881001654662,0.040458832623395814
0.4741780247935877,0.4889260924603551,0.036895882746057276
0.4840338662455297,0.476736443473546,0.03922969028092443
0.4570537407221669,0.5019176341882613,0.04102862508957186
0.4735832198537335,0.49491531257743554,0.03150146756883108
0.4494213501690961,0.5099541214880794,0.0406245283428244
0.4508783268109104,0.4861210298787945,0.06300064331029474
0.5056814694412735,0.4515209432362372,0.04279758732248936
0.44452815376524607,0.5152217553776094,0.04025009085714432
0.45094507499640335,0.5082035431955503,0.04085138180804623
0.5288820796172968,0.4373110550803949,0.03380686530230829
0.42683155958168767,0.5339544776338239,0.03921396278448845
0.4388712720389271,0.5211327125770908,0.03999601538398225
0.45038461360521276,0.5138982763716762,0.035717110023111044
0.44461869421918965,0.5165243542695153,0.038856951511295125
0.4488482999109871,0.5140298636996457,0.037121836389367086
0.5491846475121568,0.3999906138225694,0.05082473866527382
0.4533873183878054,0.5074866585245315,0.039126023087662914
0.4714108417263989,0.4900321882036252,0.038556970069975736
0.4328437013447918,0.5322988156814713,0.03485748297373712
0.5150471191512871,0.44439335863291174,0.04055952221580095
0.4905852086337343,0.46916972439919397,0.04024506696707164
0.45311918055463096,0.5090825624163918,0.03779825702897708
0.48668362090509953,0.4725298296699683,0.040786549424932
0.43715465914630885,0.5219290984634875,0.04091624239020384
0.4239612410546438,0.5368608040173414,0.039177954928014826
0.4728633969925699,0.494641384246647,0.03249521876078301
0.4665627611528731,0.4922241688881896,0.04121306995893733
0.4548233181326291,0.5105732458411496,0.03460343602622124
0.43178068367083516,0.5333859655641152,0.03483335076504951
0.42230234945435974,0.5372464235712462,0.04045122697439426
0.4589587797007806,0.5017923165420446,0.03924890375717497
0.4651678392810384,0.49561195884949816,0.03922020186946344
0.4525647851215062,0.5073297112311043,0.04010550364738951
0.46032534485845067,0.5002619260829699,0.03941272905857928
0.4186478177135768,0.539462915091432,0.04188926719499114
0.43992669697413495,0.5247934661075949,0.03527983691826988
0.4102784354017844,0.5484804776820649,0.04124108691615063
0.4198234444994445,0.5394297850988736,0.040746770401681676
0.4550552816159524,0.5076799144669757,0.0372648039170719
0.4469844778493826,0.5194074993847231,0.033608022765894405
0.44972919376247833,0.5128357197109431,0.037435086526578766
0.4621382201078696,0.5005315719846348,0.03733020790749536
0.4216128640714991,0.5255157672270683,0.052871368701432664
0.4600372009734426,0.5051986775548776,0.03476412147167992
0.42653820609605975,0.5307128324685014,0.042748961435438985
0.41576257059870403,0.5452186458365235,0.03901878356477245
0.43480639423596706,0.524751917911829,0.04044168785220393
0.40426378327491613,0.5569472433160151,0.038788973409068735
0.4271415503146718,0.5409685384890388,0.03188991119628921
0.46527527344939823,0.49694516441774744,0.03777956213285427
0.5367209689041352,0.42357273897302994,0.03970629212283473
0.49787133764925123,0.45997205792499757,0.042156604425751
0.44784000472511454,0.5134632076235871,0.03869678765129852
0.43907551523043953,0.5231569931771263,0.03776749159243403
0.40798026867491877,0.5496573524475217,0.042362378877559746
0.4745536024621987,0.48751682404810703,0.0379295734896941
0.48066470359400354,0.4824342459146187,0.036901050491377894
0.427803269040563,0.5428952728824795,0.029301458076957613
0.457465462166768,0.5099365314053712,0.03259800642786033
0.4527621386208514,0.5079360673072565,0.039301794071892014
0.5251753142399018,0.3781861965303125,0.09663848922978553
0.4562368258860039,0.5089224573151654,0.03484071679883052
0.4395821452201106,0.5193402296621068,0.0410776251177829
0.47168595706943994,0.4848875646008933,0.04342647832966655
0.42470804722972966,0.5397533575787042,0.03553859519156618
0.4739937539691078,0.48049560341824554,0.04551064261264681
0.4269152713909964,0.5328965954322897,0.040188133176714144
0.47649052808504455,0.48622305329182364,0.03728641862313192
0.5330399275345085,0.43364656623022085,0.03331350623527065
0.4513236556760559,0.5096243732264238,0.03905197109752012
0.4369695047202026,0.5222979685027451,0.04073252677705236
0.43280444583890637,0.5295546303393411,0.03764092382175255
0.4514906111220151,0.5091796146807333,0.03932977419725149
0.3746782110996036,0.5855694584188098,0.039752330481586495
0.4791234733402748,0.4803629183345898,0.04051360832513564
0.4232492332677765,0.5381341354800835,0.03861663125213986
0.4824328377318114,0.47807197608561613,0.03949518618257249
0.40955129157485404,0.5334518972646689,0.05699681116047725
0.4438393357275656,0.5213354942132524,0.034825170059181926
0.49495304707859483,0.45812966733768906,0.04691728558371609
0.4614527996083136,0.49425961353906417,0.04428758685262213
0.45520590537315314,0.5057848930924709,0.03900920153437606
0.4542653869090816,0.5073471711369215,0.0383874419539969
0.4723959851327315,0.4975675323048689,0.03003648256239959
0.4359742721025898,0.531972918461624,0.032052809435786124
0.4428722826267477,0.5200340991902302,0.037093618183022266
0.4599371159181755,0.4990307961166284,0.04103208796519575
0.41436013537981947,0.5201229289197568,0.06551693570042383
0.5239472720436404,0.4353172102763624,0.04073551767999741
0.43989347136298723,0.5299444078589206,0.03016212077809234
0.4214251807592813,0.5585149934496406,0.020059825791078165
0.36451403417415046,0.45643175128340513,0.1790542145424442
0.42747461271932047,0.5249615720881611,0.04756381519251828
0.44986908256061314,0.5216941892333556,0.028436728206031225
0.5193026276236445,0.4380645178359136,0.04263285454044196
0.4527356997487981,0.5103060772037744,0.03695822304742735
0.5019242230170892,0.46282483061142304,0.03525094637148803
0.4930869873557382,0.47095868452527057,0.03595432811899118
0.42160930988616735,0.5411030636186901,0.03728762649514248
0.4579446262408098,0.5014331534434561,0.04062222031573414
0.4754984851119883,0.4987460028749624,0.025755512013049334
0.5186417572054822,0.4466195232715309,0.034738719522986926
0.4092467787300238,0.5458832655122043,0.044869955757772084
0.43251304503955096,0.5313940390581371,0.036092915902311826
0.4395565555905285,0.5193292096435439,0.04111423476592744
0.4151446762879563,0.5450238940121801,0.03983142969986361
0.39101832373884843,0.570551798155195,0.038429878105956584
0.4425548136386718,0.5295680518045933,0.02787713455673471
0.4452251258177985,0.5143871826127754,0.0403876915694261
0.3972735325841179,0.5645077561995987,0.03821871121628341
0.46543255871279593,0.4948832930491272,0.039684148238076825
0.45703635505277396,0.5015347369700629,0.04142890797716321
0.430934365963749,0.5276803702510041,0.04138526378524677
0.4208277436268746,0.5410837340760426,0.03808852229708268
0.453812595910784,0.5084169965761749,0.03777040751304094
0.4963638954058457,0.46263221198144283,0.04100389261271152
0.45657006894501806,0.504067988446845,0.03936194260813698
0.44163938576535894,0.5162497532722448,0.042110860962396315
0.4910942544450175,0.47050190548007814,0.038403840074904494
0.46060354066561643,0.4987537254647112,0.040642733869672355
0.4578933720744065,0.5026641303949543,0.03944249753063918
0.46174556810842377,0.4991005154216283,0.03915391646994789
0.5008953262567025,0.4705834623728525,0.028521211370444957
0.4625453995307368,0.4976270347982985,0.0398275656709648
0.4551217966462234,0.5063052351807366,0.03857296817304006
0.45146718460999236,0.5147150650260103,0.03381775036399743
0.5395812102944333,0.4282554940402763,0.032163295665290234
0.6099342980912973,0.3352139208617887,0.054851781046913906
0.4244975579790632,0.536467342557639,0.03903509946329825
0.4556506123484318,0.5030433430511315,0.041306044600436576
0.5273503897306178,0.4408812401047141,0.03176837016466818
0.4366026543626703,0.5258845883298219,0.0375127573075078
0.43669612239667555,0.5262268707524349,0.03707700685088925
0.4594245570582491,0.5032098095570736,0.037365633384677244
0.44855344935706565,0.5155034495927399,0.03594310105019454
0.4892044774979574,0.4679069696717699,0.042888552830272465
0.5455959623673146,0.411507343159205,0.04289669447348029
0.4839107999833596,0.4831748220238419,0.032914377992798546
0.46247267047406576,0.5021548265952969,0.03537250293063744
0.4204693796147835,0.546150470857477,0.033380149527739635
0.4838876623129492,0.4779795022302984,0.0381328354567524
0.5132489078262793,0.46315551851960607,0.023595573654114483
0.4786162796332211,0.4310425716815127,0.09034114868526634
0.4594227374370062,0.49932807241071,0.04124919015228372
0.43715704749577994,0.5256068396630159,0.037236112841204004
0.4287839264616229,0.5286257456364275,0.042590327901949616
0.4351432507681483,0.5246157764513585,0.04024097278049323
0.43736191965434495,0.5246131432968838,0.0380249370487714
0.4585466727703859,0.5031200327721179,0.038333294457496274
0.4081012636290048,0.5521201805939472,0.03977855577704802
0.44300946070183356,0.5262783006442069,0.030712238653959657
0.4658982703852591,0.49069276982934407,0.04340895978539654
0.4325825407577638,0.529859458992521,0.037558000249715215
0.461519209743009,0.49944833425205704,0.03903245600493416
0.47990095375256053,0.478087202078982,0.04201184416845752
0.5524862456080871,0.4098462144307404,0.03766753996117225
0.42636369284378206,0.5406462039189375,0.03299010323728063
0.4032829211736406,0.5543558599889683,0.04236121883739098
0.39872854867567403,0.5231509570044778,0.0781204943198483
0.43423325163016996,0.528912475361992,0.03685427300783795
0.4557972213809459,0.5110061791650502,0.03319659945400384
0.45894678824074064,0.5035665405750154,0.03748667118424379
0.5335439727906739,0.42751554901247657,0.03894047819684942
0.4637164300427514,0.4987066963586396,0.037576873598608874
0.4917193127527139,0.47646180224960893,0.03181888499767709
0.45513118009204967,0.5041390465951042,0.040729773312846
0.43032282005854705,0.5071259077485049,0.06255127219294825
0.42009033560728787,0.4642348329123241,0.11567483148038796
0.4086949124410433,0.5511919818129554,0.04011310574600107
0.49356939041047465,0.47867092281415985,0.027759686775365583
0.47150931215570924,0.4872528810188052,0.04123780682548561
0.4050167571902085,0.5606764842070675,0.0343067586027238
0.4258463076421773,0.5314991524257027,0.04265453993212031
0.4881927048112053,0.4776358728341551,0.034171422354639706
0.42750361975748813,0.5320278820343282,0.04046849820818346
0.4157619034040026,0.524804774792976,0.05943332180302115
0.41961302770444225,0.5532300741595405,0.02715689813601717
0.44831142382850725,0.513765412250565,0.037923163920927566
0.4855353084900757,0.48064231158495074,0.033822379924973583
0.5338824916297514,0.4278427599538841,0.03827474841636441
0.4146338227092255,0.5581414671131069,0.02722471017766766
0.4701102610635232,0.49851707768637266,0.03137266125010399
0.4258346363203722,0.5338092323871145,0.04035613129251319
0.4194710361573255,0.5428046164810894,0.03772434736158526
0.39152233576984974,0.5613847219519178,0.04709294227823257
0.4473591310166505,0.5124610181377208,0.04017985084562893
0.4367998999582823,0.5280439946636117,0.03515610537810626
0.4369320738209333,0.5251156160344984,0.03795231014456814
0.4323563884389461,0.530218757164872,0.03742485439618214
0.42258418517638685,0.5434380295096233,0.03397778531398975
0.4332073121637045,0.527842273940062,0.03895041389623322
0.5256330621352483,0.44021213162470985,0.034154806240042024
0.446155735959199,0.5052134217021984,0.04863084233860271
0.40946686718203645,0.5532224285217477,0.037310704296215635
0.42149245250721534,0.5372208947037206,0.04128665278906425
0.4334601768057638,0.5392989610933285,0.02724086210090769
0.4489775940969504,0.5179983565314401,0.0330240493716096
0.4468747580245594,0.5240790650252557,0.02904617695018487
0.45774313932225597,0.5067473533066352,0.03550950737110896
0.4298538544186708,0.5291515846688799,0.04099456091244938
0.3051006918449981,0.5196255949333571,0.17527371322164464
0.5213975071314032,0.4529481868844886,0.02565430598410819
0.44249323730830614,0.5224557411796036,0.03505102151209034
0.4194818794624297,0.5409517598675967,0.039566360669973766
0.42048885389821783,0.5395996597100049,0.03991148639177746
0.4386892721746717,0.519293619228144,0.0420171085971843
0.4421760410337208,0.5144508452889464,0.043373113677332896
0.44997758998096654,0.5147652330857635,0.03525717693327005
0.4118820156030555,0.49430440412280086,0.09381358027414385
0.455601676640165,0.5037614371179674,0.04063688624186771
0.4812631462682273,0.4902021732090369,0.02853468052273574
0.4293025494739304,0.5298640376676972,0.0408334128583724
0.44978537614857983,0.5114077012807356,0.038806922570684736
0.4782924834588852,0.48308296193691425,0.03862455460420051
0.4051663797067935,0.5597789547261103,0.03505466556709603
0.4462531843118409,0.5139240166604854,0.03982279902767375
0.4290778012071348,0.5352649761188685,0.03565722267399696
0.48434353911454875,0.4772831894761928,0.03837327140925842
0.4432971339388035,0.5192383323630563,0.03746453369814023
0.43625914251657977,0.5266133700204129,0.037127487463007196
0.5108209028564603,0.4680969776056088,0.021082119537931047
0.4934432911846795,0.48054710478918333,0.0260096040261371
0.37881525229812835,0.5981209526990299,0.023063795002841857
0.4143759420918565,0.5537832896049751,0.031840768303168274
0.47062175270430984,0.48461976201794876,0.04475848527774115
0.435423384573868,0.5233246873408247,0.04125192808530753
0.4279585467267344,0.534625984436643,0.0374154688366225
0.5140814759825718,0.4634486238709382,0.02246990014649011
0.4558818922981917,0.5021276690225692,0.04199043867923874
0.4302355477460539,0.5292298825973851,0.04053456965656115
0.4467800904391356,0.5122401228129096,0.04097978674795478
0.43917723606820974,0.5264111085315868,0.03441165540020326
0.43886405291363684,0.5218368607357416,0.039299086350621446
0.42639146431798375,0.5328754520769666,0.04073308360504971
0.42541832360497556,0.532347450710887,0.0422342256841376
0.424801548406287,0.5351595667783604,0.04003888481535271
0.41649643118056606,0.5276723300096781,0.055831238809755684
0.4553518436778207,0.49512710458730413,0.0495210517348752
0.42799170187658303,0.5332168105710416,0.038791487552375305
0.43918713545836696,0.5199531796185571,0.040859684923075915
0.4373507407996604,0.5252668948475931,0.037382364352746514
0.5186728845318301,0.4417098304303193,0.0396172850378503
0.46024234810063247,0.4990087472944956,0.04074890460487194
0.48793616785386285,0.4709781762349048,0.04108565591123243
0.44658779306638335,0.5151372064721845,0.038275000461432236
0.5042829872164873,0.46469644351985917,0.03102056926365377
0.5585694600365028,0.4182483172470911,0.023182222716405923
0.5477305014300555,0.41180588412217395,0.04046361444777061
0.4671010751533944,0.4910795736486142,0.0418193511979915
0.47873822250015524,0.4376741089112263,0.08358766858861837
0.4498515562274371,0.5084844531814788,0.041663990591083944
0.4374751302336405,0.5205282194245134,0.04199665034184604
0.4626594332446623,0.507613176058267,0.029727390697070817
0.435875682057101,0.5222636171139574,0.04186070082894162
0.48337115088212335,0.4774222334953169,0.03920661562255982
0.48846676475418527,0.47075218314202655,0.04078105210378809
0.44854593038381524,0.5096773611279684,0.0417767084882165
0.4351209997037639,0.5330531102730068,0.031825890023229324
0.4267913436028313,0.5317262564437443,0.04148239995342448
0.5394146873560272,0.42061601722722647,0.03996929541674633
0.5267569010590107,0.4327108029162256,0.04053229602476365
0.4495095457448832,0.5130311743847107,0.03745927987040607
0.4509481236611296,0.5100523914835667,0.03899948485530383
0.5352397991484775,0.4356200344664943,0.029140166385028324
0.44740227822945416,0.5170428076975084,0.03555491407303734
0.4252685980054836,0.5375176020777597,0.03721379991675691
0.44424054824622194,0.5205406040973947,0.03521884765638355
0.42960408811228273,0.538383808047838,0.03201210383987904
0.4312083342481751,0.5276902851137395,0.04110138063808561
0.4333271569744838,0.5244335421383706,0.04223930088714552
0.4344379575916338,0.5337046712782595,0.03185737113010688
0.43773906800938545,0.5216913053266842,0.04056962666392997
0.4550579337254844,0.5022300483781827,0.042712017896333034
0.49484194128932624,0.46713192440583085,0.038026134304842966
0.42474752957250295,0.534877415550012,0.04037505487748486
0.4911485476406444,0.471121546688934,0.03772990567042168
0.4484856141287914,0.5105771616571826,0.04093722421402585
0.4688513751218966,0.4898894879570281,0.041259136921075294
0.4685527531740447,0.5087788414985033,0.022668405327452124
0.5130975647410574,0.4535436371580337,0.03335879810090907
0.5254261557621911,0.44928536115528217,0.02528848308252642
0.5096484265434831,0.4564510548490712,0.033900518607445654
0.4245912945200635,0.5342461136720508,0.04116259180788561
0.4182072235494935,0.5304400489102096,0.05135272754029694
0.5746973012240598,0.3889250753687157,0.036377623407224474
0.49053445181457006,0.47255524406091853,0.03691030412451139
0.4526746892653457,0.5084875928264759,0.03883771790817818
0.45965740079542206,0.5006631708886948,0.0396794283158831
0.4737779559280417,0.48777453663883497,0.038447507433123335
0.43175804216033264,0.5272889057120983,0.040953052127569216
0.4333666270189586,0.5273432832135226,0.03929008976751864
0.4743242817883681,0.48358076673061207,0.04209495148101987
0.4263944384061809,0.5404149479102974,0.03319061368352188
0.4693917155693775,0.5015826376196402,0.029025646810982405
0.5119682788258785,0.44696566272197474,0.04106605845214661
0.44970501334556356,0.5115598389775949,0.03873514767684121
0.44004273951621786,0.5189069386146096,0.04105032186917254
0.46336844648324443,0.5048952692675407,0.03173628424921513
0.43627385479558217,0.5219734872845602,0.04175265791985749
0.48279603110708214,0.48280689330868964,0.034397075584228304
0.4238003842482282,0.5403284516057759,0.03587116414599557
0.4850785816896151,0.4759411200227682,0.038980298287616705
0.3971675307179636,0.5564142452750275,0.04641822400700891
0.4417444714106358,0.5193819772568607,0.03887355133250322
0.45734460482075645,0.5020383923963603,0.04061700278288341
0.43935304462144203,0.5221522733388441,0.038494682039713964
0.4469169976059567,0.5276344330378657,0.025448569356177463
0.42292797182727715,0.5381538191775344,0.03891820899518865
0.4563305864177101,0.5056283344695535,0.03804107911273647
0.4587247761288807,0.5046360487381985,0.03663917513292079
0.42853659474378814,0.5366071315055301,0.03485627375068181
0.4686775538790792,0.49703255561307147,0.0342898905078495
0.42867844806683636,0.530602497709757,0.04071905422340685
0.43574509292334634,0.52840388323445,0.035851023842203754
0.49416587893070957,0.4643113449537373,0.041522776115553085
0.4397228372659193,0.5185435856957779,0.04173357703830253
0.4809759915177386,0.4840043850040213,0.035019623478240045
0.4404342814937233,0.5244879249775108,0.03507779352876604
0.45997084767432644,0.4986222416624361,0.0414069106632375
0.4198736368628653,0.5461669747133411,0.03395938842379371
0.5287492737028281,0.43397556896376693,0.037275157333405064
0.48856292904411974,0.4622972462437058,0.04913982471217445
0.4410921360658382,0.530494724471924,0.028413139462237422
0.46493413663838895,0.4931713200913547,0.04189454327025617
0.4300114457825049,0.5429944323891073,0.026994121828387965
0.4170960980287746,0.5622612071460202,0.020642694825204887
0.4783840488769071,0.4797741546030255,0.04184179652006719
0.4334966851281574,0.5370724509398287,0.029430863932014047
0.4375527840155745,0.5300039061585254,0.03244330982589989
0.4521738331763485,0.5096149484024631,0.0382112184211885
0.499254936800482,0.4644571013822472,0.036287961817271064
0.44631247064174634,0.5096100146915727,0.04407751466668089
0.14338376414333515,0.25211423942314587,0.6045019964335191
0.4254720668565117,0.5385292276799998,0.035998705463488385
0.5468181677279432,0.4195994578524996,0.03358237441955715
0.4699690271129876,0.4902483017765583,0.03978267111045406
0.4486474784319174,0.5096072548631337,0.04174526670494902
0.5034399306207369,0.4555249995449812,0.04103506983428194
0.4527928846299597,0.508063568474301,0.03914354689573915
0.41822352381046035,0.5415146365949224,0.04026183959461732
0.4847022737092938,0.478375306222224,0.03692242006848216
0.4390651352778008,0.5201456664341217,0.04078919828807719
0.4484329349007897,0.4850074318986515,0.06655963320055866
0.48392490116823733,0.4791504075090245,0.036924691322738165
0.4152889556349761,0.4334487948376021,0.15126224952742176
0.4385555889118766,0.532458183738368,0.028986227349755745
0.4959888580632319,0.46773148396838493,0.036279657968383096
0.43229797771971074,0.5305871428008379,0.0371148794794514
0.4249084166927134,0.4218750369089414,0.15321654639834517
0.42352703396918673,0.5360100854074881,0.04046288062332517
0.5040795958183084,0.45493719417953343,0.04098321000215809
0.4538093372919457,0.5105318455775475,0.035658817130506705
0.44258713713133063,0.5199951715885816,0.03741769128008764
0.4893921133222087,0.47534065404426434,0.035267232633526865
0.4589155924672344,0.5126264862107964,0.028457921321968872
0.44605647182234703,0.5153746382459353,0.03856888993171758
0.4503947503938954,0.5077817084816679,0.041823541124436765
0.4319465556501638,0.5357460334140962,0.03230741093573978
0.4393464322063191,0.5217302269265313,0.03892334086714949
0.4549081390073687,0.5060943024853198,0.038997558507311604
0.4535274449505594,0.5101746709670293,0.03629788408241151
0.46954244219983204,0.495256334780598,0.035201223019569766
0.4250826581242665,0.5325138386755603,0.04240350320017317
0.4914820555649462,0.47508211468403533,0.033435829751018435
0.4305379261174148,0.5313851642591169,0.03807690962346855
0.435883268634648,0.523387964480823,0.04072876688452921
0.4661461937644983,0.49217198604195656,0.0416818201935452
0.487619908067861,0.4843301145925549,0.02804997733958447
0.49113976557164857,0.4661212935740927,0.04273894085425862
0.45697630797902306,0.5010930478531734,0.04193064416780358
0.4356009992891615,0.5248355516721647,0.03956344903867341
0.4519473398851722,0.515506306675838,0.032546353438989664
0.4417028466973454,0.512183869556208,0.04611328374644668
0.4638821719217871,0.3543637050748526,0.18175412300335977
0.5234601917649712,0.4404188380738512,0.03612097016117782
0.4234716444845752,0.5348988717503937,0.0416294837650311
0.4276503499492412,0.5355822147368975,0.03676743531386122
0.4273285309622575,0.5326368876910197,0.040034581346723046
0.48386244160217906,0.4776380563382071,0.038499502059613715
0.4555962275759876,0.45904897550225343,0.08535479692175914
0.5561273416857431,0.38650462570910105,0.05736803260515562
0.4658157693723598,0.4946481937538202,0.03953603687381992
0.45492504512747356,0.5084073804130458,0.03666757445948045
0.4767254694921555,0.49457046373580127,0.02870406677204319
0.43881809592928606,0.5204671538168055,0.040714750253908215
0.4757217538703227,0.48740931270985643,0.036868933419820636
0.4480789048060406,0.5044100482167075,0.04751104697725177
0.4830412721277809,0.4804335351431085,0.03652519272911049
0.46420639363660926,0.5032063306495416,0.03258727571384916
0.47469346125658096,0.4891125014449676,0.036194037298451436
0.4575849409335432,0.5018079702580587,0.040607088808398056
0.46797175358022236,0.482093032563267,0.04993521385651064
0.4919533974053323,0.47700783848036915,0.03103876411429855
0.4381692717259786,0.5110430847548123,0.05078764351920894
0.4370632932399398,0.5226505214684631,0.04028618529159714
0.47142705424851816,0.4899395264330421,0.03863341931843963
0.45102640026371954,0.5086241418318906,0.04034945790438998
0.4289640410331461,0.5437177471982699,0.02731821176858404
0.44697191865960734,0.5003490054837344,0.052679075856657924
0.419138499406284,0.5310281575974256,0.0498333429962903
0.47037901051774256,0.4914177123329213,0.038203277149336
0.4685337976369306,0.50366137536262,0.027804827000449485
0.4442257111462761,0.5180013615512885,0.03777292730243525
0.46135190974719725,0.4979105248610381,0.04073756539176478
0.47183170611936365,0.48851466888125006,0.039653624999386225
0.4362126401682276,0.5388955073522568,0.02489185247951562
0.44192830212754264,0.529250092223688,0.028821605648769306
0.5325217095643932,0.44342949527450837,0.024048795161098344
0.4540895936438604,0.5062749501683312,0.03963545618780829
0.41661647606714897,0.5416623710159993,0.04172115291685161
0.5159454109006949,0.4451656772003751,0.038888911898929825
0.43491462052985624,0.528489339885056,0.036596039585087864
0.43429543515202024,0.5245820591497985,0.04112250569818119
0.4376092111035609,0.5257696803987788,0.03662110849766018
0.4461783860612581,0.5194717036706709,0.03434991026807111
0.47329509428252525,0.48609115150838017,0.04061375420909475
0.5048232596323646,0.46228712348493783,0.03288961688269756
0.49387048086182944,0.4793221717111479,0.02680734742702259
0.4212996566393847,0.5450216527349055,0.03367869062570986
0.5367955567188774,0.4291981647338318,0.03400627854729061
0.44494256616099837,0.5245636459239801,0.030493787915021393
0.4346989584966437,0.5239761778227637,0.04132486368059234
0.4251627902836172,0.5356843923333098,0.039152817383073045
0.6099895850015812,0.35236014981370767,0.03765026518471125
0.4442202731104079,0.5150682872595997,0.0407114396299922
0.482290195773252,0.47878391642793205,0.03892588779881577
0.5031484909064934,0.45444923152154354,0.04240227757196324
0.4572049271898945,0.5137156078277269,0.02907946498237854
0.4520758200126288,0.5088665693583359,0.03905761062903529
0.44990415911247056,0.5126298387553567,0.03746600213217266
0.44006199733537504,0.5207797573975661,0.03915824526705868
0.4345785001403089,0.5281502508730623,0.037271248986628744
0.39964479116746604,0.5078827885602948,0.09247242027223891
0.44775449382944943,0.4689043312193838,0.08334117495116677
0.47131079036902873,0.4903014367387142,0.03838777289225719
0.42545600796123867,0.5496570096676777,0.02488698237108359
0.4519674073798235,0.5093169682728573,0.03871562434731924
0.5283025999636528,0.43596898799216616,0.03572841204418114
0.48936085059383333,0.46841823201815025,0.042220917388016414
