0,1,2
0.4593728689040722,0.5021783889497926,0.038448742146135154
0.46560319396568156,0.49396645162301206,0.040430354411306345
0.47953733070061555,0.5052297987803489,0.0152328705190356
0.4444804030014498,0.5165932327978978,0.03892636420065224
0.44856351091427243,0.5106627468906705,0.04077374219505705
0.482703596935469,0.49371306484373745,0.023583338220793393
0.4667939680107098,0.49783942039246315,0.035366611596827024
0.44252604775174775,0.5168052705570195,0.0406686816912329
0.45169960492491357,0.5225943178792779,0.025706077195808388
0.45464822753932943,0.5087786830189601,0.036573089441710414
0.4480066444167873,0.5136916882081789,0.03830166737503405
0.4567626508445429,0.5027737175105735,0.040463631644883626
0.48665806503416226,0.4749817516935026,0.038360183272335
0.47057754400594093,0.5036589014785262,0.025763554515532795
0.4460900553516708,0.516889250644805,0.037020694003524375
0.4355371711309592,0.527685850158675,0.03677697871036539
0.5319492372403387,0.4510204923763316,0.017030270383329528
0.44309117206807547,0.5197752177592827,0.0371336101726416
0.44681705645743436,0.5149041672220218,0.03827877632054361
0.49085915210582814,0.46987705272446234,0.039263795169709396
0.447415691631651,0.5113392964743181,0.04124501189403085
0.445096843150432,0.5170860202844746,0.03781713656509332
0.44925430337238825,0.5186831940906144,0.03206250253699734
0.48036462801183966,0.48032293062761483,0.03931244136054566
0.44135847271020784,0.520260432532736,0.03838109475705625
0.442009371794361,0.5185986567853916,0.0393919714202476
0.4475033426059884,0.5131990845053114,0.039297572888700505
0.45976214078356437,0.5002111622906663,0.04002669692576945
0.44206450906089695,0.5209567921010062,0.0369786988380969
0.43959300422117253,0.5184147397105582,0.04199225606826948
0.4387375376346689,0.5200788683241337,0.04118359404119729
0.47172614008403646,0.49226737583558194,0.03600648408038144
0.46698565808239534,0.4926604511743092,0.04035389074329564
0.459174587528839,0.49746541163892055,0.043360000832240515
0.44314656997067314,0.5192105814085284,0.03764284862079837
0.4430391076549032,0.5181127162920152,0.038848176053081517
0.46637212451097365,0.5020206218420467,0.031607253646979784
0.4466491075868561,0.5146492245964573,0.038701667816686394
0.4506075652129818,0.5116169683798685,0.03777546640714997
0.4758323568754292,0.48352610848039523,0.04064153464417548
0.44420804574057543,0.5148413832529257,0.04095057100649892
0.44840172289775,0.5167501699080993,0.03484810719415037
0.45014680998065704,0.5121301989861575,0.03772299103318548
0.49943775405235713,0.4733602871623655,0.02720195878527712
0.4494708155022577,0.4958757765593595,0.05465340793838302
0.4670823573803596,0.49216075529847336,0.04075688732116684
0.4449107820641652,0.5151664682532603,0.03992274968257459
0.44910456347911626,0.509097618870815,0.04179781765006885
0.45033238646598667,0.5236850743884025,0.025982539145610776
0.4463265664182494,0.5129989733970017,0.04067446018474895
0.4694102204229919,0.49012121534624953,0.04046856423075863
0.47181344007088216,0.48806692636227755,0.04011963356684023
0.45646203494267484,0.507068197532009,0.036469767525316096
0.4578421439374155,0.5013544615384226,0.04080339452416197
0.454685341562751,0.520380542611948,0.024934115825301043
0.44707668454338956,0.5130658271498512,0.03985748830675925
0.45691903950150936,0.5086027811475065,0.03447817935098445
0.4642772043202646,0.4960555731823935,0.039667222497341836
0.48297603819155177,0.4825994493335017,0.03442451247494668
0.44311591093521757,0.5213841589260334,0.03549993013874898
0.44792383098633737,0.5103987060353927,0.04167746297827014
0.4644947946276306,0.49430660446362595,0.04119860090874332
0.4777582609129285,0.49055944399052853,0.031682295096542905
0.4596173915492366,0.5023949355830597,0.03798767286770369
0.47852920302830737,0.4815294071862381,0.03994138978545431
0.4677674744103575,0.49907290336402865,0.03315962222561376
0.45447847938150127,0.5078954731386803,0.03762604747981803
0.44383215870793674,0.5236601670737021,0.032507674218361336
0.45864766466700596,0.5116502324109669,0.029702102922027074
0.4432630476073851,0.516214358952037,0.04052259344057794
0.4425423865158025,0.517300182527352,0.04015743095684561
0.4418506310642699,0.5211813087430393,0.03696806019269066
0.47182042817997955,0.48502109564381946,0.04315847617620071
0.4868588927533177,0.4735662979595224,0.039574809287159896
0.4631521708723124,0.4940333879540473,0.04281444117364022
0.448811573737317,0.5100333655441779,0.041155060718505235
0.5166207891209493,0.46357617755316866,0.019803033325881982
0.44342088325496015,0.5172112758648045,0.039367840880235275
0.44539082352666937,0.5173206175037562,0.03728855896957441
0.46657578654105286,0.4931489342058524,0.04027527925309489
0.45509565433608323,0.5058040571516915,0.03910028851222544
0.4457207667037359,0.5207638765683358,0.03351535672792831
0.4502984802790579,0.5065735210054424,0.04312799871549969
0.47546118776133883,0.4826806782478902,0.04185813399077091
0.4480943925434087,0.5146120492820317,0.03729355817455944
0.45355473735555724,0.5052460833370478,0.04119917930739515
0.5027651869920575,0.4500213936474715,0.047213419360470736
0.35714763411643513,0.4723171167543293,0.17053524912923548
0.4373907685302105,0.523398413640874,0.039210817828915535
0.4419357017939227,0.5199483352413939,0.038115962964683205
0.4467330935571294,0.512111298462416,0.041155607980454575
0.4474638530188869,0.515076756892726,0.037459390088387105
0.4532300126534395,0.5140360781401352,0.03273390920642517
0.2689308101591125,0.353066737992245,0.37800245184864256
0.4480357232466311,0.5266257429909241,0.025338533762444986
0.4797815904634645,0.4804167052481606,0.039801704288374755
0.4433052971103052,0.515739869131315,0.04095483375838002
0.4703842123438462,0.48700356858693994,0.042612219069213766
0.5068673787337609,0.4595774412730945,0.033555179993144696
0.5073196252745695,0.4590052338202782,0.03367514090515231
0.5020909189761749,0.47006272735693333,0.027846353666891845
0.4542433707209621,0.5060672083352544,0.03968942094378354
0.4507648311704448,0.5156841543162346,0.03355101451332044
0.45234682279585325,0.5070453978258372,0.0406077793783092
0.463771492552841,0.4990966479147468,0.03713185953241236
0.44418772528959266,0.5191976957925482,0.03661457891785919
0.4976760566069769,0.4802598948132383,0.02206404857978491
0.4562799124676074,0.5046166162969414,0.039103471235451256
0.4894197340221026,0.46601778281989537,0.04456248315800202
0.4680456636383375,0.5055122639287244,0.026442072432937943
0.4623346690471699,0.46128808175238983,0.07637724920044041
0.45528662821073307,0.5035767655093554,0.041136606279911656
0.4135211467248871,0.41860596442082876,0.16787288885428406
0.44538575008168263,0.518979000546057,0.03563524937226027
0.45750536542262726,0.5175349732752368,0.02495966130213595
0.43584750192021704,0.513222441058213,0.05093005702157009
0.4465392283391565,0.5124750552960526,0.04098571636479094
0.4835368449094393,0.477303173470876,0.03915998161968463
0.43644321133058755,0.512964084605861,0.050592704063551736
0.4480664035335822,0.5203340734979492,0.0315995229684686
0.4478208330122769,0.5164526455622445,0.035726521425478476
0.44094092343414343,0.5176522069537444,0.04140686961211226
0.46010468215325767,0.4975155201169591,0.04237979772978325
0.45186143632869463,0.5262006226960881,0.02193794097521732
0.44927316715606025,0.512397791550922,0.03832904129301745
0.4719076264211665,0.4857983759891303,0.04229399758970329
0.4576601642254646,0.5008606033570867,0.041479232417448636
0.4489548852184135,0.4786684869091428,0.07237662787244376
0.43802192249861627,0.5214947455498515,0.04048333195153232
0.4524935219477271,0.5058535320579253,0.04165294599434776
0.46694141458919,0.4998737229618432,0.03318486244896684
0.4630343725404698,0.5021218206592675,0.034843806800262715
0.449431848627394,0.515680530027222,0.03488762134538387
0.46171120865388854,0.49078699442172863,0.0475017969243826
0.4471310126765128,0.5196818472118703,0.033187140111616796
0.4703044221800506,0.48967646280921934,0.040019115010730126
0.46937486945406987,0.49365368319780045,0.03697144734812957
0.46814655352076273,0.5033162198367278,0.02853722664250948
0.44034343311489244,0.5230954314233558,0.03656113546175188
0.5003318520072728,0.46057618955195706,0.03909195844076994
0.44053780528998077,0.518208523504149,0.04125367120587017
0.44577634322157794,0.5173968135309002,0.03682684324752185
0.4491839791835559,0.5214241140990533,0.029391906717390552
0.4429781671909835,0.5187697541420746,0.038252078666942156
0.46139122277239925,0.5093817543061424,0.029227022921457988
0.4640075224818946,0.5018734530286435,0.03411902448946178
0.4412376883810806,0.43386860055736287,0.12489371106155656
0.44199918408402233,0.5207817584393925,0.03721905747658535
0.4602633640808149,0.5106783943757972,0.02905824154338789
0.45596620979694263,0.5036302771745239,0.04040351302853372
0.44682845728168463,0.5137237001394693,0.039447842578846204
0.45189211888502856,0.5138561806411572,0.03425170047381411
0.4298701897838489,0.5210539686956343,0.049075841520516784
0.4632113948614057,0.4962567512113111,0.04053185392728305
0.482000611908823,0.4752671653276571,0.042732222763520074
0.44783074180363036,0.5140221537006602,0.03814710449570927
0.4465793423133396,0.5118706321598098,0.041550025526850706
0.4333299032775503,0.5117758692166994,0.054894227505750244
0.4432830246452035,0.5226879799599169,0.03402899539487968
0.46249538021401426,0.5011212218687965,0.036383397917189
0.515483973742816,0.44873096904842363,0.035785057208760254
0.4658908091746913,0.49669153893678014,0.03741765188852879
0.45067592506738247,0.5123346613661445,0.03698941356647317
0.4671213065133401,0.4930901298232059,0.03978856366345416
0.4683063959120708,0.4989924403169702,0.03270116377095892
0.44938124048170985,0.5161688843588973,0.03444987515939267
0.4491373537265615,0.5043984166797013,0.04646422959373718
0.4440208441129117,0.520595576437197,0.035383579449891386
0.44372402238441194,0.5163514114834516,0.03992456613213624
0.4740939553776175,0.4761203619352201,0.04978568268716237
0.47358712794367386,0.484286925913241,0.04212594614308494
0.4474008464954942,0.5149913681764001,0.03760778532810559
0.4447952841832944,0.5187719430052969,0.03643277281140854
0.2564480339764254,0.1277126864011191,0.6158392796224554
0.3961787509761359,0.5077206512141085,0.0961005978097557
0.46123231988654917,0.5037888648430651,0.03497881527038573
0.4406303744647632,0.5176118249580554,0.041757800577181564
0.463095207140783,0.5122581780132012,0.0246466148460158
0.45617284363232496,0.5024481565161886,0.04137899985148629
0.4593111943410962,0.5134996865304685,0.027189119128435323
0.4457192246861677,0.5147107266823199,0.03957004863151243
0.5064436269749581,0.4561978789903266,0.03735849403471509
0.5140977883275384,0.4547769625450073,0.031125249127454197
0.504228473499416,0.46235116597850545,0.033420360522078495
0.44602118847728484,0.5207078062788694,0.033271005243845984
0.4407287192710379,0.5232117841784767,0.03605949655048551
0.4465381134619559,0.5153250917836238,0.03813679475442032
0.444599209510491,0.5176409558056984,0.037759834683810806
0.4941046962170322,0.4841939606400861,0.021701343142881586
0.4834191111671663,0.48226685276586656,0.03431403606696713
0.4436241355918793,0.5206965478846434,0.03567931652347725
0.4608357184814488,0.505618209215135,0.033546072303416136
0.46031106645703246,0.4995466641822244,0.040142269360743166
0.45966354039296076,0.4987481214601548,0.04158833814688439
0.44636280824400465,0.5130831297074135,0.0405540620485816
0.44742815632994126,0.515797290484841,0.036774553185217655
0.4423094864083203,0.5169640648101027,0.040726448781576885
0.45357120675313317,0.5082368022094319,0.038191991037434765
0.4869888155172203,0.47897371461307625,0.03403746986970335
0.4415214393445466,0.5166131967655269,0.04186536388992677
0.45096101325902876,0.5165283932326385,0.032510593508332575
0.4573489246495103,0.5062276971743133,0.03642337817617618
0.44342058866863726,0.5208646116501903,0.035714799681172506
0.4555654588102129,0.5014708450223259,0.042963696167460916
0.4475182049480511,0.5109578894248592,0.04152390562708947
0.45241736602109994,0.5069479967415587,0.04063463723734166
0.44075399283321537,0.5233172837383715,0.03592872342841305
0.4580473158981326,0.506868827653556,0.035083856448311274
0.45189997269279997,0.5116366316550433,0.03646339565215662
0.4604499696773902,0.49883208689972897,0.0407179434228809
0.44337664877258787,0.5168693733730902,0.03975397785432189
0.4568100535388732,0.507678131738402,0.03551181472272469
0.46255193659867544,0.4955886049645828,0.04185945843674172
0.43937194825967,0.5226645276975858,0.037963524042744105
0.46753657755016187,0.4914855291891209,0.040977893260717
0.4485433983698997,0.5222042895056992,0.02925231212440124
0.46982934421230144,0.4912379062219168,0.0389327495657818
0.4741279081400915,0.4880053202501612,0.03786677160974743
0.4432895147854651,0.5181660450716814,0.03854444014285367
0.4483676085066648,0.5108686866825816,0.04076370481075373
0.443360718843851,0.5166017343818081,0.04003754677434105
0.44435612180787,0.517559606275275,0.038084271916855136
0.452358668902638,0.5060595484621415,0.04158178263522028
0.4475833585947452,0.5232687589798333,0.029147882425421674
0.4605774165217514,0.499841100009925,0.03958148346832365
0.44911175261790764,0.5148122134957017,0.03607603388639063
0.43957914167366113,0.5124538747781328,0.04796698354820612
0.46241717021920475,0.5153403876337068,0.022242442147088468
0.4459502242969746,0.5162822336621866,0.03776754204083884
0.49845538562526465,0.44744071837587956,0.05410389599885588
0.44034864422686976,0.5209905429592202,0.03866081281391004
0.4588730634910697,0.5030481118218306,0.038078824687099624
0.4494283479044691,0.5238882861358403,0.026683365959690772
0.46385498891822324,0.4992162298440872,0.03692878123768946
0.4620025220948472,0.496862908526579,0.04113456937857388
0.4417310109237369,0.5188235929799209,0.03944539609634231
0.4637794245605258,0.5028916721940846,0.033328903245389715
0.4419013865957041,0.5219848160479579,0.0361137973563379
0.47479310797255186,0.4859868540138345,0.03922003801361347
0.4744736834705736,0.48686164381773694,0.03866467271168955
0.4431786472368649,0.5158766271334372,0.04094472562969782
0.44554028344554225,0.5127174457327094,0.041742270821748306
0.46787651029195787,0.50072812522542,0.031395364482621986
0.4433571036050924,0.5183322179619568,0.03831067843295069
0.4451176525153749,0.516342828793784,0.038539518690840956
0.433882228256652,0.33733692455642744,0.22878084718692043
0.4515155847315995,0.5103564567000021,0.03812795856839839
0.4683202587828172,0.49207183319260983,0.03960790802457285
0.4598095500118048,0.5006015287915365,0.0395889211966587
0.4285902954593228,0.4983787216171431,0.07303098292353391
0.5230510479579485,0.44623605401158795,0.0307128980304635
0.4656870438184878,0.4960402728442352,0.03827268333727717
0.45801394938100276,0.4544041030644755,0.08758194755452146
0.4902833236216512,0.4636115476524795,0.046105128725869436
0.4565235614856,0.5062438082454123,0.03723263026898781
0.47043645629173736,0.4806534129773355,0.04891013073092706
0.4709110016776871,0.48073494583617427,0.04835405248613865
0.48412532306090944,0.475945454815332,0.03992922212375848
0.4455457852549515,0.5267022838610183,0.02775193088403035
0.4982299935875022,0.46700903624896023,0.03476097016353731
0.43599120925769796,0.5243774354166328,0.03963135532566926
0.4353592695255164,0.5273687136930236,0.037272016781459916
0.5105345752597439,0.4483802154197333,0.04108520932052264
0.44299953850472407,0.5150692556207416,0.04193120587453443
0.44440730907070625,0.515409882257754,0.0401828086715396
0.4435426179948818,0.5227194859206565,0.033737896084461864
0.45932011226915187,0.5081395645309356,0.03254032319991257
0.4405593899694484,0.5175141355439481,0.041926474486603735
0.45715059426882443,0.5079367003937495,0.03491270533742609
0.4577455949579822,0.5026009800839473,0.0396534249580705
0.41851376051108413,0.49208230064991215,0.08940393883900381
0.47359342743735716,0.48581271533207687,0.0405938572305659
0.43811215149102073,0.5249945135704888,0.0368933349384905
0.45664136533353245,0.4883363467961315,0.05502228787033615
0.44584870773105123,0.5135680543561036,0.04058323791284509
0.4548209819082737,0.502837933850752,0.042341084240974304
0.45370580732371996,0.5105914500399797,0.035702742636300265
0.45304647099469997,0.5104185194090193,0.036535009596281046
0.4435371537865011,0.5156714253486961,0.04079142086480297
0.45288921304233887,0.5106144567462089,0.03649633021145211
0.450440016801181,0.5125553529073743,0.037004630291444504
0.45834746008125216,0.5320938359904726,0.009558703928275368
0.4902369830043385,0.4598478495214665,0.04991516747419507
0.48636509887489665,0.47898436757188895,0.03465053355321442
0.4813091343087799,0.4856445760375698,0.03304628965365053
0.4504163475904058,0.5136080748928674,0.03597557751672677
0.4439980843377021,0.517117485380722,0.038884430281575816
0.456093115709618,0.5027290846681044,0.04117779962227768
0.4728103737326897,0.4936338835705221,0.033555742696788314
0.458946997738776,0.49956001773966013,0.041492984521563775
0.4424107280083052,0.520762861440464,0.03682641055123082
0.46791770436183316,0.5029958580119297,0.029086437626237395
0.44831208128272476,0.5206232446701466,0.031064674047128565
0.4630087606743053,0.3871416486118388,0.1498495907138557
0.4646682477489424,0.49516161871037623,0.040170133540681385
0.47693510851009263,0.4725715776046855,0.05049331388522189
0.4537312714560061,0.5082433412238544,0.038025387320139534
0.4656274631565048,0.497461249429869,0.03691128741362633
0.4400186423048962,0.5261738353345352,0.033807522360568644
0.44401137053396394,0.5153046280541478,0.04068400141188829
0.48671627018061503,0.4894469324914681,0.02383679732791706
0.4487288790147816,0.5217809762954774,0.0294901446897412
0.45474394791922473,0.5032489580170157,0.04200709406375938
0.4440123369614513,0.5162550357717346,0.0397326272668141
0.5002214700687789,0.46183147923480705,0.03794705069641414
0.47310565502697977,0.48602002518905496,0.04087431978396528
0.42900552211681225,0.5189759920444152,0.05201848583877233
0.4634651226317303,0.49860146481560513,0.037933412552664456
0.44438896329998595,0.5195782483738873,0.03603278832612688
0.44452816728135236,0.5148405508797748,0.040631281838872726
0.45055393549629297,0.5087580124953089,0.04068805200839831
0.4506294886697193,0.5153782011140835,0.03399231021619707
0.48594058532471374,0.47429523787218136,0.039764176803104734
0.4444065331038186,0.5181444657363816,0.037449001159800106
0.44354526920972837,0.5218077216197876,0.03464700917048383
0.44267409533246016,0.518648305688383,0.038677598979156694
0.4539309812636515,0.5050066409161893,0.04106237782015911
0.44758788752368844,0.5144221265089469,0.03798998596736474
0.4426657731485549,0.5186114440137521,0.03872278283769295
0.4418833774238511,0.5165626199878754,0.041554002588273395
0.442077448503519,0.5210435959609034,0.036878955535577546
0.4460872279611659,0.5123827662403435,0.041530005798490664
0.4462603256265395,0.5132462188167617,0.0404934555566987
0.4775056305320403,0.48773179289743723,0.03476257657052249
0.44521267122188096,0.520245638574869,0.03454169020324996
0.4867661790542225,0.48386695520359946,0.029366865742178096
0.4550119032418265,0.5086244176526566,0.03636367910551678
0.4789105637323134,0.4864436633410189,0.034645772926667644
0.45048477920416335,0.5205404920905169,0.02897472870531963
0.5175122558339202,0.4524948373796117,0.029992906786467866
0.4773846113303651,0.4876412201443622,0.03497416852527278
0.45004561136386145,0.5109087620653243,0.03904562657081443
0.44620099590555096,0.5272143846156275,0.02658461947882162
0.4673966668110101,0.4963735486932366,0.0362297844957535
0.4491456910570521,0.5132916084624093,0.03756270048053862
0.4528378000194885,0.524224613668473,0.022937586312038603
0.462091314507265,0.5067188138537152,0.031189871639019616
0.4807711328413212,0.47733357807760796,0.04189528908107095
0.4964810064636338,0.4612683894905682,0.04225060404579789
0.44781738005166005,0.5114791005948077,0.04070351935353222
0.45028152074437516,0.5086875180944164,0.041030961161208426
0.4503185438465723,0.5213239440933465,0.028357512060081285
0.44331460528725575,0.5152779394258115,0.0414074552869328
0.44754790582368426,0.5120819951570882,0.04037009901922767
0.4449481054444006,0.515089883109182,0.039962011446417416
0.44761125085287257,0.5196403857101687,0.032748363436958854
0.45439927612555797,0.5086521661424509,0.03694855773199089
0.5061927391083396,0.4633700782520441,0.030437182639616315
0.491060396461037,0.4717914657129406,0.03714813782602241
0.47785674621196406,0.4875342385578548,0.03460901523018106
0.4731279372617132,0.4835010683403308,0.04337099439795605
0.4705311097872876,0.4900752695883685,0.039393620624343914
0.45493498301022894,0.5049241210908304,0.04014089589894043
0.44577557729920314,0.5169125420814186,0.03731188061937847
0.450525695591827,0.5205196138183528,0.028954690589820233
0.4604128162858515,0.49968192085961777,0.03990526285453062
0.4939753359109369,0.4728912551167556,0.03313340897230738
0.44305707801370114,0.5215286965076976,0.035414225478601125
0.4457992443749627,0.514266589015607,0.03993416660943021
0.4444058410559661,0.5151241731486229,0.040469985795410786
0.4576916676664952,0.5026755732838234,0.03963275904968144
0.46249959504777954,0.5018422747964572,0.03565813015576375
0.46047313114670224,0.49926884323486487,0.040258025618432856
0.44629771963423537,0.5139413878390321,0.039760892526732504
0.45099626921679264,0.516581111355602,0.03242261942760557
0.4577498021351842,0.5115516548011395,0.0306985430636763
0.4450960784727926,0.5241559099125095,0.03074801161469792
0.4472023967041428,0.5177533441926649,0.035044259103192324
0.47497802117226146,0.48488094041437035,0.04014103841336829
0.44144181620049383,0.5204292367424431,0.03812894705706301
0.44423725329717173,0.5158340672317063,0.039928679471121886
0.4506555904462459,0.5089886042547301,0.04035580529902398
0.4787779889654969,0.49410880063169565,0.027113210402807425
0.5042268013901188,0.44394315073044105,0.051830047879440025
0.4720041081157449,0.492270765771607,0.03572512611264793
0.4807134504085431,0.479966760103379,0.03931978948807774
0.44037427138889873,0.5183543957915281,0.04127133281957339
0.4437594810990884,0.5089253098179646,0.04731520908294687
0.45496859467120604,0.5058233831621319,0.03920802216666196
0.451840569892087,0.5088809068079574,0.03927852329995553
0.4634415106524498,0.49433885708868947,0.04221963225886066
0.45244333289656735,0.5073969180778186,0.04015974902561393
0.4489652511707943,0.5110883675341474,0.03994638129505837
0.43355435333234327,0.51736295105621,0.049082695611446445
0.44751224488380514,0.5145248359436443,0.037962919172550465
0.4790043817182157,0.48164810527650653,0.039347513005277966
0.44965935042431976,0.5093651071141243,0.040975542461556054
0.44652303384499414,0.522732535577732,0.03074443057727388
0.441649220323378,0.5175072680372106,0.040843511639411315
0.4601256466452236,0.518226696609503,0.021647656745273327
0.4911340114459999,0.4710674186921242,0.03779856986187578
0.446093664651015,0.5210656691383867,0.032840666210598196
0.4548719040614465,0.5159898929263641,0.029138203012189307
0.43450060385813133,0.5185113735317691,0.0469880226100994
0.4447637525523196,0.5166273184189498,0.03860892902873086
0.4635702122287322,0.4958535370780967,0.04057625069317116
0.45035719077811787,0.5168627802072526,0.032780029014629494
0.4400610152820282,0.5167998739467782,0.043139110771193534
0.4408025052391023,0.5177179530401474,0.04147954172075026
0.4771314048758245,0.4858243702521716,0.03704422487200349
0.44644495517773775,0.516105021014876,0.03745002380738639
0.4407872034667581,0.517203473300405,0.04200932323283684
0.4525198663375681,0.5073505830528992,0.04012955060953293
0.4643060901469883,0.49859046029586296,0.03710344955714878
0.4775962979771629,0.4835474062414487,0.03885629578138843
0.46429145715979714,0.4923076065691955,0.0434009362710073
0.4881019677973042,0.4783175522598766,0.03358047994281918
0.47472868806710855,0.49295721321128777,0.03231409872160365
0.44385424922053934,0.5222085406736373,0.033937210105823325
0.46087652143812124,0.5022174911759568,0.03690598738592194
0.44715430656871974,0.5117287074560819,0.04111698597519818
0.44230651019995854,0.5191425752281715,0.03855091457186993
0.46074586582694116,0.5064435837506611,0.032810550422397756
0.44978599776645284,0.5115139812546269,0.03870002097892043
0.46165715056836915,0.5076267921975277,0.030716057234103155
0.4459234186463594,0.5186977851826916,0.03537879617094903
0.4504184365988745,0.5082673241762843,0.04131423922484117
0.4430331198227808,0.5200444887372373,0.03692239143998157
0.47075860315681445,0.5082218734437611,0.021019523399424412
0.4425691009166874,0.5199670318905057,0.037463867192806845
0.4462774283837785,0.5152795841519294,0.038442987464292075
0.4495953811719055,0.5116072290127193,0.038797389815375095
0.4450148131453116,0.5133926299485363,0.04159255690615223
0.4447454914279265,0.5171562289447469,0.03809827962732647
0.438954263790504,0.5163183394382934,0.04472739677120237
0.4331196982718064,0.49582966423476027,0.07105063749343322
0.43472911410196763,0.5068425984193708,0.058428287478661516
0.4564513692808657,0.5034268146953532,0.0401218160237811
0.48690109711864193,0.4681756923776466,0.04492321050371166
0.4801736885483082,0.4811368513368881,0.038689460114803544
0.45818333747937934,0.5082807322071984,0.033535930313422335
0.442182173309146,0.5204931491357166,0.03732467755513739
0.4668152985098675,0.4928502102887123,0.0403344912014201
0.44565779753623525,0.516843263477331,0.037498938986434076
0.4540074811113431,0.5205895907654429,0.025402928123214027
0.44715489214104,0.5184007079638974,0.03444439989506249
0.4634304785208167,0.5064995103734762,0.030070011105706985
0.44568554390977383,0.5202435523900144,0.034070903700211895
0.4752272583650303,0.4889711166065217,0.03580162502844806
0.4461820048505132,0.5251097651546148,0.028708229994872013
0.4668777045773841,0.5043665254952898,0.02875576992732621
0.45473927000181763,0.5076683681593122,0.03759236183887026
0.4668854769597007,0.504497663847461,0.02861685919283834
0.4484182495401698,0.515436123556147,0.0361456269036831
0.4555761843654597,0.5035731353084311,0.0408506803261092
0.4541866661473236,0.5248061199090185,0.02100721394365776
0.447959430388826,0.5151899632035242,0.03685060640764995
0.44050293345174507,0.5178229091963451,0.04167415735191007
0.4923525948111253,0.4737707840365163,0.033876621152358226
0.434907128507015,0.5194295168839311,0.04566335460905388
0.4474406159209278,0.515994464221267,0.03656491985780496
0.47946094794821115,0.48695197965900106,0.03358707239278783
0.48032490484696594,0.4864471280300202,0.0332279671230139
0.45098542470494557,0.5175523461798636,0.031462229115190914
0.43595226381234514,0.5168578403882271,0.04718989579942798
0.46430444114231784,0.5030435445722309,0.03265201428545133
0.4579035490377818,0.530241755185652,0.011854695776566166
0.4483895485308081,0.5144027155425228,0.03720773592666879
0.45725590928960524,0.5026087332157163,0.04013535749467857
0.4455805034732518,0.5155127551065545,0.03890674142019354
0.46459096925266313,0.5149137459079501,0.02049528483938653
0.4638643409477602,0.5019850794308485,0.034150579621391515
0.449658190660935,0.5094266615540517,0.040915147785013345
0.45336648735313134,0.5050842633575124,0.041549249289356126
0.4410016307215894,0.5172753161148805,0.04172305316353017
0.4813676411683284,0.48911036770539407,0.029521991126277524
0.481973090259136,0.48196556716207495,0.03606134257878909
0.44913879045940897,0.5138063699179967,0.0370548396225944
0.44535760107127287,0.5155342212822766,0.03910817764645044
0.4605914053681788,0.502922706146738,0.036485888485083266
0.4596499746090336,0.4979965269443679,0.04235349844659847
0.4433369902857193,0.5236135788709935,0.03304943084328713
0.462778237748097,0.5029982212498453,0.034223541002057704
0.4553756639588686,0.4919151391883256,0.052709196852805534
0.44578599098349225,0.5159052320633408,0.03830877695316674
0.4817897129820374,0.48744951008670745,0.03076077693125518
0.511913236797192,0.4640919536583413,0.023994809544466568
0.45135657713032185,0.5090774203488411,0.039566002520837085
0.5028249126679623,0.455908525789483,0.041266561542554904
0.47611514977878033,0.48585123271947983,0.03803361750173996
0.44282460166833276,0.5216076590851783,0.03556773924648912
0.5011264302917575,0.4589475461323147,0.03992602357592792
0.4398370162216932,0.5257913046262582,0.03437167915204889
0.44605739289694357,0.5022275497976484,0.051715057305408034
0.49176645106274713,0.48090340526420705,0.027330143673045853
0.4887002379023611,0.45649387734731894,0.05480588475031971
0.4583728452314496,0.5156403070133262,0.025986847755223957
0.4509308241715271,0.5176051792330033,0.031463996595469515
0.4721324546648456,0.4929974415207784,0.034870103814375907
0.44561820452216866,0.5213650806144842,0.0330167148633472
0.4512052894513855,0.5166146845185824,0.03218002603003198
0.45969585460244683,0.49927126533862554,0.04103288005892733
0.4441970777896586,0.5140578275807628,0.041745094629578636
0.44727485844934795,0.5181716067867979,0.03455353476385396
0.4502037670991613,0.5122254675508587,0.03757076534998
0.4534960973862315,0.5117709105001887,0.03473299211357984
0.45536139927031516,0.5178200396217509,0.026818561107934083
0.4589392277292144,0.5055610835880316,0.03549968868275402
0.4692423709016686,0.4926115596806516,0.038146069417679875
0.4667821531852322,0.49194321252075185,0.041274634294015906
0.4495225307693974,0.5130813712564154,0.03739609797418731
0.46701527177255514,0.5092484681927758,0.02373626003466895
0.4524690566408413,0.5071633670697431,0.040367576289415556
0.44153095866465386,0.5202945583715884,0.03817448296375768
0.4474525874078917,0.51759665198661,0.034950760605498385
0.45325371404300124,0.5315746191030996,0.015171666853898884
0.5142704955902897,0.4629191151866988,0.022810389223011495
0.4875424936526519,0.4813472290716287,0.031110277275719293
0.43790446139252703,0.43119830680527094,0.13089723180220195
0.4421432074923286,0.5182301485569849,0.039626643950686505
0.4604664372051958,0.5006204026200886,0.03891316017471554
0.4765578734874314,0.4813950548287021,0.042047071683866434
0.4457733349353038,0.5150109508090874,0.039215714255608804
0.4513530614714914,0.5096441053423867,0.03900283318612188
0.4416466281208158,0.5157313472532188,0.04262202462596554
0.45226983481212285,0.510834159003314,0.036896006184563054
0.4415729995068611,0.5208868597956668,0.03754014069747214
0.443829703441391,0.519314188246821,0.03685610831178807
0.45008986508108795,0.5246409026597029,0.02526923225920911
0.4427803382838481,0.5210322421466305,0.0361874195695215
0.4418730380009739,0.5177473887801636,0.04037957321886246
0.45335218055427573,0.5181542502592877,0.028493569186436512
0.4565474670200555,0.504197328698782,0.03925520428116246
0.4586375414228634,0.5006496138682914,0.040712844708845265
0.4767644229695615,0.5091324517102044,0.01410312532023415
0.4504074718012305,0.510797977298745,0.03879455090002447
0.4675473414335675,0.4856760868335302,0.046776571732902346
0.45560141612472477,0.4961228509409199,0.048275732934355095
0.47671903677152794,0.49054324875483374,0.03273771447363835
0.466447165473319,0.5213622095379891,0.01219062498869198
0.4471635576454776,0.5134942659784405,0.039342176376081776
0.44758247071825324,0.5170176610585688,0.03539986822317813
0.4430258069061655,0.516011026789847,0.040963166303987615
0.45514703911318394,0.5032383221724438,0.04161463871437209
0.4437645719439517,0.5159533436549786,0.0402820844010696
0.4421322271083454,0.5195519029240586,0.038315869967595874
0.45634626068850764,0.5030584507620935,0.040595288549398666
0.4651127017314623,0.4920386118747206,0.04284868639381722
0.4430807467488099,0.5174416121338802,0.039477641117309795
0.4731572386622294,0.4820714080777027,0.044771353260068134
0.45551246134857043,0.5055151387000801,0.03897239995134932
0.44504342915861533,0.5144627548569243,0.0404938159844604
0.4447999643732193,0.5150717995615374,0.04012823606524326
0.44297381656579665,0.5156963599416086,0.04132982349259482
0.455444092006503,0.5030648202814925,0.04149108771200448
0.44851484829880683,0.5431247318055356,0.008360419895657499
0.4536285510590725,0.5154698201198714,0.03090162882105609
0.45558426148886205,0.518214310879659,0.026201427631478914
0.4458522265154796,0.5129767675408533,0.04117100594366698
0.46546906984725844,0.49640510228954887,0.03812582786319272
0.4583599408172676,0.5000353528762651,0.04160470630646709
0.45389857981564424,0.5081086504938848,0.037992769690470794
0.4437486716862495,0.5204751112532879,0.03577621706046264
0.45887816684322386,0.514379613863533,0.02674221929324303
0.44483728370720516,0.5207394048587116,0.034423311434083254
0.44321496200806576,0.5205311133854224,0.036253924606512056
0.44408089148272106,0.5191496116121611,0.03676949690511802
0.47395526876815086,0.5001653674309824,0.02587936380086675
0.45559621510804593,0.5043678828663788,0.04003590202557527
0.44539397733313607,0.5260551101249035,0.028550912541960422
0.45342957565900643,0.5109401761629347,0.035630248178058724
0.44167385027436695,0.5185281762191377,0.039797973506495055
0.4463135007746285,0.5171998616481236,0.036486637577247814
0.46434499257426226,0.4258570212336417,0.10979798619209613
0.4473031886373633,0.5227732772200848,0.029923534142551753
0.4595004074749713,0.5043047242629051,0.036194868262123536
0.46757677649097773,0.4903698068350418,0.04205341667398062
0.44531193738457203,0.5143436654047095,0.04034439721071842
0.4444892265680636,0.5165295747803904,0.03898119865154568
0.4526258724717037,0.5099553038925327,0.037418823635763515
0.42990806854146335,0.5117091507741052,0.058382780684431534
0.4545662833281895,0.48363531311370167,0.061798403558108735
0.46133850887641054,0.4927463070181575,0.04591518410543182
0.4895612573274477,0.4691597451591508,0.04127899751340167
0.44657903133439425,0.5122797489979946,0.04114121966761127
0.44131011223332306,0.5191555192369343,0.03953436852974267
0.4626170446423571,0.4960843743830859,0.04129858097455702
0.4443160869473956,0.5235686723040889,0.03211524074851542
0.4473575723355748,0.5142365038450808,0.03840592381934436
0.4517103996507273,0.5067861781616323,0.041503422187640596
0.4525318250651356,0.5106313805523683,0.03683679438249604
0.43917186528921826,0.5201335640110835,0.04069457069969841
0.4664502430219377,0.5059689522143673,0.02758080476369486
0.4835737204160825,0.478995060420446,0.03743121916347129
0.4976342995567519,0.4615982232813797,0.04076747716186841
0.498625859017439,0.46400123585254605,0.037372905130015024
0.4400457918063822,0.5129702189163294,0.04698398927728844
0.4445888262899032,0.5210827528665285,0.03432842084356825
0.443234924420503,0.5230774473880627,0.03368762819143427
0.455096579953867,0.5117084832608877,0.0331949367852452
0.4469159995876607,0.5155257457589485,0.03755825465339069
0.47330761489738643,0.4690036489261179,0.05768873617649557
0.44129607993675873,0.518721599526936,0.0399823205363053
0.44493272849834176,0.5196811765472347,0.0353860949544235
0.46810792501594023,0.4942033770407249,0.03768869794333483
0.48435063190374156,0.48031759660306694,0.03533177149319132
0.47211393334675095,0.4884356945266752,0.03945037212657383
0.476618136796787,0.48662427168227806,0.03675759152093502
0.4641034441150508,0.5020217076025041,0.03387484828244521
0.4771239949023616,0.4838449343419492,0.03903107075568895
0.48166461134480953,0.48195275590021536,0.03638263275497516
0.4854726675915281,0.48047517497466624,0.03405215743380596
0.44075525503941404,0.5188800159560883,0.04036472900449759
0.4428082517067763,0.5181079847948982,0.039083763498325236
0.44253135513154285,0.5179956423562178,0.03947300251223943
0.46552868528985186,0.5060921189875156,0.02837919572263262
0.4575787792334122,0.5021492147213696,0.04027200604521817
0.4427706392992334,0.5156437521148101,0.04158560858595666
0.4579483368373002,0.5066079406018296,0.03544372256087021
0.4356807227117006,0.5104566860591557,0.053862591229143754
0.44287211603127347,0.5161201276725279,0.04100775629619862
0.46552009338909,0.5113743321344859,0.02310557447642401
0.44453611000194243,0.5139122808235758,0.04155160917448158
0.4779460197646673,0.4834430016779276,0.03861097855740498
0.45562319614048563,0.5057905466310981,0.0385862572284164
0.451767053203365,0.5094682287428458,0.03876471805378919
0.4787009434942014,0.48271691242558185,0.038582144080216756
0.4664247489684111,0.49326421113132973,0.04031103990025934
0.47080304258102706,0.46288233797137823,0.0663146194475949
0.45924814604091657,0.4953847459237493,0.045367108035333885
0.4750014544835457,0.4862243585847677,0.038774186931686556
0.44675762198073304,0.5130569644311272,0.04018541358813984
0.4506759520846236,0.5208535057102083,0.02847054220516834
0.450004264753358,0.5162524565749883,0.033743278671653464
0.45667794983087034,0.5038121463994524,0.03950990376967722
0.44064751763899035,0.5224642605927041,0.03688822176830542
0.46497185412570763,0.49600036561885935,0.039027780255433096
0.4859041379723509,0.45660881490905975,0.05748704711858946
0.4431109178244412,0.522381326015226,0.03450775616033301
0.4427323986578203,0.5175805642754038,0.039687037066775885
0.4452584689113195,0.5159134093373352,0.03882812175134519
0.4629711378948694,0.5024724683330227,0.034556393772107945
0.4349269907326551,0.5112580971891545,0.05381491207819015
0.471687537612182,0.5083212428255903,0.019991219562227748
0.44674230482532223,0.5236930180134118,0.02956467716126578
0.4938761610117756,0.4680839973456088,0.0380398416426156
0.46337187199030627,0.5120316916960144,0.024596436313679144
0.44709283598453403,0.513500293637809,0.03940687037765725
0.4571442073703969,0.5007537168906414,0.04210207573896184
0.4615611391871087,0.5080186771319462,0.030420183680945158
0.37725778835981333,0.48289474649375697,0.1398474651464297
0.49334511675583315,0.46179382737939495,0.044861055864771966
0.47491694408243923,0.439816727541734,0.08526632837582668
0.4446300547482771,0.5198049823718092,0.03556496287991378
0.47533550738797115,0.4877454079121691,0.03691908469985968
0.4578289565886493,0.5017554425213797,0.04041560088997106
0.45842514537436596,0.506178987215718,0.035395867409916036
0.4628405485725526,0.504809880594858,0.03234957083258948
0.4493269322135218,0.5131491766048527,0.03752389118162555
0.44100835578432307,0.5164663222322271,0.04252532198344988
0.4502450591576673,0.40972687766422594,0.1400280631781067
0.46464822733865574,0.4916443426804549,0.04370742998088904
0.4544962174604494,0.5009334532180117,0.044570329321538926
0.44824852031232837,0.5104156662052804,0.041335813482391195
0.35314609864069657,0.505153596882444,0.14170030447685958
0.44417150669293165,0.5174197444133364,0.03840874889373184
0.47502876279576367,0.4991386415372171,0.02583259566701925
0.4548990742725648,0.5074786305432003,0.03762229518423494
0.45993061472447905,0.5007052778092649,0.039364107466255994
0.4702717319517574,0.49308001374304267,0.03664825430520004
0.4764905771707226,0.4853944796337344,0.03811494319554307
0.44957237960413093,0.5117186040055525,0.03870901639031646
0.45221076972515406,0.5106047985703677,0.03718443170447825
0.48184468754940146,0.47765186568119455,0.040503446769403734
0.47705118624917725,0.4979544191617891,0.024994394589033714
0.44242107262636277,0.5177205200868863,0.03985840728675098
0.44992367695874885,0.5198918162872089,0.030184506754042356
0.4881939652264495,0.4755684837000578,0.03623755107349258
0.15404722705089305,0.4985995789455585,0.3473531940035487
0.47932410798265995,0.4931083719112802,0.027567520106059826
0.44252290506600805,0.5171840755694552,0.04029301936453664
0.44322416052737373,0.5208518376144182,0.035924001858207995
0.4608837459745546,0.5049378072884475,0.03417844673699775
0.4434830422407396,0.5184670873665476,0.03804987039271293
0.4523670919398754,0.5096509140435529,0.037981994016571895
0.47113553526428,0.4864220719940104,0.042442392741709654
0.46461856884826785,0.4435401759141395,0.09184125523759261
0.44698866797815007,0.5148809111755709,0.03813042084627891
0.4833097021016903,0.4786612096822047,0.038029088216105025
0.44603002620037435,0.517641263595356,0.036328710204269754
0.4528883673960975,0.506151282935842,0.0409603496680602
0.4444766677672168,0.5180900573951469,0.03743327483763613
