0,1,2
0.45943036704649076,0.49805727680180417,0.04251235615170511
0.4607402868363058,0.49914075391684537,0.040118959246848766
0.4594842299122914,0.4981836674856159,0.04233210260209268
0.45888868875710304,0.497728164469474,0.04338314677342292
0.4606662832476502,0.4991152762227509,0.04021844052959892
0.461075931687348,0.4994995013949344,0.03942456691771773
0.45944920599447564,0.498071933339228,0.04247886066629645
0.45945484634055744,0.4980770687804763,0.04246808487896614
0.4607116238861129,0.49921896375190167,0.04006941236198547
0.45848712230517413,0.4973582121119689,0.04415466558285703
0.46013887278095833,0.49868232982656857,0.041178797392473335
0.4593960827738866,0.4980307869533361,0.04257313027277749
0.45902225087136517,0.49783039976423704,0.04314734936439774
0.4582803834877059,0.49724760535238194,0.044472011159912075
0.4608408919522862,0.49932067629315857,0.03983843175455536
0.4603310559760111,0.49880205197390326,0.04086689205008565
0.45974032862081116,0.49830240889252975,0.041957262486659236
0.46012603324683515,0.49861656924488373,0.041257397508281245
0.4599478140624691,0.49860714515343124,0.04144504078409946
0.45946046042321875,0.49808147335892977,0.0424580662178515
0.46021224707703756,0.4988204370382913,0.04096731588467114
0.45909364553087517,0.4977979102425151,0.04310844422660993
0.45955970337738633,0.49828418617266357,0.04215611044994997
0.45828660327539855,0.4972298379416287,0.04448355878297274
0.4609977301215,0.4993750123670276,0.03962725751147224
0.458559612021301,0.4985760364546378,0.04286435152406108
0.460851509352637,0.49924029251591534,0.03990819813144773
0.4594519914297033,0.4981590064042204,0.04238900216607639
0.4606684703957498,0.4991239424019089,0.04020758720234138
0.46089382601861967,0.4993619203421868,0.039744253639193546
0.45826042172769565,0.49722730510097074,0.044512273171333404
0.4594694472166568,0.49808852617349086,0.04244202660985243
0.46043904828770804,0.4990021232073369,0.04055882850495512
0.45901075259562074,0.4978216042360108,0.04316764316836857
0.4603442744513267,0.49881540183466044,0.04084032371401299
0.4591492659593232,0.49784929991123134,0.043001434129445494
0.45850589762194316,0.49737108838031346,0.04412301399774352
0.4585603986195837,0.49854026674195606,0.042899334638460344
0.4594436797194028,0.49815264858482744,0.04240367169576977
0.45960872440461864,0.4982789093050578,0.04211236629032345
0.45984426086727775,0.49845896306148463,0.0416967760712374
0.45942294972419534,0.4981367922994219,0.04244025797638275
0.4599608293870149,0.4984810347979036,0.04155813581508166
0.4603347591879409,0.49880041131640546,0.04086482949565354
0.4594010895910787,0.4980346174887359,0.04256429292018537
0.46116390466538937,0.49955126832816243,0.03928482700644829
0.4595784765691125,0.49846874603946745,0.04195277739142007
0.46035898856207974,0.4989380951358889,0.040702916302031406
0.46033465067208684,0.4988230766553076,0.04084227267260546
0.4594440105725453,0.4980678872202734,0.0424881022071814
0.4597087689483415,0.49827707978053415,0.04201415127112409
0.45874289400795115,0.4975396475321356,0.04371745845991325
0.4594685307013519,0.4981966609091497,0.04233480838949836
0.4603957086530979,0.4988512949712842,0.040752996375617946
0.46115107355267243,0.4995486994695992,0.03930022697772834
0.46062250870448146,0.499037269525824,0.04034022176969468
0.4598422718796436,0.49842100261500594,0.041736725505350444
0.4584978682125348,0.4973655712221506,0.044136560565314405
0.45867170596387224,0.49756139157721013,0.043766902458917595
0.4602346409427519,0.49883841837712617,0.040926940680121794
0.4603551937620173,0.4988278804058787,0.04081692583210398
0.4611635331777747,0.49954777184900945,0.03928869497321612
0.45962485945267306,0.4982101482512113,0.04216499229611567
0.4588378935985752,0.4976892256313943,0.0434728807700305
0.4597100784435033,0.49832771527784053,0.04196220627865605
0.45939638481979417,0.4980310161447204,0.04257259903548552
0.4606216671551539,0.49912016341635485,0.04025816942849097
0.4611491003099125,0.49954770721765784,0.039303192472429596
0.45954098652228587,0.49821699667531594,0.042242016802398245
0.4605606536258051,0.49899729217731925,0.04044205419687582
0.459438779524779,0.49806446777112284,0.04249675270409815
0.4609498711577027,0.4993302866712748,0.03971984217102236
0.4599970376912055,0.49851198089743,0.04149098141136442
0.4595514704315199,0.4981875825871045,0.04226094698137569
0.46114063560908913,0.49954302154311603,0.039316342847794714
0.45940366843935376,0.49807754926002595,0.0425187823006205
0.46032536017451237,0.4987926656381505,0.040881974187337376
0.45993074205371287,0.4985248979568205,0.041544359989466505
0.46112694735178383,0.49950231588119054,0.039370736767025544
0.4605625322045332,0.4990917947987605,0.04034567299670653
0.4599483689353499,0.49860759525447995,0.041444035810170254
0.46015891990590285,0.499175777271343,0.04066530282275421
0.45943284505311915,0.498059814393376,0.04250734055350483
0.45934882161334223,0.49808009921482227,0.042571079171835224
0.45998413621156464,0.4985012779634112,0.041514585825024035
0.4603281979367056,0.4987852493735293,0.04088655268976532
0.45886899519835384,0.49771307269209974,0.04341793210954644
0.4602924965258197,0.49876579011563726,0.04094171335854284
0.4602483070532849,0.49876319840687466,0.04098849453984043
0.4606128843011955,0.49911642010985346,0.04027069558895103
0.45892202726188047,0.49763867011170276,0.04343930262641703
0.4609015938028415,0.4992858402686799,0.03981256592847864
0.4595845083474987,0.49821993316497987,0.0421955584875214
0.460367625470475,0.4989450081774391,0.04068736635208602
0.4591564446729324,0.4978550007414167,0.04298855458565069
0.46049040978960015,0.4991219587718661,0.040387631438534015
0.4594015512241003,0.4980352490861124,0.04256319968978702
0.4594221559116721,0.49805090307420363,0.04252694101412435
0.4603565074911611,0.4988297486092846,0.04081374389955438
0.45826782734330523,0.4972205640073022,0.04451160864939254
0.45718093361991163,0.5015969064232491,0.041222159956839144
0.45939620656397295,0.49803101959058554,0.042572773845441336
0.46053153466140445,0.49897022534275975,0.04049823999583564
0.45959998076747555,0.498319282260768,0.042080736971756495
0.4607293666941672,0.4992329862512904,0.04003764705454222
0.4596037720461741,0.49819439436997875,0.04220183358384713
0.4594625415041749,0.49817848220601013,0.04235897628981511
0.45941537043407105,0.4980461092270328,0.04253852033889588
0.4597102383745142,0.4982782571943988,0.04201150443108692
0.4585479069261934,0.4974001930688819,0.04405190000492484
0.460195956153665,0.49868833268922935,0.041115711157105723
0.46097142913256606,0.49949345198211564,0.039535118885318396
0.4595027224508399,0.49811466848365993,0.042382609065500204
0.46037500108846763,0.49895091061495345,0.04067408829657891
0.4595034145838178,0.498115212770937,0.04238137264524527
0.46071395183750974,0.49911745952954334,0.0401685886329467
0.4587851103555133,0.49751089701995044,0.04370399262453625
0.4582900264156766,0.49725643057414176,0.044453543010181576
0.46018216801742406,0.4986630819847031,0.041154749997872615
0.45958756920646343,0.4982291966067158,0.04218323418682077
0.4597850450653574,0.49841373928161875,0.041801215653023624
0.4594430707326557,0.4981521827608066,0.04240474650653773
0.4588337482404671,0.4976860458630969,0.0434802058964359
0.4591826513890621,0.49795304776866545,0.04286430084227249
0.46014447676808445,0.49863600523474744,0.0412195179971682
0.46001260461920646,0.49858711025184754,0.04140028512894581
0.45982643822803043,0.49837218471308814,0.0418013770588815
0.45950465744226526,0.4981641852061537,0.04233115735158127
0.4606215936161323,0.499057827279774,0.040320579104093784
0.46116161982315895,0.499543941205671,0.03929443897117018
0.4594940580368131,0.498107856743012,0.04239808522017488
0.4609634759074421,0.4993429255086612,0.039693598583896865
0.4604525038156761,0.49889990693286135,0.04064758925146242
0.46089919632144905,0.49928364781757634,0.03981715586097437
0.4606886359825737,0.4990951543305802,0.0402162096868462
0.46045790123288416,0.4989045983056661,0.04063750046144958
0.46034646540472035,0.4988177284940115,0.04083580610126802
0.46083534560678086,0.49931633795172814,0.03984831644149097
0.46116409853115364,0.4995502725893811,0.03928562887946521
0.45945965569976505,0.4981829957418431,0.04235734855839173
0.4595267877117928,0.498133606811284,0.04233960547692329
0.4593952080844022,0.4980301274505235,0.04257466446507413
0.46079487168523925,0.4991893552990035,0.04001577301575741
0.4585320166755294,0.4973891384972117,0.0440788448272588
0.4595255030453806,0.4981325951091578,0.04234190184546161
0.46109854052967403,0.49951549739732637,0.03938596207299992
0.45986250687801533,0.49840127967045744,0.04173621345152707
0.45853221146799644,0.4980187257747221,0.04344906275728154
0.45912493307790275,0.49790892067224274,0.042966146249854446
0.4599408543846184,0.4984647785536395,0.04159436706174179
0.46033015117740383,0.49895540516862047,0.0407144436539757
0.45947601274490524,0.4980928537150922,0.04243113354000252
0.4600688439820138,0.49856942677629895,0.04136172924168738
0.45978250908292345,0.4984118015511387,0.041805689365937954
0.4593303777334192,0.49801284004629115,0.0426567822202896
0.45960128340435397,0.4983204039355755,0.04207831266007051
0.4603459834194051,0.4988298046534105,0.040824211927184495
0.4584065105405304,0.497304051830696,0.04428943762877362
0.4598806358148975,0.49855253274981276,0.041566831435289955
0.45900575292650847,0.4977165913488121,0.0432776557246796
0.46016816029011687,0.49865629137650386,0.04117554833337929
0.458275554256672,0.4972430428088344,0.04448140293449345
0.4595416873196804,0.49821741881660886,0.04224089386371047
0.4590022938664008,0.49771337956337175,0.0432843265702274
0.46114880214541676,0.49952675951772113,0.03932443833686222
0.46106381713994854,0.49943835492774064,0.03949782793231053
0.4601420256230274,0.49883644758741735,0.04102152678955509
0.4603807449414384,0.4988386907693564,0.04078056428920521
0.4585167265633987,0.4973785531833837,0.044104720253217766
0.45994629403212495,0.49846920276977036,0.04158450319810449
0.44955271284370824,0.5058838305719267,0.0445634565843651
0.4603568579839976,0.49883030082371316,0.040812841192289326
0.46056638750123086,0.4989885412992607,0.04044507119950839
0.46097078624063753,0.49934974012796307,0.039679473631399405
0.4596231818482301,0.4982097728093433,0.04216704534242664
0.46035102624387086,0.4988324056749738,0.04081656808115539
0.4601338222621005,0.4986269185114059,0.04123925922649343
0.46079915288582257,0.49919318660506595,0.04000766050911157
0.461146833090728,0.49952442857402524,0.039328738335246506
0.46061406232694224,0.49914161247641303,0.0402443251966449
0.4594607214464046,0.4981855525237998,0.04235372602979552
0.461145885473534,0.4995233202477386,0.039330794278727474
0.45941736427084917,0.4980471887179222,0.042535447011228536
0.4600621065614531,0.4985638888391101,0.04137400459943689
0.45850694484932575,0.497433295984161,0.044059759166513335
0.46082839790669766,0.49921943966813354,0.03995216242516867
0.46035189971069107,0.49883280629055604,0.040815293998752895
0.45975808381753475,0.49839313505373656,0.04184878112872882
0.46112155117420967,0.49949658651708506,0.0393818623087054
0.4587450704608076,0.49761792968616547,0.04363699985302712
0.460293455722817,0.49888559895506585,0.04082094532211709
0.4588502142861084,0.4976986745219651,0.043451111191926295
0.4604011507659653,0.49884695237380505,0.04075189686022951
0.45867069284142625,0.4974048915807303,0.04392441557784367
0.4597024649753983,0.4984059372201483,0.04189159780445349
0.45847821723849785,0.49741069565224183,0.044111087109260455
0.460352867968067,0.49882494125197363,0.04082219077995935
0.45827029590472673,0.49723790910375915,0.044491794991514046
0.45976889634509827,0.49840139900369684,0.041829704651204974
0.46012081576700165,0.498668795986052,0.041210388246946436
0.4587209999274249,0.49745129828461704,0.043827701787958126
0.4595958610633364,0.49818813267819384,0.042216006258469746
0.4611611482307081,0.49954315576800906,0.039295696001282764
0.45859459656180546,0.49743297033941913,0.043972433098775465
0.45838533474601706,0.4972083725105686,0.04440629274341433
0.4594372754622689,0.49806264655553717,0.042500077982194046
0.46006467751577107,0.498566001687248,0.04136932079698108
0.4595581214060442,0.4981938393421757,0.0422480392517801
0.46078364355525103,0.49917932096591455,0.04003703547883446
0.45954398080531933,0.49814618564047397,0.042309833554206665
0.45998963303606505,0.4987380207918375,0.04127234617209755
0.4598968605924933,0.4985657459457738,0.04153739346173309
0.4584500489305654,0.49721869675803804,0.04433125431139659
0.45826118918508346,0.4972181558832431,0.04452065493167343
0.4585872728052376,0.49742780092256067,0.04398492627220159
0.4595928850715255,0.4982314246888883,0.04217569023958624
0.4610690232075802,0.49944345647224614,0.039487520320173684
0.4597240032681127,0.4985644012807613,0.04171159545112609
0.45883684505081856,0.497955547447752,0.04320760750142959
0.4598626969354823,0.49853790398911807,0.04159939907539952
0.45953782243947716,0.49826466793441565,0.04219750962610714
0.4599088325930357,0.4984387754403496,0.04165239196661445
0.46108249886370056,0.4995041984273311,0.03941330270896821
0.4605433204720415,0.498968611970195,0.040488067557763525
0.4602680290042032,0.49877741497660605,0.040954556019190715
0.45881073755570306,0.4976683887941793,0.04352087365011737
0.4608337990496601,0.4993151277314473,0.0398510732188926
0.4600342303260013,0.49860349663504805,0.04136227303895053
0.4602936183843085,0.4987955417934782,0.04091083982221319
0.45973138090052756,0.4982952188325935,0.04197340026687868
0.4586661375068485,0.4983142599269008,0.043019602566250634
0.4280148747582276,0.4917266649235598,0.08025846031821257
0.4611630327302709,0.4995520989105468,0.03928486835918211
0.46077678626755586,0.49917320245790586,0.0400500112745383
0.4583014911986414,0.4972381614531688,0.04446034734818977
0.45856025040798054,0.4974749752344277,0.043964774357591975
0.4596269091896467,0.49821272848987236,0.042160362320480975
0.4605617767387629,0.49910002137350046,0.040338201887736694
0.46077789618049764,0.49917419230088284,0.040047911518619576
0.4594107225009084,0.4980420479672554,0.04254722953183615
0.45845097456279893,0.499369522033644,0.04217950340355701
0.4605584532547028,0.49908964522313554,0.04035190152216188
0.4595938678103779,0.49818655554110763,0.042219576648514515
0.4603309672630366,0.49879728337304946,0.0408717493639138
0.46033240548191695,0.49880337790068785,0.04086421661739516
0.4584704996702964,0.49723273320776956,0.04429676712193381
0.45928177341507115,0.49796934851473945,0.04274887807018955
0.45977376221967914,0.4983298456009325,0.041896392179388425
0.45939604018662683,0.49872692389644885,0.041877035916924175
0.46095071442174823,0.4993310684862587,0.039718217091993156
0.460337701265331,0.4988249617022738,0.04083733703239498
0.45945536799052106,0.4980774780065092,0.04246715400296965
0.4603455845390775,0.4988167871628113,0.04083762829811128
0.4605337556339522,0.4989603645032765,0.04050587986277108
0.4601439263391169,0.4986861107201389,0.041169962940744126
0.4595669118428326,0.49816426610055786,0.04226882205660943
0.4606146980337163,0.499030466673682,0.04035483529260148
0.45943704764992466,0.4980631097397371,0.04249984261033826
0.46047805885812765,0.4990332773981487,0.04048866374372358
0.46114307342642574,0.49954442761864504,0.03931249895492909
0.46042262180399635,0.4988652027908417,0.04071217540516196
0.4606377200524021,0.4991604029692114,0.04020187697838677
0.4594066214870653,0.49803923909558173,0.04255413941735306
0.45996100340287177,0.49861784017608823,0.04142115642103977
0.4583701562134711,0.49728040458267186,0.04434943920385717
0.45932302391706437,0.49806037184781793,0.042616604235117796
0.46108249965401005,0.4995041989902573,0.03941330135573281
0.46042774979448314,0.49886956783896785,0.04070268236654862
0.4595925710239168,0.49823148924029725,0.042175939735785976
0.45848204809645327,0.4974137161111612,0.044104235792385496
0.45950695466126634,0.4981170836385912,0.04237596170014231
0.45911560307670113,0.4978226823553775,0.04306171456792125
0.45862048997989835,0.49752177866865727,0.04385773135144439
0.45944532444757036,0.49806891016664123,0.04248576538578821
0.4603222612737229,0.49879354284306177,0.04088419588321513
0.46009321105788703,0.4986480419558482,0.04125874698626475
0.4586405207118613,0.4975372882126343,0.04382219107550437
0.4599570673403829,0.49861464932275545,0.04142828333686162
0.45856271132130044,0.49747689273510903,0.043960395943590434
0.4611504449619348,0.499528737529539,0.039320817508526035
0.45944913260128417,0.4980718761610033,0.04247899123771227
0.4604823350626633,0.4989161849138532,0.0406014800234835
0.4597581478301345,0.4983167487996178,0.041925103370247456
0.4595281512172367,0.49816611742214983,0.04230573136061356
0.45839101738583804,0.4973411713759788,0.04426781123818331
0.4599043958175833,0.49843517808706245,0.041660426095354273
0.4599124558219529,0.4985784317271969,0.041509112450849976
0.4611022249089533,0.4995180506226825,0.03937972446836439
0.4597263171212416,0.49842577794990744,0.04184790492885096
0.4596791722968847,0.49825425814434926,0.04206656955876592
0.4593944548185514,0.49802959142125225,0.042575953760196225
0.4583914812369059,0.49720132557603974,0.044407193187054585
0.4585687281312939,0.49778255997353155,0.04364871189517451
0.4583224306393033,0.49725055044785504,0.04442701891284167
0.46062096365785005,0.49903592328284596,0.040343113059303985
0.46044977490900124,0.4990106926494901,0.040539532441508506
0.46035070769810277,0.4988224116546075,0.04082688064729005
0.45848624570764196,0.49735761306600906,0.04415614122634888
0.45981796552234483,0.49836536253799657,0.041816671939658476
0.45934746158475487,0.4980790591737749,0.04257347924147023
0.45583704633566885,0.5028108785043356,0.04135207515999552
0.4590454616749969,0.4978481525242979,0.043106385800705325
0.4594654115678027,0.4981787028979636,0.04235588553423391
0.46042052214031287,0.4990106757074293,0.04056880215225789
0.45866951190167315,0.49755969733157973,0.04377079076674711
0.4608233924142542,0.4993069787352126,0.03986962885053324
0.4596329533984829,0.49821657888488813,0.04215046771662877
0.4606677233736626,0.49911915678813296,0.040213119838204615
0.4606923816004555,0.4990984492469024,0.0402091691526422
0.45991791656761377,0.4985828704930125,0.04149921293937396
0.4594427638765226,0.49806759218913627,0.042489643934341154
0.46116359878756547,0.4995517168054532,0.039284684406981366
0.46000571671701146,0.49851919277075596,0.04147509051223258
0.4601724216351285,0.49865995518657924,0.04116762317829219
0.45963322945604074,0.49829765561503336,0.04206911492892578
0.4582605402049809,0.4972179867037722,0.04452147309124693
0.4599120197593393,0.498441360428438,0.041646619812222625
0.46116093682028675,0.4995428136592464,0.03929624952046707
0.45871932810721855,0.4974497496396821,0.04383092225309939
0.45965028620091153,0.49836216309634096,0.041987550702747685
0.4602717741968316,0.49874896376110817,0.04097926204206044
0.4595926230066448,0.49822973538040605,0.04217764161294921
0.4582785116984705,0.49724585094639095,0.04447563735513855
0.4611638675943891,0.4995487816409114,0.03928735076469949
0.4601437387263116,0.49863121387512827,0.041225047398560324
0.45889713390780584,0.49765425528183355,0.04344861081036045
0.4597636845461482,0.49839741578916685,0.04183889966468532
0.460316881244564,0.4988115113045386,0.0408716074508974
0.458280220136163,0.49722646935612225,0.044493310507714864
0.45943483197933505,0.49806074659536487,0.042504421425299976
0.4595011549364617,0.49816125320342897,0.04233759186010915
0.46065424989267173,0.4990958887534371,0.04024986135389117
0.4590601266067788,0.4977792182971124,0.043160655096109
0.458428603712809,0.4994556506781857,0.04211574560900539
0.4583955830199251,0.497199378893015,0.0444050380870598
0.4595899398203693,0.49822604404786264,0.04218401613176815
0.4606129564248162,0.49902895073689885,0.0403580928382853
0.459915887103291,0.49858122103320474,0.041502891863504233
0.4592988551255183,0.4979700268923491,0.04273111798213259
0.4600616955923025,0.4985635511430937,0.041374753264603714
0.4594873956298185,0.49810175756197217,0.04241084680820959
0.4594230552435411,0.49805213756131006,0.04252480719514909
0.45826718815758966,0.49722029661714057,0.04451251522526984
0.45951706625431027,0.49824568953939063,0.042237244206299096
0.4598214148172851,0.4983678950358091,0.04181069014690599
0.4606884227438356,0.49920060436433167,0.040110972891832644
0.46065949162938974,0.49910330350561716,0.040237204864993006
0.4588508853850187,0.4976991891160493,0.04344992549893185
0.45977431915165456,0.49837252222971934,0.04185315861862613
0.46080448979625027,0.49919796684548107,0.039997543358268654
0.46100778064805603,0.4995223605272448,0.03946985882469908
0.45956897491930826,0.4981668781285949,0.04226414695209671
0.4606502795073406,0.499170370495892,0.040179349996767345
0.4594335075394996,0.49814486782332046,0.04242162463718
0.45886192124911945,0.4977076502265772,0.043430428524303635
0.46116010197093815,0.49955216127935914,0.039287736749702845
0.4594608528281752,0.4980810140353035,0.04245813313652124
0.45827124577134587,0.49723885265843354,0.04448990157022063
0.46001745099582386,0.4986635293694679,0.04131901963470816
0.4594635739381648,0.4980831375678566,0.042453288493978676
0.4607439704209357,0.49914401988947477,0.04011200968958949
0.4596755642422178,0.49825138583852957,0.04207304991925273
0.4599718676888425,0.49849002995697506,0.04153810235418249
0.45948485997291866,0.49810062915592207,0.04241451087115915
0.4603255943849414,0.49878305585333277,0.04089134976172585
0.45839398039985363,0.4973435654333989,0.044262454166747574
0.46042204432806966,0.4989885342315778,0.04058942144035269
0.45982877265384514,0.4983740652025327,0.04179716214362234
0.45916693338230496,0.49794103117794175,0.042892035439753236
0.4603510543724286,0.498832418884238,0.040816526743333435
0.4611544317721033,0.4995337041822964,0.03931186404560037
0.4601648851397282,0.49866385499687715,0.04117125986339476
0.46036964698401817,0.4989466260178041,0.04068372699817754
0.4599148362672908,0.49858036687166385,0.04150479686104555
0.46111449391858256,0.49952640786292757,0.039359098218489576
0.46022252038149986,0.49870340133526636,0.041074078283233686
0.45973385052311544,0.498297202629215,0.04196894684766986
0.4590874448514356,0.4977921938302243,0.04312036131834
0.45947300228598575,0.4982018789387543,0.042325118775259844
0.45875814301337947,0.4974857853139335,0.04375607167268698
0.4586894351705014,0.4975750740379225,0.04373549079157609
0.45886296471309407,0.49762856026190133,0.043508475025004476
0.46051641916563474,0.49894543970636795,0.04053814112799716
0.46055896037919714,0.4989821183230757,0.04045892129772703
0.4605570236929583,0.4990888878847448,0.0403540884222969
0.4611218236263983,0.4994968739199294,0.03938130245367202
0.460341202046133,0.4988122100827858,0.04084658787108117
0.4585976346959638,0.49733864908647746,0.04406371621755867
0.45830495388721615,0.4972401650341975,0.04445488107858652
0.45840107617003023,0.49734928717299676,0.04424963665697297
0.45964339921885056,0.4982824955915102,0.04207410518963904
0.45886424356454375,0.49770943046508975,0.04342632597036645
0.4607379501109105,0.4992397639861898,0.0400222859028994
0.4600333388429636,0.4985623931816806,0.04140426797535595
0.4603052208719443,0.49877750796723885,0.040917271160816754
0.45865222476782697,0.4973879850553488,0.043959790176824075
0.459887664622786,0.49842186219918505,0.04169047317802876
0.4594230255336176,0.49805157760999785,0.042525396856384665
0.4584899463596769,0.4974199367783632,0.04409011686196001
0.4594034173994546,0.49803640892796003,0.042560173672585404
0.4600211493353245,0.4986665185669319,0.04131233209774383
0.46116028965965067,0.4995521957338796,0.039287514606469676
0.4582584968931543,0.4972248635439917,0.044516639562854066
0.4600216028054676,0.49853241880270294,0.04144597839182948
0.4603050201892037,0.4988034497521829,0.04089153005861352
0.45926344424204657,0.4979410603710142,0.04279549538693907
0.45951688537093355,0.4981248777377181,0.04235823689134823
0.4585071637795636,0.4991021561912074,0.042390680029228966
0.46023762970331256,0.49870927744200744,0.04105309285467994
0.46110477039780695,0.49947918931530155,0.03941604028689133
0.4595573681926627,0.49828212161908747,0.042160510188250115
0.4599727115479232,0.49862732757314987,0.041399960878926736
0.4469670952358775,0.5065967769100662,0.04643612785405628
0.4582575957099333,0.49722359592135335,0.04451880836871338
0.4608818488374122,0.49935261619289695,0.03976553496969065
0.4598989045125174,0.498567409350723,0.0415336861367596
0.4609471567299776,0.49940309809739536,0.039649745172626885
0.4593946509352973,0.49802976321514847,0.042575585849554114
0.459400440422224,0.4980341186485295,0.04256544092924657
0.45897114678223194,0.4976844269843527,0.0433444262334154
0.46034344847348047,0.4988145364753364,0.0408420150511832
0.4598829170455476,0.49866848996938323,0.041448592985069234
0.46047486256222997,0.4989097864304543,0.04061535100731557
0.45840037150259466,0.4971984962627337,0.04440113223467169
0.4594293647842944,0.49805708543078214,0.042513549784923554
0.46084599794416053,0.49923531082993217,0.039918691225907306
0.45881136215909707,0.49766886822727524,0.04351976961362764
0.4607789482914413,0.49917513076891684,0.040045920939641946
0.4610942692826425,0.4994685410782469,0.03943718963911054
0.46086308301138385,0.49933800408897927,0.03979891289963696
0.45854064462866695,0.497395134169169,0.04406422120216412
0.45991779040753544,0.49847603162920445,0.04160617796325994
0.4593409092748124,0.4983123003582093,0.042346790366978124
0.4594548690356515,0.498076346914752,0.04246878404959622
0.45882214031078894,0.4976771399874979,0.04350071970171321
0.45837295243927334,0.4976699289838309,0.04395711857689579
0.45930213448791346,0.4979876169117997,0.04271024860028701
0.4596495261322807,0.49822976281821385,0.04212071104950558
0.4591405768475995,0.4978424112778312,0.043017011874569404
0.4597589465402048,0.49839379446509935,0.041847258994695886
0.4585568018687818,0.4983045067591236,0.043138691372094695
0.4595714818151343,0.4982945433326338,0.04213397485223202
0.45988981470703943,0.4984233650405596,0.04168682025240101
0.45943974043490987,0.49806456396220306,0.04249569560288697
0.45959247385295005,0.4982294783882548,0.042178047758795155
0.4598062277945234,0.49835558375961236,0.041838188445864365
0.45944838002342275,0.4980719966662748,0.04247962331030245
0.46017011087862764,0.4987865757973062,0.04104331332406632
0.45939732623286994,0.4980319102756555,0.04257076349147456
0.4583071434645754,0.49727151867157465,0.04442133786384962
0.4543960125287964,0.5037697776053948,0.04183420986580893
0.46092972668759785,0.49931166849405734,0.03975860481834489
0.4597840490060771,0.4984129782054222,0.041802972788500564
0.46003674118992777,0.4985450539573946,0.04141820485267764
0.460762780132344,0.49916072756508606,0.04007649230257013
0.4600890588928097,0.49858897778854394,0.041321963318646425
0.46050595703164426,0.4989364476625305,0.040557595305825284
0.4583810890939046,0.4972476114170631,0.04437129948903233
0.4582572898618179,0.4972175987154077,0.04452511142277432
0.4598612235555767,0.49853670151092827,0.04160207493349487
0.46031286492683476,0.49894465507176994,0.04074248000139535
0.4609608731704056,0.49934050328092583,0.03969862354866845
0.4602425634610765,0.49872101648885475,0.04103642005006892
0.4611092664308913,0.4996039102982408,0.039286823270867896
0.45949596488692024,0.49810935556434227,0.042394679548737296
0.4606126205133648,0.49911630406997437,0.04027107541666081
0.45927737912430106,0.4979653971082899,0.04275722376740932
0.4588934570428239,0.4976514820219431,0.04345506093523292
0.4610913659273753,0.4995104777819492,0.039398156290675584
0.46071444724100996,0.499117896861501,0.040167655897489093
0.4599242998158271,0.49869549736792634,0.04138020281624659
0.45885030331833965,0.49769874279122867,0.04345095389043157
0.459411247106566,0.4981278413916986,0.04246091150173536
0.4585002907534801,0.4974280709747717,0.0440716382717479
0.45959534468111657,0.49818674445283756,0.04221791086604557
0.4600132141271708,0.49858757241947516,0.04139921345335379
0.4583905350893121,0.4972935860456787,0.04431587886500892
0.45946045590289425,0.4981850141155023,0.04235452998160346
0.45989128840986776,0.49842482689430856,0.041683884695823625
0.46057095153847144,0.4990961749928015,0.040332873468727215
0.45942067675603887,0.4980923832082259,0.04248694003573508
0.459584451355188,0.4981791079207732,0.04223644072403858
0.4597969027576561,0.4983484231115688,0.041854674130774816
0.4598313722425946,0.49837597885837825,0.041792648899027125
0.4610762698545083,0.4994505943514834,0.03947313579400822
0.4603229237056787,0.49881553023414343,0.04086154606017778
0.4595935242580283,0.49818628373220525,0.042220192009766316
0.4592065096163267,0.49797128764904225,0.04282220273463116
0.4582948561865871,0.49726074839345125,0.044444395419961695
0.4602380226570964,0.4988411329048032,0.040920844438100554
0.4601897475831826,0.49867489890917777,0.0411353535076397
0.4611181795368308,0.49952886627792775,0.039352954185241366
0.45826966091445515,0.49723727356927394,0.044493065516270976
0.46026248572790485,0.49873870087465294,0.040998813397442095
0.4602371213941822,0.4987550659877518,0.04100781261806603
0.4598056733502351,0.49839476278204825,0.041799563867716494
0.4597232886191453,0.4982887222006062,0.04198798918024836
0.4594885960879676,0.49810356444598614,0.042407839466046156
0.46064385366554605,0.4990558963933978,0.04030024994105621
0.46022804342303847,0.498748435520792,0.04102352105616967
0.4594320616575202,0.4980592001183674,0.042508738224112635
0.4609790409920604,0.49942746836939267,0.03959349063854686
0.46064502111939903,0.4991661979988252,0.04018878088177576
0.46059779789448213,0.49910950869702647,0.040292693408491266
0.4587663849551814,0.49755687128381665,0.04367674376100194
0.45979435420089204,0.49838670750006736,0.04181893829904057
0.4588732482140596,0.49763627524587317,0.04349047654006709
0.4609453590841952,0.4993261068183933,0.039728534097411436
0.4599729951801917,0.49862755733424613,0.04139944748556223
0.4595379028033471,0.49814236371642817,0.04231973348022462
0.4601416708900689,0.4987636991593342,0.04109462995059671
0.45978372354006153,0.49841272951983295,0.04180354694010518
0.4589351134195228,0.4976830180830936,0.04338186849738351
0.45946112895003655,0.49808122948585193,0.042457641564111435
0.4610563615520197,0.49948531320349837,0.03945832524448194
0.45966120324843657,0.49823996109031915,0.04209883566124425
0.45887186098016075,0.4980032639964396,0.04312487502339981
0.45950192059976086,0.49819456998566836,0.042303509414570985
0.4599484906203934,0.49847098989239164,0.04158051948721492
0.4593982569542544,0.49803244432446564,0.04256929872127982
0.46024591635281603,0.498723979424243,0.04103010422294076
0.45844471428677364,0.49738417738429513,0.04417110832893123
0.45831161171099316,0.4972440722377517,0.044444316051255296
0.45936509999230074,0.4983282376326268,0.04230666237507233
0.4594652275976717,0.498178672561842,0.04235609984048635
0.46106298637981785,0.4994901449029116,0.039446868717270614
0.45951719711961625,0.49817462009460234,0.04230818278578139
0.45942468777330886,0.49805341785707646,0.04252189436961485
0.4606151236633171,0.49911739723949144,0.040267479097191736
0.4611634173491006,0.49955187687035896,0.039284705780540635
0.4611298244649306,0.49953642149659555,0.03933375403847386
0.45994597518040164,0.49853649260993316,0.04151753220966528
0.4611615871473862,0.49955233116849157,0.03928608168412209
0.45968102459407556,0.49825573303060366,0.0420632423753207
0.4595854253101853,0.49824462424150606,0.04216995044830824
0.45946349224452326,0.49817848378101537,0.04235802397446144
0.4594714532396363,0.49809010088942235,0.0424384458709413
0.45954641217612,0.4982202784311334,0.04223330939274635
0.46040207455146276,0.49899954277543107,0.040598382673105865
0.46030170856621283,0.4987742555857615,0.040924035848025744
0.4582603165713308,0.4972271779327782,0.044512505495891044
0.4611261382607429,0.49953406990639204,0.039339791832864866
0.4594637255441808,0.4981784970886401,0.04235777736717937
0.45947460557712905,0.49817630509907707,0.04234908932379375
0.45825656038981244,0.49721775361097087,0.044525685999216774
0.461046679577857,0.4994782061279861,0.03947511429415686
0.4593107712963613,0.4982924442432043,0.042396784460434336
0.4595676804185024,0.49824750921304906,0.042184810368448455
0.45947725759377167,0.4980938268793647,0.04242891552686358
0.4591888765751885,0.49819051701702743,0.04262060640778429
0.4597312058150571,0.4983423307418989,0.041926463443043835
0.46011609801514114,0.49861185203745323,0.04127204994740567
0.4607359540230778,0.49923818816992294,0.04002585780699937
0.4572888143248268,0.5014752616851843,0.0412359239899888
0.4594309774301279,0.4980577509881321,0.042511271581740055
0.4608178551770064,0.49930263894903537,0.03987950587395819
0.4584724757749522,0.49734822910773385,0.04417929511731387
0.45940871515159815,0.4980408843044884,0.042550400543913264
0.4611020933920958,0.4995179597940101,0.03937994681389423
0.45992805358123884,0.49845437533015036,0.04161757108861049
0.45825823014114503,0.4972175932553553,0.04452417660349977
0.4603042631881521,0.4988029289567751,0.040892807855072905
0.4592043990805822,0.49789331181721463,0.042902289102203346
0.4594402558529091,0.49806496497747665,0.042494779169614236
0.46115332530254727,0.4995322975226631,0.03931437717478963
0.4585459603876156,0.49814697589433926,0.043307063718044825
0.46089469199792893,0.4992795321864577,0.03982577581561331
0.4603424817960927,0.49901107583499527,0.04064644236891219
0.4594729989077257,0.4982018751260018,0.04232512596627251
0.4608349017376907,0.4992252981192583,0.03993980014305083
0.45974027439964193,0.4985750804581274,0.041684645142230616
0.45834409083192834,0.4973027733244529,0.044353135843618836
0.4589703137476588,0.49770986717680155,0.0433198190755395
0.45982714077998266,0.4983725424333703,0.041800316786646835
0.46034178372825835,0.4988128089581019,0.04084540731363984
0.5186848638043544,0.3514127651702277,0.1299023710254181
0.4593706675854894,0.49802962986523364,0.04259970254927683
0.46073690583212645,0.49913775790900805,0.04012533625886567
0.45980796424169484,0.49839639662501756,0.04179563913328777
0.4603580885938073,0.4988333699879362,0.04080854141825631
0.45942747337227197,0.4980556022860007,0.042516924341727304
0.46000840293985595,0.49852142686699497,0.04147017019314892
0.46111777513912117,0.4995285978986921,0.039353626962186666
0.4594307691202414,0.49814277322432476,0.042426457655433895
0.46015764901292244,0.49869636099251413,0.041145989994563335
0.46106529074114966,0.4994918190311757,0.03944289022767466
0.458470973761629,0.4973472085474725,0.04418181769089859
0.46049271644994383,0.49904497487561517,0.04046230867444111
0.460507826285346,0.4990618173444285,0.04043035637022556
0.46063357263000654,0.49907090287202394,0.04029552449796978
0.4600922667606107,0.4986473307890139,0.041260402450375426
0.4582559752261477,0.497218115875639,0.04452590889821296
0.4582565588240153,0.49721775418460257,0.044525686991382034
0.45999056051401355,0.4986417798502329,0.04136765963575375
0.4605689391431838,0.499005157161231,0.040425903695585345
0.45931356360709125,0.4979978409247677,0.04268859546814086
0.4592304300459106,0.4979142810471415,0.04285528890694786
0.46019171625242905,0.49872168527905897,0.041086598468512016
0.46112187762329737,0.4994969309029455,0.039381191473757154
0.460301203787461,0.49889180965809315,0.040806986554445715
0.45956244179810957,0.49821107697028916,0.042226481231601116
0.45848641964891396,0.49741716024443994,0.04409642010664612
0.46000493429887657,0.49851854222000014,0.04147652348112335
0.45852344225766734,0.49738319604153336,0.044093361700799534
0.45939515386242735,0.49803017498023444,0.04257467115733808
0.4609389189622919,0.4993201506771436,0.03974093036056435
0.45966407978095614,0.4983212541363644,0.042014666082679404
0.458487780369642,0.49741823172967503,0.04409398790068297
0.4594633985111264,0.4980830006435924,0.04245360084528112
0.4606669841858455,0.49911698511500924,0.04021603069914531
0.46035484492625434,0.49883394930181135,0.040811205771934256
0.4607048192619917,0.4992135817661203,0.040081598971888184
0.4596542986614954,0.49823447261594433,0.0421112287225603
0.4596628032009123,0.4983727180109339,0.041964478788153604
0.45957860479271667,0.4982231767163278,0.04219821849095524
0.4603637264301151,0.4988152407966851,0.040821032773199775
0.45925020553047086,0.49800469449442236,0.042745099975106816
0.4595687107370833,0.49816666948187427,0.04226461978104241
0.46116335333283703,0.4995519230322469,0.03928472363491605
0.45875015724531226,0.497544963926758,0.04370487882792966
0.459963323601247,0.49861972076902716,0.04141695562972553
0.45940408174273323,0.49803724175750425,0.0425586764997628
0.46035394492906523,0.4988336449635225,0.04081241010741207
0.4596230665615411,0.4982690316299189,0.04210790180854005
0.4600263861059155,0.4985364077580028,0.04143720613608179
0.46049532199748094,0.4989273182035356,0.04057735979898372
0.4594875998230965,0.4981027816689025,0.04240961850800105
0.4598997586449611,0.4985681043971686,0.041532136957870246
0.4585011914969622,0.4973678528386953,0.044130955664342435
0.4598008476887121,0.49842581237115613,0.04177333994013168
0.46011939515299266,0.49861465024379814,0.04126595460320899
0.45851336555371425,0.49743833255503633,0.04404830189124943
0.45958797698834536,0.4982462542459487,0.042165768765705894
0.46032800021678055,0.4989132809148395,0.0407587188683797
0.4583244176927276,0.49725175520494863,0.04442382710232397
0.45834719663331625,0.4973053493639375,0.04434745400274636
0.45984864310433293,0.4983900862454812,0.04176127065018584
0.45826556871142404,0.4972330641586318,0.04450136712994402
0.46059297974945707,0.49902851518851243,0.040378505062030605
0.4601971791614937,0.49868930040609655,0.04111352043240958
0.4588459503061722,0.4975676648064748,0.043586384887353155
0.4593739246332804,0.4980323633387595,0.042593712027960064
0.4585390543878706,0.4980774875564177,0.043383458055711775
0.4606509944731115,0.4990916150043956,0.04025739052249279
0.46034979613675714,0.4988318107052876,0.04081839315795547
0.4593945257713549,0.49802962750192453,0.04257584672672034
0.45947759498960017,0.49820693314715264,0.04231547186324708
0.4594712082216964,0.49808909910172056,0.042439692676582985
0.459758897280619,0.49831792986422524,0.04192317285515574
0.45899362832692153,0.4977277523346894,0.04327861933838895
0.45967926872028586,0.4982534810394566,0.04206725024025765
0.4599033747045392,0.49843435035387323,0.04166227494158776
0.46001080477346257,0.49852182813662843,0.041467367089908974
0.45991299973211697,0.49844261830514636,0.04164438196273687
0.4597387792547305,0.4985740993216418,0.0416871214236275
0.4588877624663092,0.49764719085343706,0.04346504668025362
0.45949275145609536,0.4981068298400918,0.04240041870381268
0.4611623041177934,0.4995451529116882,0.03929254297051847
0.4606566666145616,0.49906710362711804,0.04027622975832059
0.45995438920324183,0.4985428938051648,0.041502716991593615
0.4590874959824713,0.49779224098199465,0.04312026303553417
0.4595195986461946,0.4981583813057029,0.042322020048102586
0.45897044816012633,0.497790766639951,0.043238785199922594
0.4596617683120407,0.4982948010029128,0.04204343068504661
0.4606993851554775,0.4991046149377121,0.040195999906810345
0.4599568373541377,0.49861446285820094,0.04142869978766122
0.4598605880682533,0.4983997296900408,0.04173968224170596
0.46029346349350425,0.49888560518473135,0.04082093132176425
0.4606684711584628,0.4991239100771905,0.04020761876434678
0.4606377248963041,0.49907560994909334,0.04028666515460263
0.4598750189809064,0.49841139272619583,0.04171358829289776
0.45988624088999275,0.4984204718574582,0.041693287252548845
0.45923815330544715,0.4979954800327525,0.04276636666180023
0.4595267889783927,0.4981326588544227,0.04234055216718468
0.46029968574707814,0.4987997662789076,0.04090054797401408
0.4604527533386974,0.49901307169586995,0.0405341749654324
0.4607648894224958,0.49926100887156355,0.03997410170594047
