0,1,2
0.42836459039456565,0.5077033662574142,0.0639320433480203
0.49401541225089374,0.4910280142492485,0.014956573499857831
0.5251793578303757,0.4736616103690951,0.0011590318005291708
0.3995687906047473,0.5713377344253847,0.029093474969868114
0.4113114457570168,0.4664757613953251,0.12221279284765812
0.49690314469559943,0.5012721955528223,0.0018246597515781024
0.4215814245204899,0.5619591882295091,0.016459387250001095
0.5250755518064412,0.44455343190598395,0.030371016287574402
0.5221437477914761,0.4759134500250292,0.0019428021834948586
0.46723597594306054,0.5173623130118223,0.01540171104511705
0.480714426159249,0.5095585508629478,0.009727022977803342
0.5315889640851581,0.45302062435050927,0.015390411564332407
0.5449239305323822,0.4324369067907357,0.022639162676882194
0.5075335166690529,0.4799405928624366,0.012525890468510298
0.43504714417294904,0.536279400772522,0.028673455054528695
0.4721359949011773,0.5081314812432581,0.01973252385556427
0.4893931735673801,0.5017890327011357,0.00881779373148433
0.46462690723901656,0.5228628877543152,0.012510205006667868
0.47955192122430823,0.5105606399778679,0.009887438797823864
0.5007384332713477,0.4666824887573106,0.03257907797134171
0.48638971341412957,0.4484545532263331,0.06515573335953749
0.5102744776850315,0.47409429428139066,0.015631228033578106
0.5263964590648397,0.4614915383103249,0.012112002624835371
0.5172776624847978,0.4546740796381838,0.028048257877018885
0.4383657263661829,0.5395223402967607,0.022111933337056192
0.3683032256721819,0.5804934418620838,0.051203332465734296
0.5163328568285754,0.4685713548976116,0.015095788273813134
0.5114109786324856,0.46272214637506637,0.02586687499244784
0.48149687136044317,0.4968060140031394,0.021697114636417453
0.49918268394672455,0.4668780419337021,0.03393927411957373
0.4713497741779765,0.5244289655259865,0.004221260296036975
0.49913171026138853,0.4974928239150326,0.003375465823578542
0.46203330829508427,0.5142097354267404,0.023756956278175038
0.46744406263345206,0.485620926297962,0.046935011068586316
0.35724393413585015,0.5506603033252686,0.09209576253888127
0.4648229293062282,0.5225360208104933,0.012641049883278835
0.4884546686637223,0.5058166275339173,0.005728703802360568
0.5674985466078435,0.4280920652464784,0.004409388145678105
0.46554648934795445,0.5036694281090787,0.030784082542966603
0.4505224278397484,0.453247710428028,0.0962298617322235
0.45981816063711917,0.5274338631566835,0.012747976206197102
0.45151703581231134,0.5126138794466846,0.03586908474100394
0.48788122352573327,0.4641152200394032,0.04800355643486328
0.3427714221942624,0.5077517027983622,0.14947687500737566
0.47740927876270384,0.48202944170260165,0.04056127953469446
0.5060882099352421,0.4704155719759229,0.023496218088834907
0.49353146390891445,0.4840292548518701,0.02243928123921516
0.40800027287867535,0.5666499302295053,0.025349796891819314
0.43044561528449093,0.5667608094620435,0.0027935752534656347
0.5487566880522955,0.4328872183599053,0.018356093587798838
0.49984047245848046,0.47371339277071334,0.026446134770806574
0.4773303159325414,0.4510839001174073,0.07158578395005162
0.494579020006752,0.4850745915323469,0.02034638846090142
0.48500868572665073,0.47581371778605014,0.03917759648729921
0.40350198368760165,0.5948112700677861,0.0016867462446123792
0.46905429804420756,0.5219396986572352,0.009006003298557512
0.48246016820082505,0.4993079251125934,0.01823190668658139
0.46227582812628465,0.4880287503492245,0.04969542152449046
0.4472648461758405,0.5509725018126796,0.0017626520114803123
0.5133649807079015,0.47027099810445794,0.01636402118764063
0.48174950910148007,0.40484129085054105,0.11340920004797925
0.5387406547067034,0.44672258635659845,0.014536758936698065
0.5119358971616632,0.48053159955719615,0.0075325032811404385
0.4840547298977071,0.4371348509736961,0.07881041912859699
0.5227368252924258,0.46942245265527366,0.007840722052300334
0.36482175576950415,0.5489583529312402,0.08621989129925574
0.5128908343995626,0.47323245349379645,0.013876712106640855
0.5007880965781996,0.4831960024900392,0.01601590093176167
0.5477115907136203,0.44941382575113914,0.0028745835352403846
0.4570114752111047,0.5048808933788334,0.03810763141006244
0.4510918759318827,0.513279556849073,0.035628567219044144
0.46476586579705975,0.5104886781474185,0.02474545605552144
0.42076222248994233,0.37803404298126714,0.201203734528791
0.3789803383905461,0.5464414006082001,0.07457826100125353
0.3521969187589843,0.44169876396944924,0.20610431727156645
0.08263486313996404,0.9173636056668916,1.5311931444356879e-06
0.5498858380899313,0.4449472271509497,0.005166934759119371
0.49983102469895946,0.44062007892473504,0.059548896376305636
0.5133093801199743,0.4728313592720147,0.013859260608010748
0.5248771043236052,0.46367995285434555,0.011442942822048711
0.5027838564477236,0.4837481300509861,0.013468013501290194
0.5090835219416442,0.47732282337680076,0.013593654681554847
0.40337335958212334,0.43852823262144597,0.15809840779643103
0.43510506701265733,0.40149452027316873,0.16340041271417344
0.531970643978673,0.46285052731949344,0.005178828701833302
0.43657394204539646,0.5036554396594033,0.05977061829520043
0.5164298331735128,0.48149729950075,0.0020728673257371694
0.017796824491175808,0.030602954602548235,0.9516002209062759
0.4660339101027227,0.5265174666518688,0.007448623245408285
0.4775113634584898,0.5133294560043405,0.009159180537169461
0.49690782740094824,0.455266523344518,0.047825649254534155
0.3135638654049163,0.6504652794637209,0.03597085513136271
0.4639470890638024,0.5297394241604442,0.006313486775753448
0.005710299583766868,0.01020362923385699,0.9840860711823766
0.4584500978372264,0.5253202052199626,0.016229696942811078
0.5193280272478549,0.45291370947974086,0.027758263272404052
0.4660132992223787,0.47883630183203524,0.05515039894558631
0.4698861697949939,0.4538875764510528,0.07622625375395317
0.08777002867387164,0.9122297730412046,1.9828492410068947e-07
0.426201001450968,0.5737989666066089,3.1942422731190086e-08
0.5539606264237592,0.4424034630776262,0.00363591049861423
0.4982628638278558,0.4790131575099146,0.02272397866222936
0.42687971205359143,0.5499856733627929,0.02313461458361612
0.49830466575779253,0.48521884928745335,0.01647648495475412
0.4462160260404454,0.530810189879953,0.02297378407960138
0.47436580505734227,0.41331912637587387,0.11231506856678371
0.520848107349331,0.4730432706412058,0.006108622009462903
0.5259781760399069,0.44737867214838783,0.026643151811704707
0.420918361629911,0.448520814939055,0.13056082343103426
0.5656206331809339,0.4333779249607335,0.0010014418583326047
0.11343232573317803,0.12229523243445185,0.7642724418323701
0.513418128014973,0.46721287549505774,0.01936899648996901
0.002992699787773275,0.003074952946529359,0.9939323472656973
0.4443095011168899,0.5399362007698427,0.015754298113267763
0.45610715774879607,0.5420801342231725,0.0018127080280315056
0.35035076933136067,0.40493616577337876,0.2447130648952604
0.5111055406329699,0.47317752033949917,0.015716939027531157
0.46548868733165183,0.5288921104269426,0.005619202241406164
0.38372255118277887,0.3836339655947142,0.23264348322250683
0.5546883854563033,0.443284867370135,0.0020267471735617784
0.48458544393424,0.503066962607083,0.01234759345867687
0.5338171280161627,0.4337527204963738,0.03243015148746376
0.49466933292273846,0.4500264246598516,0.05530424241741027
0.45681421918880916,0.5308237632146818,0.012362017596509237
0.3906242905557514,0.45832856686786666,0.15104714257638213
0.4004354535667401,0.3887278584563224,0.21083668797693705
0.41040361507362594,0.4454298155983833,0.14416656932799088
0.43453987144634204,0.4324806683539938,0.13297946019966428
0.5069775673196295,0.47036334009137315,0.022659092588997516
0.4909706382665307,0.4952265867933815,0.013802774940087888
0.443068700587649,0.5102558446013089,0.0466754548110419
0.5705329660377352,0.4278206716291107,0.0016463623331545707
0.5359938423786331,0.43191487440347853,0.032091283217888275
0.4588328433324065,0.4462272258964093,0.0949399307711843
0.3854753331271959,0.5944670381102133,0.02005762876259036
0.41979805952809446,0.5626750165057869,0.017526923966118577
0.5104542914093906,0.47171664476995484,0.017829063820654835
0.38066724162469634,0.6095324672656809,0.009800291109622614
0.5237868465399711,0.42356247519913764,0.052650678260891134
0.427313338927296,0.42720276864949314,0.14548389242321114
0.4382216858033151,0.518289197712344,0.04348911648434066
0.4761985272960431,0.5074706633672317,0.01633080933672535
0.46904684679033887,0.5181320875254616,0.012821065684199785
0.4899553768368157,0.48274628617956833,0.027298336983615935
0.47928998530711586,0.5156174241364282,0.0050925905564556916
0.4552316172701157,0.5324120737104985,0.012356309019385505
0.27170420845460413,0.2865352188282142,0.44176057271718167
0.4350141823620481,0.5380302388556439,0.026955578782307796
0.5215285150962574,0.45790402661561647,0.020567458288126474
0.5009749051432828,0.47934652951981405,0.019678565336903014
0.4934575371951201,0.49469262167194317,0.011849841132936549
0.4926568741030954,0.5021001558146759,0.005242970082228236
0.45680819240735615,0.5401894263570032,0.0030023812356406825
0.5036060947531115,0.4715289825279347,0.02486492271895373
0.5364331491241521,0.44879946695930933,0.014767383916538632
0.46589037423659496,0.5240127233748102,0.010096902388595131
0.3627552440233381,0.6313590179815554,0.00588573799510659
0.3701556129766861,0.437478906730464,0.19236548029284978
0.404078206002674,0.5837804387574284,0.012141355239897754
0.3378365241473797,0.5752089420739854,0.08695453377863517
0.3231977846693653,0.4729798707501005,0.20382234458053414
0.49339709490284955,0.49811012514642594,0.008492779950724134
0.45632329319335013,0.42662876476051953,0.11704794204613021
0.4936934506260201,0.49294929396139453,0.013357255412585336
0.5119166536983767,0.47337185717485125,0.014711489126772139
0.49618893527997093,0.47162111969672554,0.032189945023303364
0.10487289972975163,0.13127018022334833,0.7638569200469001
0.45612827485585283,0.4707597361220831,0.07311198902206414
0.4638561246007561,0.5022815032447113,0.0338623721545321
0.2842375446367528,0.36476375851992543,0.35099869684332136
0.43907167527393964,0.4376912657328692,0.12323705899319143
0.501946775573291,0.48296192326185916,0.015091301164850031
0.5124632394707634,0.4761605259403186,0.011376234588917717
0.0021428336464765093,0.0025817680053758073,0.9952753983481477
0.2689251328827405,0.29931553641386804,0.4317593307033915
0.4620551397113428,0.5328222757328517,0.005122584555805671
0.5209359529677057,0.45536457974203454,0.023699467290260148
0.53459737710901,0.46354822690650166,0.0018543959844883283
0.49316636506122874,0.48935279412247557,0.01748084081629551
0.34587680969846485,0.6397554740345804,0.014367716266954784
0.3519808228403876,0.4948068462309107,0.15321233092870176
0.48508124296692645,0.5040757962665515,0.010842960766522155
0.4848311066755604,0.512350060880473,0.0028188324439668757
0.42850858432351463,0.5662802130518308,0.005211202624654273
0.5439025961680508,0.4430661993863184,0.013031204445630286
0.41178843872182147,0.5355363215646447,0.05267523971353387
0.5157352672653619,0.45234290668009813,0.03192182605453986
0.5266769699328464,0.459633109226479,0.013689920840674785
0.43807520350720014,0.5570915053436774,0.0048332911491225225
0.4702778570335298,0.4562588231531236,0.07346331981334708
0.49577138965630135,0.4773210305291121,0.02690757981458672
0.4922976329420634,0.4946726187421992,0.013029748315737548
0.4630567036087742,0.5007510738628482,0.03619222252837772
0.20425707712584992,0.7794772710987669,0.016265651775383323
0.41120774535318155,0.4921445203611705,0.09664773428564806
0.4504298654938891,0.5394368195004345,0.010133315005676399
0.46342560228870666,0.5023404529549913,0.03423394475630245
0.5352049169682528,0.4590171493652043,0.005777933666543136
0.4653596938579575,0.5046430203530612,0.02999728578898099
0.5079240154628253,0.4644131009285469,0.027662883608627575
0.5487867454779065,0.42659852001246906,0.024614734509624422
0.5270241851801598,0.4575532076050096,0.01542260721483073
0.5250550437377987,0.43287737882467164,0.04206757743752918
0.5062263055091425,0.42948104639447227,0.06429264809638476
0.5308446063936904,0.43871207803282203,0.0304433155734874
0.5060723540131039,0.47504230406519693,0.01888534192169921
0.5027117731503373,0.48735249181059836,0.009935735039064633
0.49792961542816294,0.49783875747162704,0.004231627100210086
0.5026248146245149,0.49153000733652397,0.00584517803896155
0.4722602281659824,0.5044214169844443,0.023318354849573265
0.4191363123665839,0.5225370045716426,0.058326683061773237
0.47455829033625907,0.5198065156825353,0.005635193981205996
0.32870906766075797,0.6627399550429992,0.00855097729624312
0.529227589673346,0.4600790243735034,0.010693385953150596
0.47012096885217247,0.4651947994761533,0.06468423167167467
0.5064057189630228,0.47885382328864334,0.014740457748333916
0.49356610914076476,0.4636224510963451,0.04281143976289044
0.3483543128058186,0.6461620850709582,0.005483602123223549
0.4915979357873305,0.45255802372616905,0.05584404048650057
0.4717442699882579,0.5129391330594743,0.015316596952267525
0.47712721253715434,0.5142384192954933,0.008634368167352597
0.38557497950422354,0.6076351041982057,0.006789916297571026
0.5097757646341624,0.47424660144966696,0.015977633916170755
0.5306184774697102,0.4344149106420661,0.03496661188822328
0.5107436601779339,0.47895440946353435,0.01030193035853168
0.3804842889409018,0.5751989236455837,0.044316787413514504
0.4131262730357011,0.39680559738724674,0.19006812957705232
0.5337590838245123,0.45908554329461265,0.0071553728808749885
0.4362418539809848,0.5127211713958055,0.05103697462320937
0.4629079586190936,0.42545918278049133,0.111632858600415
0.4763782314442297,0.4489033973600762,0.07471837119569417
0.5079251221288491,0.47773926551477947,0.014335612356371104
0.5353975751019233,0.45752475210409893,0.007077672793977563
0.3829067522658984,0.3779175645187466,0.23917568321535518
0.5066177788468739,0.44804942942352116,0.04533279172960508
0.5176913957359479,0.47237776331079256,0.009930840953259336
0.5114338258551291,0.4810440902572535,0.0075220838876170265
0.39138018472305,0.6000165510446223,0.008603264232327506
0.09218100971944329,0.9078182530661314,7.372144252846168e-07
0.48080370846911225,0.47327722196170435,0.045919069569183374
0.5143044823970611,0.4571745990707598,0.02852091853217874
0.2417280778899896,0.543350811838828,0.2149211102711823
0.48138403970676297,0.514467184156988,0.004148776136248649
0.4897965593117831,0.5017319574031267,0.008471483285090724
0.5079350658271459,0.4699165651938512,0.022148368979003023
0.023862867626126254,0.023563748202686922,0.9525733841711866
0.505668132599181,0.4734822793231302,0.02084958807768869
0.4822316375402091,0.4612347841340052,0.056533578325785434
0.4934404135846732,0.47050305875817083,0.036056527657156175
0.4074719425559872,0.4441596760022944,0.14836838144171852
0.504273153366415,0.45304891041994205,0.042677936213643096
0.45767981008232234,0.5233419915362058,0.018978198381471686
0.030191443824208623,0.04665927721305727,0.9231492789627341
0.4182914777124534,0.3180670276837773,0.26364149460376923
0.39998565960000737,0.5501961801832058,0.049818160216787144
0.36738009580953995,0.6047628117164158,0.027857092474044234
0.3283817096478849,0.2918764753852845,0.3797418149668309
0.5195224410291057,0.47579815328082137,0.004679405690072986
0.4688153159145148,0.5181036067190709,0.013081077366414295
0.5177268879263507,0.4732227164415062,0.009050395632142836
0.4321790133230098,0.540547023689561,0.02727396298742922
0.4877337210545,0.4951573018558881,0.017108977089611694
0.5348792549113313,0.4297649904398782,0.035355754648790635
0.32249412846214714,0.4630404129442572,0.21446545859359573
0.5254992560373178,0.4620637167878996,0.012437027174782667
0.45906871768726104,0.5218308579910893,0.01910042432164948
0.4840498869649645,0.503646093969027,0.012304019066008042
0.5388263278546627,0.4502159312936916,0.010957740851645957
0.5415031759478391,0.45559833105552194,0.0028984929966391153
0.19896166792474576,0.2490562308132558,0.5519821012619984
0.38138322953007053,0.6067819833677875,0.011834787102141718
0.40627313916994273,0.39305739113013294,0.20066946969992408
0.49691325357074806,0.5030167788910768,6.996753817525211e-05
0.5087344176679892,0.39496220056954834,0.09630338176246223
0.48465028431813784,0.4843949874697916,0.03095472821207069
0.4477652136862561,0.5320849522300477,0.020149834083696028
0.4641083448339798,0.5313434105255463,0.004548244640473597
0.5008814127293523,0.4927779186920476,0.006340668578600506
0.49748549737838454,0.4790815243162564,0.023432978305358884
0.5199425030649946,0.47367804791309825,0.0063794490219075085
0.48546683715330174,0.5072931645844017,0.007239998262296711
0.46907720208287923,0.5176426253996106,0.013280172517510246
0.25276039824143764,0.7414581265894467,0.0057814751691155665
0.5144844658917508,0.4527240259339278,0.032791508174321374
0.5189112400177269,0.4518095640469572,0.029279195935315992
0.5162690194323218,0.4681617049234375,0.01556927564424044
0.41449876262605967,0.5776247718489468,0.007876465524993432
0.39467182689560215,0.5967934420144729,0.008534731089924833
0.47277172520307265,0.4729616688259462,0.05426660597098086
0.49365814422104326,0.43246491970410533,0.07387693607485177
0.48921133508618,0.4888134570502702,0.02197520786354984
0.5013059787821103,0.4913212214659637,0.007372799751925591
0.5060988507392673,0.47538943469550904,0.018511714565224005
0.23353046080831807,0.23521292459774035,0.5312566145939414
0.5451226821905342,0.4365767725713511,0.018300545238115022
0.43425059594691495,0.32235479610633566,0.24339460794674983
0.5149944310236084,0.46369862069688084,0.021306948279510407
0.3023791741570712,0.43124445710015014,0.26637636874277837
0.48622799091439195,0.5047872254932119,0.008984783592395858
0.503674043082745,0.4703965323684379,0.025929424548816807
0.55320579718167,0.43232626065285507,0.014467942165475204
0.49164800793866514,0.49137659237508935,0.016975399686245615
0.5140518077941946,0.4538897374950859,0.03205845471071953
0.4663261617558504,0.5100903647217866,0.023583473522362945
0.4953438442312142,0.4347830693489073,0.06987308641987808
0.5198277861691571,0.46240692485558316,0.01776528897525943
0.2938798629413487,0.3130211380707613,0.39309899898789
0.36778520452003904,0.6241634365202889,0.008051358959671906
0.45963432887425143,0.5220659588051395,0.01829971232060937
0.2775994322431615,0.7200937700390916,0.0023067977177465876
0.5333759808923069,0.44983414544385586,0.01678987366383731
0.4912593494957843,0.4857224418922529,0.023018208611962868
0.5187226553326594,0.43017485829969027,0.05110248636765017
0.44857171422822656,0.49983118027313034,0.051597105498643415
0.4885739344106885,0.49639780282159096,0.015028262767720376
0.4886788165246323,0.501161708464545,0.010159475010822667
0.37642205169299764,0.467518644024196,0.1560593042828063
0.5044822643596341,0.4825581754143045,0.012959560226061371
0.4660710230193869,0.5045633068539989,0.02936567012661437
0.5053529741864043,0.4781387660997723,0.016508259713823695
0.4696320305559176,0.5210259810926253,0.009341988351456741
0.5124171583250676,0.4770566995791637,0.010526142095768732
0.4957431356405396,0.48124505653302074,0.023011807826439638
0.5279699745214375,0.4526451753024969,0.01938485017606609
0.4527460777681351,0.526325593508859,0.02092832872300558
0.4924553293439432,0.47917881402977625,0.02836585662628053
0.5026448189167132,0.489214522838279,0.008140658245007397
0.5359669126233984,0.4538269881927166,0.010206099183885209
0.3300070368035479,0.6661656373247891,0.00382732587166283
0.5110345863235289,0.4833561977003909,0.005609215976079877
0.5490477858641135,0.44595507851031013,0.00499713562557622
0.46552199169610897,0.5211362683727802,0.013341739931110567
0.4523608448349364,0.5451475389358209,0.0024916162292426608
0.42045584208569514,0.5693580318697476,0.010186126044557136
0.513532690099752,0.47354384164783636,0.012923468252411455
0.36198531582842586,0.6356197228262462,0.002394961345328024
0.5038194265486032,0.4762399192108012,0.019940654240596024
0.49684448665394376,0.5000597965582047,0.0030957167878518594
0.5238828414503293,0.47236954425002564,0.0037476142996451783
0.520352529240168,0.44594056010006405,0.033706910659768226
0.5177404587987328,0.44450127936511286,0.03775826183615435
0.49010203034480104,0.498008156621396,0.011889813033802696
0.42198397206483235,0.5279007965806874,0.05011523135448017
0.4856743829506703,0.5041657631881592,0.010159853861170423
0.5213012963046358,0.4190653524080032,0.05963335128736085
0.4986866648171397,0.4811774138179672,0.020135921364893353
0.5391519529048029,0.44809350031009776,0.012754546785099158
0.007837008212521285,0.9921629917874759,1.6917744172183286e-27
0.3948977974487893,0.5908997731836001,0.014202429367611036
0.4193706821036419,0.50908253717691,0.07154678071944834
0.47474476465398696,0.5022867054101098,0.02296852993590336
0.48762976891074794,0.5008799389283619,0.011490292160890408
0.5416413537517677,0.44310255672324966,0.0152560895249825
0.392125333443583,0.419773155506474,0.1881015110499431
0.47777887811157416,0.5032068176812621,0.019014304207163622
0.46253928521210347,0.475622498070735,0.06183821671716199
0.46218234197803093,0.5016806138621812,0.036137044159788086
0.49826551939151476,0.48947659311977193,0.0122578874887136
0.46839366309375363,0.47658819596093516,0.05501814094531083
0.4780789129003339,0.47929975128294044,0.042621335816726134
0.45678869115220944,0.5368040441985557,0.00640726464923485
0.51530178552057,0.47129473604655175,0.013403478432878181
0.4955321947451234,0.46518159337360887,0.03928621188126811
0.4396599340784397,0.5343539243080682,0.025986141613492407
0.504076796882035,0.4916002927231481,0.004322910394816869
0.4962160291067271,0.499288039287824,0.004495931605448651
0.5043243221242792,0.48426678017964725,0.011408897696073707
0.5265422879473413,0.46311035556734326,0.010347356485315302
0.4329857114303131,0.5553989437677599,0.011615344801926832
0.4697603365083532,0.52043981482107,0.009799848670576872
0.47195001481389004,0.509176143970627,0.018873841215482648
0.45408916934870464,0.4151530575998147,0.13075777305148095
0.521509477157123,0.4716342811059055,0.006856241736971689
0.38047755986424786,0.33019324352792534,0.2893291966078265
0.44026310805841984,0.35922245264598784,0.2005144392955923
0.5062210876585388,0.4877211142538225,0.006057798087638375
0.4685390804599166,0.5126997488634562,0.018761170676627546
0.4842577226347738,0.5018775180971813,0.013864759268045215
0.4198797910650478,0.5642907959181932,0.01582941301675869
0.5050060487850044,0.47853938652545164,0.01645456468954384
0.41871195864870536,0.5057836175603271,0.0755044237909678
0.5108695188109496,0.4716108280440363,0.01751965314501377
0.5158848277906757,0.47614251280172126,0.007972659407603342
0.5085864413481295,0.44217265373069403,0.049240904921176464
0.48077596838395514,0.49905763354762916,0.020166398068415223
0.3400871754980253,0.3177943218386523,0.34211850266332255
0.4133160315188098,0.4905640900502389,0.09611987843095096
0.4668902281729009,0.5201952600698598,0.012914511757239587
0.44801273557859794,0.5171070744462581,0.03488018997514369
0.48990276602732064,0.5083611316764025,0.0017361022962769234
0.48909315816583604,0.46435684009200673,0.046550001742157475
0.4732920896523523,0.5065007226632656,0.020207187684382
0.541031693988382,0.4527185586516167,0.006249747360001061
0.39778619410439264,0.5248499730180924,0.07736383287751539
0.48267759329145393,0.49122433265954124,0.026098074049005108
0.4073402316460202,0.45224816132119483,0.14041160703278477
0.38552606842774906,0.5785634020288047,0.035910529543446236
0.5465427706344279,0.4345916398930002,0.018865589472571987
0.4932521585870969,0.4837767137025871,0.022971127710316265
0.4896544024085131,0.4123647930680646,0.09798080452342207
0.47743751496884373,0.5057796603341448,0.016782824697010982
0.4640382720717338,0.49424038506752865,0.04172134286073716
0.4996180134294404,0.4553476459621109,0.045034340608448326
0.5165920474325191,0.46463123291451286,0.018776719652967976
0.5379694548228416,0.4369056583783835,0.02512488679877482
0.4426327660320852,0.4234083906277744,0.13395884334014083
0.4716386730734085,0.44292055046120765,0.08544077646538407
0.43687095786825225,0.5190406356408018,0.044088406490946086
0.4398162477593269,0.5494548665081123,0.010728885732560934
0.48889892349749564,0.44963219237741203,0.06146888412509228
0.49936735833013274,0.48218403933084125,0.018448602339026364
0.35882707915784373,0.6235091157444886,0.01766380509766747
0.5047299069859672,0.4905720412437385,0.004698051770294445
0.49260354085153196,0.4997779710329536,0.007618488115514685
0.5158857063656958,0.4774186145594426,0.006695679074861619
0.4677599927246033,0.4632060005636785,0.06903400671171854
0.42592983455620326,0.5635781871895125,0.010491978254284363
0.49368271314531814,0.47291791168119235,0.03339937517348973
0.4404438921439194,0.5275336575288245,0.03202245032725598
0.5084266329553064,0.4705899866556002,0.020983380389093594
0.5072225986076365,0.48143587480761735,0.01134152658474591
0.5570734048458681,0.43273238640868256,0.010194208745449221
0.40155703820292066,0.43800022697831525,0.16044273481876425
0.4975220891317086,0.48684120684346976,0.015636704024821944
0.5066889548774911,0.46205647618873497,0.03125456893377398
0.3759550138039679,0.3120878293504698,0.31195715684556236
0.21000024437719264,0.7506184309707336,0.03938132465207395
0.5712224537258207,0.4184949049392236,0.010282641334955826
0.4772411097356744,0.431837731697322,0.09092115856700357
0.47732244509228366,0.4389694617397147,0.08370809316800147
0.5425790201256778,0.4530276529074956,0.004393326966826152
0.5001223278711385,0.4799899367911645,0.01988773533769689
0.49971278601426694,0.43342817124430544,0.06685904274142733
0.49952532190810045,0.4782910311069502,0.022183646984949706
0.5346363298382306,0.46410458773409724,0.0012590824276719887
0.5144982487819432,0.47895725920825427,0.006544492009802588
0.5133324856747611,0.4831603372774549,0.0035071770477842143
0.5348029102031814,0.45036438245747257,0.014832707339345939
0.47229820620035545,0.47773788384245675,0.049963909957187524
0.465469763561868,0.5235919900407984,0.010938246397333356
0.4923018082169378,0.5042015761021293,0.003496615680932857
0.521087398728934,0.46198966461040303,0.01692293666066327
0.5383717872503848,0.46039258219963136,0.0012356305499837072
0.4887025977321692,0.49631760518555806,0.014979797082273273
0.5180441187785967,0.4627279919859671,0.019227889235436408
0.47444430884915073,0.515850926688211,0.009704764462638496
0.48571057139111656,0.5011616751218457,0.013127753487037286
0.5538534459578854,0.44030017130012933,0.00584638274198493
0.5534495262314076,0.4333521319440544,0.013198341824538292
0.5477175783633309,0.4241153598589103,0.028167061777758743
0.3976611139326187,0.5926760528323354,0.009662833235046115
0.46450122868481875,0.5064869921668147,0.029011779148365956
0.5005236861333101,0.4887351976459693,0.010741116220720834
0.5172138883071159,0.4694870962487124,0.013299015444171766
0.41454524512753893,0.5770628058785836,0.008391948993877543
0.36221959701482287,0.63705156655142,0.000728836433757222
0.4690778215427943,0.5091959032583466,0.02172627519885881
0.5273067206853986,0.4645035482384292,0.008189731076172262
0.5072710242986234,0.46567012773723876,0.02705884796413763
0.4518726900251224,0.5382620944157314,0.009865215559146353
0.4943465890759311,0.4912903287769544,0.014363082147114136
0.5464902955366472,0.4479019639650588,0.005607740498294204
0.4948243430716798,0.46477691001502286,0.04039874691329753
0.43243672840366015,0.5567592282687569,0.010804043327583042
0.47047076794841974,0.5038197290412432,0.025709503010336896
0.4208620443020468,0.5760775759210812,0.003060379776872076
0.46954787010484683,0.44030505640635836,0.09014707348879462
0.5102672916027879,0.4823659350427009,0.007366773354511429
0.5145788148192539,0.4735676095374035,0.011853575643342823
0.5210897402042309,0.47114560787291015,0.0077646519228589785
0.5430027179935693,0.4177395132335349,0.03925776877289608
0.48413055661360443,0.4975486859312174,0.018320757455178173
0.44254151177473233,0.49172288710447665,0.06573560112079106
0.3558440267892064,0.42305945688425955,0.22109651632653404
0.4633755605143271,0.49258074164532684,0.044043697840345924
0.5526914585256288,0.4461552924310318,0.0011532490433392765
0.5059636533662175,0.48552653748790897,0.008509809145873548
0.42895371556702105,0.5494267512649254,0.0216195331680532
0.013276415165920267,0.9867235847440702,9.001035151055181e-11
0.446802480146331,0.5043758082335995,0.04882171162006934
0.5099793596057753,0.4722976110061032,0.0177230293881215
0.46645698598800495,0.4425107373905339,0.09103227662146095
0.5021590450575414,0.4801260493873607,0.01771490555509781
0.35873487513219376,0.5059247656787226,0.1353403591890837
0.5307865241186501,0.46017173591097815,0.009041739970372007
0.293694927760949,0.30191793891760615,0.40438713332144466
0.331117459696667,0.658298532310847,0.0105840079924859
0.4530760432207693,0.5430971950052806,0.003826761773950033
0.5444460582984931,0.45313947623657946,0.0024144654649272167
0.5193275104465567,0.4785777945121977,0.0020946950412456967
0.44652972389891143,0.5246641588180683,0.02880611728302073
0.5134869784926881,0.4139469324992386,0.07256608900807321
0.5012857606158603,0.44949291580731754,0.049221323576821976
0.5467042755667109,0.4362347782673297,0.017060946165959566
0.4543922470036159,0.53088463257404,0.0147231204223441
0.4907432106827129,0.5036004489459956,0.005656340371291479
0.5338082623722984,0.4637864261331636,0.002405311494538118
0.4907808618819672,0.4989200529567122,0.01029908516132061
0.5177302972567943,0.4540861127783097,0.02818358996489585
0.5326785160881313,0.42455647821072756,0.042765005701141466
0.4286102020745356,0.4849699884449621,0.08641980948050218
0.19164161032118332,0.7884729973459421,0.019885392332874976
0.5275896839083041,0.44762499831735025,0.024785317774346005
0.5257210704754681,0.46154608082887555,0.012732848695656314
0.4469786199906009,0.5318181782809969,0.021203201728402253
0.47081589894545695,0.5137959277145034,0.015388173340039595
0.5256013963934443,0.46765267226245344,0.006745931344101902
0.47933615661282786,0.4597737181570484,0.060890125230123444
0.462080857179738,0.36456829972354055,0.17335084309672097
0.5011705976680987,0.4882131151558856,0.010616287176015395
0.5350115352965746,0.4428622420069368,0.022126222696488458
0.45998627373124124,0.4139829912489115,0.12603073501984702
0.4988479342245343,0.48409629344148225,0.017055772333983726
0.49020502702426083,0.49805736265563166,0.011737610320107906
0.492744805152462,0.4944919232469865,0.012763271600551535
0.4486196733736297,0.5413629909759382,0.010017335650431846
0.3463995241178564,0.6246749789568032,0.028925496925340254
0.4948561137186462,0.4770652782063854,0.028078608074968408
0.43286575859203846,0.563821860736667,0.003312380671294443
0.46867289145273283,0.5233893558187447,0.007937752728522575
0.45518387459408555,0.5308035109918305,0.014012614414083713
0.33188823629904757,0.6670979451518433,0.0010138185491091263
0.4861887543921142,0.48279410238640624,0.03101714322147916
0.4747214981782968,0.4810866086179939,0.04419189320370902
0.4437824326278163,0.5516848214806432,0.004532745891540507
0.5584990842298443,0.43431004640553544,0.007190869364620037
0.4330468819762261,0.5370186146584972,0.029934503365276435
0.4070522107102199,0.5909321756918363,0.0020156135979442916
0.45799003228553636,0.5314863248461906,0.010523642868273266
0.4117015315783316,0.5857196624383099,0.0025788059833585816
0.4813060090494194,0.5042056960696847,0.01448829488089564
0.49022416071518554,0.4939262255446812,0.015849613740133286
0.49818496541966517,0.4768130144617601,0.0250020201185746
0.5202748631641553,0.4595598220221049,0.020165314813740225
0.4823152734674099,0.47840530539100273,0.039279421141587154
0.5554159746267344,0.4306121734957368,0.013971851877528871
0.47640281124832407,0.49566102062159695,0.02793616813007881
0.4452416346420126,0.47040521966971316,0.08435314568827443
0.4462931660075352,0.5460609346693149,0.007645899323149992
0.1996949263736729,0.24289379648794016,0.5574112771383869
0.3453018975114472,0.6506789586220415,0.004019143866510992
0.5095258170718073,0.4551266736754961,0.03534750925269637
0.4997555696459374,0.4826578400089031,0.017586590345159435
0.5162615039222767,0.4090876598823852,0.07465083619533769
0.5311453012111446,0.45445209535913544,0.014402603429720391
0.462072983949033,0.5296259316679833,0.008301084382983954
0.5323569677737026,0.4563120551143576,0.011330977111939606
0.5222466427304115,0.4755953099848963,0.0021580472846921693
0.4921661919080365,0.48445374566769056,0.023380062424273228
0.4219655919724544,0.5248318361374217,0.0532025718901239
0.5121503376843346,0.4743184004088961,0.013531261906768857
0.5242798698612279,0.45376103770072196,0.0219590924380505
0.501289937178181,0.48472058624046044,0.013989476581358662
0.5204743955449389,0.4752545144114825,0.004271090043578639
0.4736161669320478,0.5148306771362472,0.01155315593170503
0.43910532027618093,0.5390963688861241,0.02179831083769491
0.4555500757021253,0.5235846288526655,0.020865295445209295
0.49939724786021394,0.4804299578017093,0.020172794338076536
0.18178958423903144,0.8180464583816293,0.00016395737933935794
0.4899284834537465,0.5022085542139367,0.007862962332316986
0.37219423264264917,0.6130009542879673,0.014804813069383556
0.47652659597259095,0.48720479494975466,0.03626860907765447
0.487128550992695,0.47108627420199994,0.04178517480530544
0.05491836907215183,0.12667664299054718,0.8184049879373013
0.5152199380412441,0.47893910974488996,0.005840952213866238
0.48181346523791646,0.5139257169526921,0.004260817809391402
0.4663051092710693,0.44227630699305326,0.09141858373587784
0.508442500466691,0.4809460225395823,0.010611476993726526
0.4285668018475815,0.5051584790742273,0.06627471907819125
0.4877756674558224,0.49420049439171115,0.0180238381524666
0.29301990680000617,0.4190536160744138,0.2879264771255801
0.3180655969986476,0.33782710371710234,0.34410729928425043
0.4753068420742157,0.3599581631684778,0.16473499475730652
0.46061399236144307,0.5365871054679364,0.002798902170620427
0.28076195607232796,0.7108811706602469,0.008356873267425236
0.46234392156151427,0.49679297773146874,0.040863100707016556
0.4517284728603909,0.45525748810818734,0.09301403903142134
0.48724107250210924,0.5008877353621616,0.011871192135729186
0.504552036864298,0.4765592943127202,0.018888668822982155
0.4898973886398526,0.4937310258069729,0.016371585553174813
0.4832914802414547,0.47592026057092096,0.04078825918762426
0.5014364116731014,0.4748683350118411,0.023695253315057827
0.47350770193196146,0.4789939867534076,0.04749831131463102
0.45434923687833945,0.5299573418545449,0.01569342126711573
0.4471119337880855,0.5447625589950075,0.0081255072169075
0.5212007178649628,0.46462400124287134,0.014175280892165533
0.48175235647085685,0.5050026577384721,0.013244985790671144
0.49642175628160407,0.49207554264826026,0.011502701070135705
0.23424397660075566,0.7479164834231504,0.01783953997609404
0.4716233462728392,0.5224566464125131,0.005920007314647766
0.39388402020679714,0.5176564606913148,0.08845951910188797
0.2964055319021442,0.26876737232656783,0.4348270957712877
0.42132396103602865,0.49090140469542176,0.0877746342685496
0.5133750214259845,0.4725988209800222,0.014026157593993168
0.48877718272731324,0.49842489009415264,0.01279792717853448
0.4875477719333123,0.5042787130276708,0.008173515039016963
0.5000726872670531,0.46121881658625563,0.03870849614669131
0.5436220064922545,0.4383345932486179,0.018043400259127592
0.5213969258919017,0.461915470617652,0.01668760349044634
0.5329537606369797,0.4344235068268148,0.0326227325362058
0.47040936445829584,0.5085576052308106,0.021033030310893576
0.45207110036424186,0.5070156892475631,0.04091321038819525
0.5129699972266222,0.46431838603269393,0.022711616740683803
0.4519317841852929,0.5365572734839722,0.011510942330735066
0.4614759121255403,0.5219338757610393,0.01659021211342076
0.5127918385399275,0.4713620485307442,0.015846112929328006
0.5178239668479987,0.46775978915173116,0.01441624400027034
0.43264310306421755,0.45430220326914755,0.11305469366663476
0.43868882677326976,0.5465267991882906,0.014784374038439683
0.34271207880162863,0.37255016339381086,0.2847377578045605
0.4403986669166957,0.5179082352565448,0.04169309782675956
0.4808571298739428,0.5169015609903655,0.002241309135691294
0.4552525369347634,0.5365611715426722,0.008186291522564471
0.42382601103195683,0.4263508287049993,0.14982316026304426
0.4705602458622533,0.5117359298786189,0.017703824259127626
0.4621913064727645,0.5121248775875737,0.025683815939661795
0.4214055218050658,0.4409572788686083,0.13763719932632568
0.46291537319087395,0.45085374247915894,0.08623088432996688
0.36849885179226627,0.3222401185609815,0.3092610296467519
0.44244265221101137,0.548166099096301,0.009391248692688151
0.4820450300214337,0.41772886058323483,0.10022610939533134
0.4869311467298392,0.49825794465780365,0.014810908612356783
0.4859220842553025,0.49786001990939815,0.016217895835299305
0.4882630432833751,0.4981525405594257,0.013584416157199002
0.47994636577221933,0.503710360664344,0.01634327356343608
0.4724965684438873,0.5038512584734652,0.023652173082647707
0.4891158470820415,0.48946698869645056,0.021417164221507787
0.4628435787333466,0.4020024174280186,0.13515400383863488
0.5242735925464207,0.468447621208343,0.007278786245236209
0.46472147248928664,0.4958368851312168,0.03944164237949629
0.4995926280162206,0.4900287159785406,0.010378656005238438
0.5181983774068035,0.47555269410006273,0.006248928493133416
0.4261646171684054,0.5594719458897028,0.014363436941891876
0.4937621911327648,0.48017685204163996,0.026060956825595397
0.46104929842490383,0.5229767635573692,0.015973938017727313
0.5442159355289002,0.4501619696333593,0.0056220948377407485
0.4322002425941641,0.5656724167296576,0.002127340676178236
0.4927939862605733,0.4813893372567907,0.025816676482636303
0.5018698803980839,0.44757380830523136,0.050556311296684656
0.4196521148319118,0.5719343754487284,0.008413509719359617
0.05858693633953791,0.060329618291381004,0.8810834453690811
0.530137163572443,0.40152897846102337,0.06833385796653389
0.20245853913641693,0.17321237523689062,0.6243290856266926
0.4921949893103499,0.4745924978395145,0.033212512850135864
0.5142902707143789,0.44952364909447096,0.036186080191149717
0.510772269700239,0.46767838713141296,0.021549343168348112
0.4269878940897312,0.5631629202367587,0.009849185673510183
0.4784948162295857,0.5155926348580804,0.0059125489123340955
0.5378438818465872,0.4559560250706217,0.006200093082791487
0.5209866604599072,0.463468167237589,0.01554517230250347
0.17390442681793225,0.5223676852270025,0.30372788795506517
0.48008902733801817,0.5004016509156002,0.019509321746381543
0.45385209043748576,0.5386705935494874,0.007477316013026887
0.46536093766927017,0.5034574129343973,0.031181649396332542
0.26788278707946606,0.25179857844272946,0.4803186344778046
0.527572417156625,0.4536887316527505,0.01873885119062453
0.5071145317402178,0.489646485851557,0.003238982408224747
0.41914227782458674,0.5697323110636466,0.01112541111176664
0.4485998911573838,0.5238638889684979,0.027536219874118514
0.5126884331143144,0.4332438156097,0.05406775127598568
0.4586441199905714,0.5263711666431012,0.014984713366327286
0.4359195414628886,0.43879784976708247,0.12528260877002897
0.42279813838868907,0.5615266924139057,0.015675169197405036
0.510711146415958,0.4638440492110431,0.025444804372998713
0.262682746195979,0.44058681908270475,0.2967304347213161
0.5035781607325647,0.4300653170599704,0.06635652220746474
0.4472988700701273,0.5308116526379266,0.021889477291945517
0.5075822549261346,0.4924089280806054,8.816993260084756e-06
0.31013508769197007,0.24965850237667822,0.44020640993135185
0.29641669120280995,0.7029218748528193,0.0006614339443707662
0.411194771433788,0.4791859392014978,0.10961928936471425
0.5084639180951396,0.471999373448266,0.019536708456594276
0.5423231434578221,0.4503004828494995,0.0073763736926781755
0.4593912867011469,0.514294424455909,0.02631428884294396
0.4901504781590944,0.5035375173710509,0.006312004469855025
0.5257615206485116,0.42026833263238106,0.053970146719107374
