0,1,2
0.4681332428481766,0.491779534817218,0.040087222334605335
0.47051156895285723,0.48983955617486874,0.03964887487227421
0.524779087441281,0.45666994477354683,0.018550967785172002
0.39887697291078367,0.562653467236831,0.038469559852385565
0.4514226491749739,0.509897798943979,0.03867955188104712
0.50160953627339,0.47616323798488874,0.02222722574172146
0.466644839929789,0.4982760804268676,0.03507907964334326
0.46264086525827414,0.4959739947215076,0.04138514002021828
0.43022727481055983,0.5423478778721493,0.02742484731729066
0.4397473221179314,0.5229375578156126,0.037315120066456285
0.4312797726525572,0.5295926597729007,0.03912756757454219
0.47184711179481403,0.4869362143615378,0.04121667384364827
0.5381284672136957,0.4219918704994473,0.03987966228685679
0.46885150534425263,0.5070717481583812,0.02407674649736605
0.40306332631634734,0.561000195558229,0.035936478125423776
0.3920524848657433,0.5721664743032788,0.03578104083097789
0.6186542778531146,0.37181258731356315,0.009533134833322358
0.41604972247235533,0.5464540041712953,0.0374962733563493
0.43055287052355595,0.531974457398592,0.03747267207785203
0.5297227030570062,0.43086690787421583,0.03941038906877775
0.4441925446544048,0.5139616317580471,0.04184582358754836
0.436391575780315,0.5246246899629199,0.03898373425676503
0.4419533952098815,0.5261665937251241,0.03188001106499463
0.5100913431907647,0.45137947917803567,0.03852917763119986
0.3989987280323105,0.5625798296644416,0.038421442303247844
0.4155451475367647,0.5470899021729329,0.037364950290302255
0.43649128114969127,0.5239713989004156,0.039537319949893124
0.4699192201125088,0.4901428021764898,0.03993797771100149
0.4211219072001626,0.5404366194523812,0.03844147334745611
0.42997758628717575,0.527324141006397,0.04269827270642735
0.4650200084326536,0.4967943080434636,0.03818568352388262
0.4783973261292711,0.48828790021501867,0.03331477365571012
0.4576092180718137,0.5023103483884209,0.040080433539765425
0.4649452476338046,0.4911506159934259,0.04390413637276949
0.4226013941431302,0.5428704194905865,0.03452818636628343
0.41719560908805375,0.5441813593431171,0.03862303156882909
0.4535032670604245,0.5133256101821944,0.03317112275738123
0.4719966415225225,0.48797731815632345,0.04002604032115406
0.4368787925537555,0.5260769054155919,0.03704430203065257
0.47430329984124603,0.48445027599451485,0.04124642416423936
0.4156970187861313,0.5429962590891559,0.041306722124713
0.43645119973809654,0.528407036897953,0.03514176336395041
0.44481189871169513,0.5180217899842013,0.03716631130410342
0.5101943633184275,0.4651610710308019,0.02464456565077069
0.43601861656409774,0.5050686828369907,0.05891270059891177
0.47107949186308457,0.48861636496008803,0.04030414317682753
0.428917343132107,0.5319435886594658,0.039139068208427
0.4358072407310801,0.5286366118570095,0.03555614741191043
0.412670092724914,0.560010170132172,0.027319737142913858
0.4650313327504298,0.4947288784105753,0.04023978883899503
0.47470989491505494,0.4854372886409462,0.039852816443998906
0.475632500388661,0.4839805277703859,0.0403869718409532
0.45371826583605684,0.5095481375502214,0.03673359661372143
0.4738651337955311,0.4850532709735995,0.04108159523086947
0.4346818159507586,0.5376300024032339,0.027688181646007465
0.4372004293296665,0.5280144242942998,0.03478514637603356
0.44227071163477893,0.5240728325479049,0.03365645581731593
0.4739050473204728,0.486928564287734,0.039166388391793386
0.4992431275322081,0.4705796502311916,0.030177222236600364
0.45104391550117123,0.5180691525846488,0.030886931914179946
0.45182128392286197,0.5072853535319407,0.04089336254519757
0.48370197247938024,0.47550114188142567,0.04079688563919418
0.486101230048586,0.48167642559481694,0.03222234435659706
0.45941313242930154,0.5027371821125637,0.037849685458134656
0.5179452690997796,0.44349455446293284,0.03856017643728766
0.46405814348660257,0.5047951632232525,0.031146693290145137
0.4429244908549865,0.5195189189121883,0.037556590232825204
0.42829468017618955,0.5396976283576657,0.03200769146614452
0.4605314161419123,0.5075299191317857,0.03193866472630216
0.42703294536947206,0.5325907552007804,0.040376299429747575
0.42211704747085826,0.5380563159197297,0.039826636609412304
0.413334669781953,0.5495684863709583,0.03709684384708855
0.4939599394397706,0.460186701410541,0.04585335914968828
0.5029400611910135,0.45876222949406215,0.03829770931492427
0.46690205716519334,0.47597660827791605,0.057121334556890724
0.3286755659771398,0.6321681675971436,0.03915626642571665
0.5934219440992256,0.3857065459260548,0.020871509974719482
0.4180250850601767,0.5428853112179001,0.039089603721923175
0.4206496070785087,0.5430351069186449,0.03631528600284641
0.4808258335668386,0.47765713775320684,0.041517028679954604
0.449321897249524,0.5097157322432406,0.04096237050723522
0.4267237061045704,0.5392716878062959,0.03400460608913354
0.4343282274190452,0.5194735212704714,0.04619825131048352
0.5056018663563205,0.4507082852359179,0.04368984840776175
0.4458444403939794,0.5155848270497483,0.038570732556272226
0.4433022039093928,0.5172464677752358,0.039451328315371556
0.5680374439208052,0.39014373644661277,0.041818819632582195
0.27760600756372855,0.2732794190754595,0.4491145733608123
0.4013146898789074,0.5591695287643221,0.03951578135677022
0.41362332306498456,0.5484781605832688,0.03789851635174672
0.4394822440345657,0.5183452846011987,0.04217247136423552
0.4047224950959262,0.5588509892907397,0.03642651561333397
0.4365444826993286,0.5321054137307821,0.031350103569889404
0.25457063091433646,0.2266778823583689,0.518751486727295
0.4241776232257772,0.5521947396924074,0.02362763708181556
0.5186517429872509,0.4413117644869916,0.04003649252575744
0.4182846379190103,0.5411544170061813,0.040560945074808494
0.5156540368686477,0.44241937557184857,0.04192658755950378
0.5369501527859588,0.43538610974315656,0.02766373747088456
0.5919794545351815,0.3657371373921639,0.04228340807265464
0.5591112794854627,0.41325170121198457,0.027637019302552617
0.4456355497445884,0.5144516825387521,0.03991276771665973
0.4233565788155042,0.5482995560514314,0.028343865133064552
0.4398772885986985,0.5194324236858122,0.040690287715489264
0.4543263419334118,0.5098066238711252,0.03586703419546306
0.42475836012225376,0.5397482093507053,0.035493430527040945
0.5337875359973547,0.4441037983276037,0.022108665675041585
0.462598998181438,0.49813935508990237,0.039261646728659755
0.5218181037772195,0.43081234806268726,0.04736954816009323
0.4979578892932113,0.4746096534787113,0.027432457228077547
0.4992818024950648,0.4136367180642178,0.08708147944071738
0.46170551535675586,0.4974732206651111,0.04082126397813315
0.3996822779628016,0.33270258542316106,0.267615136614037
0.42690233544610195,0.540411981806809,0.03268568274708893
0.4385012412604134,0.5355808695622736,0.025917889177313136
0.39972421215246234,0.5450186993691419,0.055257088478395666
0.4395454533461061,0.52016245409123,0.040292092562664
0.49488853103749264,0.4655727794482453,0.03953868951426214
0.4094685181531242,0.5428678828001585,0.04766359904671738
0.46856122782532555,0.4980679857799256,0.0333707863947486
0.42715852828487594,0.5355831506807271,0.037258321034396795
0.4526726026937804,0.5059840142263214,0.041343383079898294
0.4740748738983317,0.48351835096348983,0.04240677513817837
0.42074684043286154,0.5572241455939742,0.02202901397316425
0.4236408263088048,0.5359032320549441,0.04045594163625121
0.4978840086780779,0.4584329913344964,0.04368299998742564
0.46239155304645263,0.49664888164789267,0.04095956530565453
0.4490434910822698,0.4824452821340126,0.06851122678371757
0.4046367476489071,0.5552696650349174,0.04009358731617528
0.44103276750391596,0.516350240531741,0.04261699196434306
0.48164177709731937,0.48566173731186574,0.03269648559081484
0.471600648657576,0.4931294233638539,0.03526992797857011
0.4449661637232669,0.5227815345463995,0.03225230173033348
0.45449134590362356,0.4998550680231079,0.04565358607326866
0.3983960926411272,0.5703906608131181,0.031213246545754803
0.4464194610496271,0.5138650649988786,0.03971547395149436
0.49582746321374926,0.46705626078721046,0.03711627599904025
0.43419677183272876,0.540944540912157,0.024858687255114406
0.4461264036975542,0.5195303523905871,0.03434324391185862
0.5300950625822614,0.4288244736267176,0.041080463791020885
0.4136698236377335,0.5464752192292487,0.03985495713301774
0.4214425885302649,0.5403740477092853,0.038183363760449424
0.41895858755569554,0.5556759427582298,0.025365469686074463
0.4315152473213632,0.5302128815388082,0.03827187113982855
0.4342573898648632,0.5354384516403492,0.0303041584947876
0.4451006633362769,0.5217683197783495,0.0331310168853737
0.45345724115210834,0.3987708473138917,0.14777191153400018
0.4176491591489842,0.5488111828683339,0.03353965798268183
0.44998613204207805,0.5211263496898868,0.028887518268035234
0.45438748875625684,0.5045116829833675,0.0411008282603756
0.4322067813884827,0.527340751352046,0.040452467259471284
0.42405818667463974,0.5410635858975202,0.034878227427840025
0.370248134984042,0.5835937831461421,0.046158081869816014
0.47627982697535026,0.48307920704880497,0.04064096597584459
0.5458383022197218,0.41313380450550385,0.04102789327477434
0.41958467897420776,0.544639243864399,0.03577607716139313
0.4070624236040254,0.5506237392868154,0.042313837109159105
0.40461326625599675,0.5439075255401457,0.051479208203857346
0.40135735767754993,0.5724276811914463,0.026214961131003744
0.4589608502675703,0.5062392258315201,0.034799923900909704
0.5670286119572541,0.3951817163992289,0.03778967164351722
0.4607072575937688,0.5007808708320989,0.03851187157413233
0.4577593561882394,0.507508673558667,0.0347319702530934
0.475920017625249,0.4838437449086913,0.04023623746605956
0.47186451553083775,0.4944094464386117,0.03372603803055051
0.4253436868179741,0.540149304876623,0.03450700830540285
0.45692448402644875,0.4686397258837494,0.07443579008980176
0.4430772729585642,0.5240973427756884,0.032825384265747444
0.4143991829704636,0.5462561126675065,0.03934470436202996
0.46747897913165026,0.48287028731826676,0.049650733550083044
0.4780323383884198,0.4803000253490895,0.041667636262490634
0.4330578926907614,0.5290035670900426,0.0379385402191961
0.43315314509860803,0.5300594580238013,0.036787396877590584
0.2176434148989078,0.07056253835534505,0.711794046745747
0.34808247429053907,0.5486687341943272,0.10324879151513368
0.43990060997807207,0.5256315853443198,0.03446780467760806
0.42292494319944995,0.5346247357495958,0.04245032105095408
0.47652465844052144,0.49583273422213114,0.02764260733734728
0.4570610197566495,0.5010621036133173,0.0418768766300334
0.44402025100363246,0.5301882404474266,0.025791508548940786
0.4301142276264604,0.5329646295682596,0.03692114280527988
0.5735807870238422,0.3854167719516573,0.04100244102450033
0.585974230967337,0.3820709459504814,0.031954823082181796
0.529051451238915,0.43811922422592725,0.03282932453515766
0.4445495839036042,0.5229579790691434,0.03249243702725222
0.4314772531659806,0.5320428021715882,0.03647994466243112
0.44380035648187827,0.519545237460575,0.03665440605754666
0.4427881301666131,0.5187662793822194,0.03844559045116753
0.5311752389948795,0.44664744680777185,0.022177314197348648
0.5326163064397396,0.4346791114492504,0.032704582111010155
0.43407080778467416,0.5301550927098043,0.03577409950552144
0.4535741504740323,0.5115790693785569,0.03484678014741101
0.46003330068653586,0.5004468451863989,0.039519854127065296
0.4020334056397225,0.5458199956253458,0.052146598734931396
0.40596381861878167,0.5548084821795924,0.03922769920162566
0.42265191894407966,0.54128161036478,0.03606647069114025
0.4129033260640846,0.5452956924615087,0.041800981474406876
0.4477336214468931,0.5145233450358361,0.037743033517270846
0.5028235600651626,0.46254056126668996,0.034635878668147616
0.43608000532468233,0.521171980860056,0.042748013815261686
0.47169788152571107,0.4978387490598013,0.030463369414487445
0.4706629954324385,0.4927637923542319,0.03657321221332982
0.4406230263155672,0.5251772816925854,0.03419969199184745
0.4711918243600318,0.48599510366616994,0.04281307197379839
0.43523988303550926,0.5249789128076298,0.039781204156861046
0.45106733212046013,0.5077616840774611,0.04117098380207861
0.4091196187400143,0.5540375190645466,0.03684286219543931
0.44191831508451707,0.5224333877759623,0.03564829713952077
0.4359640249431408,0.5277630616060918,0.0362729134507676
0.46182414280793066,0.49782539115746666,0.040350466034602565
0.4146843193846687,0.5459712975829614,0.03934438303236985
0.4399486717355243,0.5255592479021176,0.03449208036235799
0.436398459843953,0.5184305219841291,0.045171018171918
0.4088392541585101,0.5523021399712329,0.038858605870256795
0.4664167370561185,0.49293905406536437,0.04064420887851713
0.441648407883273,0.5299913066228854,0.028360285493841703
0.4863156735711268,0.475209704038224,0.038474622390648965
0.4348402205321694,0.5295481203908207,0.0356116590770099
0.43170962139655233,0.5304858047270394,0.03780457387640834
0.42033530765770555,0.5389463933074129,0.04071829903488148
0.42040040897961967,0.5392217704003176,0.04037782062006272
0.38961487740567396,0.571918547080659,0.038466575513667216
0.45791257556297255,0.5008425426980914,0.04124488173893599
0.44152764581232706,0.530131264951432,0.02834108923624094
0.460851585984165,0.49813351775230663,0.041014896263528264
0.4270432787662132,0.5400344745949477,0.03292224663883906
0.42280663775955496,0.5283583873875866,0.04883497485285835
0.470985728932206,0.5032343977012406,0.025779873366553473
0.4267143040752237,0.538632577929383,0.0346531179953933
0.5443228122038151,0.399456994622486,0.056220193173698724
0.4220886786369643,0.540981239769614,0.03693008159342185
0.4626255669498928,0.4991928646539149,0.038181568396192425
0.4568526709950739,0.5147277921727585,0.02841953683216758
0.46816106706872884,0.49505061713974396,0.03678831579152735
0.4741367285972618,0.4850841962888732,0.04077907511386491
0.42567352750484966,0.5346971780192871,0.03962929447586328
0.45889004807505696,0.5065779421462506,0.03453200977869258
0.39720118712269276,0.5701509215181844,0.032647891359122876
0.3850197931028824,0.5747553577935515,0.04022484910356594
0.497999952498434,0.46375630434515186,0.0382437431564144
0.4242998585242329,0.534871962093634,0.04082817938213284
0.4077802865429571,0.5477928967648865,0.044426816692156305
0.459532114148192,0.5107286240405461,0.02973926181126161
0.41909348780762007,0.5425431817631555,0.03836333042922444
0.4399173064069906,0.5207073217922077,0.039375371800801584
0.441302223705393,0.23891282740033232,0.31978494889427445
0.4454072520729101,0.5166258905422432,0.03796685738484657
0.48337070832847356,0.4768117496263107,0.039817542045215565
0.469404888445376,0.490773779567681,0.03982133198694315
0.4120313478058817,0.5304886500172654,0.057480002176852944
0.6109793252267481,0.36482144652198445,0.024199228251267527
0.45931973586508296,0.5014325211964371,0.03924774293848009
0.45855043399422796,0.4283713609112428,0.1130782050945292
0.5670464163272709,0.387332391775472,0.045621191897256885
0.4111223738671092,0.5528840027934209,0.03599362333947007
0.45589434331244605,0.4971097726184084,0.04699588406914562
0.518056692740389,0.430637054316873,0.05130625294273786
0.5165016012709718,0.4439158313824346,0.03958256734659336
0.4095357669116697,0.5649253378489286,0.025538895239401952
0.541559159822981,0.42351396132415214,0.03492687885286707
0.3920140133648659,0.5726194889019904,0.035366497733143584
0.3929272043208531,0.5703306475522056,0.03674214812694107
0.6025726518636837,0.35266516665805475,0.04476218147826163
0.4187682780726012,0.5407447487065831,0.040486973220815764
0.4277693295126392,0.5320859417029696,0.040144728784391175
0.4111310374246485,0.5557449086358615,0.03312405393948991
0.4717300791584391,0.501164792352102,0.027105128489458837
0.45255778045489553,0.5056429414091133,0.0417992781359913
0.5081618557296075,0.46096064715360957,0.030877497116782896
0.4691826434099195,0.4916665897356921,0.03915076685438836
0.38247467966681364,0.5405457930873682,0.07697952724581822
0.4998433015002373,0.45886362561779526,0.041293072881967444
0.5164835734241446,0.445742636752238,0.0377737898236176
0.4703806435142612,0.47345443115395747,0.056164925331781475
0.4299636642668137,0.5299875816810601,0.04004875405212626
0.4372108811510989,0.518764637095156,0.044024481753745
0.4287721164556032,0.5356949785825875,0.03553290496180923
0.4432702751949437,0.5210970655833015,0.03563265922175493
0.4157298387566362,0.5437873087536734,0.040482852489690226
0.44318499276259643,0.5202012754998258,0.03661373173757757
0.4357363168084879,0.5280675759593819,0.03619610723213035
0.4355662585288733,0.5562144966672319,0.008219244803894795
0.45099611184464466,0.48622177670550343,0.06278211144985188
0.5116485605778337,0.4543436058726066,0.03400783354955985
0.5716862297785522,0.39665138855388504,0.03166238166756265
0.4630339415687222,0.5032272660891173,0.033738792342160456
0.40119340966696876,0.5589013237584919,0.039905266574539335
0.40942089265559767,0.5491227855059817,0.04145632183842068
0.5097894094535026,0.45754803877026834,0.03266255177622907
0.48380430551764003,0.47476411435611665,0.04143158012624327
0.4228502473882688,0.5410572514030518,0.03609250120867925
0.4556937075333016,0.5152418833485551,0.029064409118143175
0.4324348382110313,0.5383963521114581,0.0291688096775107
0.4866466070928594,0.33508530754008453,0.17826808536705618
0.5186852567767393,0.4412083412930656,0.040106401930195094
0.5331809067244698,0.4105381832558724,0.05628091001965782
0.44357736197215014,0.5192824777590387,0.03714016026881121
0.4583476438768716,0.5047437033459696,0.036908652777158844
0.4063274627051696,0.5603781205914365,0.03329441670339389
0.41694512606353046,0.5427770234256146,0.04027785051085486
0.5269325045566713,0.44477991959670626,0.02828757584662236
0.441466089668808,0.5277987083356256,0.030735201995566466
0.46933664273867487,0.4881869981163934,0.04247635914493174
0.43321838502333126,0.5291436693274254,0.037637945649243186
0.5489160128084023,0.4120238368094342,0.0390601503821632
0.494050423421414,0.46528471984629893,0.040664856732287126
0.38774594584656374,0.5619722907401864,0.050281763413250094
0.44698967293251063,0.5146659579396214,0.03834436912786781
0.42928391795992643,0.5370076157680536,0.03370846627202012
0.36140735664360524,0.5995792596783063,0.03901338367808855
0.45935174499407766,0.5012001713564881,0.03944808364943435
0.4504832760817888,0.5171359088516025,0.03238081506660875
0.5194314915385411,0.4401879973964352,0.040380511065023744
0.42329337955179386,0.5389933717220711,0.03771324872613525
0.42177549265521264,0.5444898421105862,0.03373466523420122
0.4240690407638525,0.5373009658927732,0.03862999334337445
0.42558338899345577,0.5269382690974842,0.04747834190906002
0.43502549918636013,0.526203835725649,0.03877066508799074
0.4250484714271353,0.5364461076912027,0.03850542088166187
0.4103389911205179,0.5478997837858339,0.041761225093648185
0.40682505479404873,0.5555946444892946,0.03758030071665631
0.4451511325747662,0.5145454388755117,0.04030342854972212
0.4303592441109513,0.5291365579182246,0.04050419797082429
0.5104442268915749,0.45485217069855766,0.03470360240986747
0.4140840726555737,0.5515489382949097,0.03436698904951653
0.5114105928339095,0.45826580744880546,0.030323599717284936
0.43935330228325625,0.525950246616846,0.03469645109989794
0.51761364274288,0.4498022529087026,0.03258410434841744
0.39092848605745556,0.5861892288776995,0.022882285064844916
0.5927857931673883,0.3772443289606897,0.02996987787192176
0.49831598012442874,0.4663972143150212,0.03528680556055013
0.4262905292237998,0.5337228997329463,0.039986571043254045
0.4324231000192479,0.5421944868716645,0.025382413109087395
0.4657977584650569,0.49764462872403314,0.036557612810909995
0.4265908831216265,0.5354211946425723,0.03798792223580125
0.41668193001422316,0.5628951505095003,0.02042291947627667
0.453196972260186,0.514832151981021,0.03197087575879281
0.5184865168265648,0.4402487826543635,0.041264700519071745
0.5507936943632924,0.4067893232071582,0.04241698242954933
0.4653500278776612,0.4935856029002195,0.04106436922211915
0.4670548255770397,0.4919648921286485,0.04098028229431181
0.4222138145587201,0.5505956799743884,0.027190505466891363
0.42843791320360897,0.5302646174572675,0.04129746933912363
0.4306892594994663,0.5293304155825796,0.03998032491795428
0.44094158704017045,0.5201651693081338,0.038893243651695705
0.43314642121771446,0.5367822739887149,0.03007130479357075
0.466702420602648,0.4965617374032327,0.03673584199411907
0.6904200146642656,0.2542577229695858,0.05532226236614886
0.5186350647984098,0.4425950192906016,0.03876991591098846
0.47712221784220277,0.48541029470364055,0.03746748745415671
0.49075911307279146,0.46503618069927105,0.044204706227937575
0.47850681466975525,0.48150962150826065,0.03998356382198402
0.47087629368264516,0.4890813800730851,0.040042326244269656
0.44324569372395817,0.5198040868635744,0.03695021941246747
0.4380601975246596,0.5335046196223342,0.028435182853006044
0.46510346416219656,0.4969698616376953,0.03792667420010805
0.5086686867358537,0.45841114404557814,0.03292016921856808
0.4228523671853006,0.5407916468322319,0.03635598598246761
0.4140611026518205,0.5467154767214834,0.03922342062669588
0.4145037994133658,0.5455051172553743,0.039991083331259634
0.4400138441860281,0.5187001409251241,0.041286014888847755
0.4749621165675358,0.49206799807865526,0.032969885353808966
0.469893571488219,0.4897173562316521,0.04038907228012896
0.4460695093832625,0.516643191635469,0.0372872989812685
0.4401397306567253,0.5244031646584822,0.03545710468479238
0.4425760203290647,0.5247293527052967,0.03269462696563832
0.4231373687344189,0.5556279665025861,0.021234664762995042
0.4640039650436259,0.504475686194109,0.03152034876226476
0.4947875127583401,0.4751718751531444,0.030040612088515547
0.414087207946433,0.5496601658481249,0.03625262620544212
0.42057607868969554,0.538893461335192,0.0405304599751127
0.4516727110036857,0.506924757910686,0.04140253108562816
0.49094254013000077,0.4819506881259813,0.02710677174401778
0.5671821831054754,0.37539977424026666,0.05741804265425789
0.5318534992384626,0.43295305245471105,0.035193448306826365
0.5107277469986627,0.4504102105206752,0.03886204248066223
0.4119751313175161,0.5468717667178191,0.0411531019646649
0.41869381555326857,0.5366033686632332,0.044702815783498245
0.4177193320611092,0.5451581974918536,0.03712247044703749
0.4430570965172153,0.5175772422020101,0.039365661280774636
0.4639461097171774,0.49293103019282125,0.04312286009000151
0.4541699234762884,0.5047143800341267,0.04111569648958507
0.43004690811247515,0.5297609980051114,0.04019209388241319
0.39582859886940797,0.555432718271876,0.048738682858716
0.44012100914455365,0.5230840360897524,0.03679495476569364
0.5196418562917241,0.4385472899368318,0.041810853771444244
0.4388077288584373,0.5214057611460955,0.039786509995467324
0.412198222087222,0.560045620171968,0.027756157740809972
0.400225442534647,0.5604033066054442,0.03937125085990872
0.4661706575035669,0.5124867179826693,0.021342624513763953
0.5203303818710485,0.44244984788893804,0.03721977024001342
0.42901934379915807,0.5385645751061338,0.03241608109470792
0.44576963351464693,0.5255063794318661,0.028723987053486916
0.3850757525662191,0.5741352121871213,0.04078903524665979
0.4329148439194877,0.528843970913811,0.038241185166701545
0.46793753060124527,0.49176893085940626,0.040293538539348375
0.42122119521820206,0.5500093442166698,0.028769460565128153
0.41812513996858014,0.5382365012834056,0.04363835874801402
0.4194310182838067,0.5390410217409772,0.0415279599752161
0.5165078830855054,0.44756641857895246,0.035925698335541864
0.4307748476254739,0.5323107911756806,0.036914361198845405
0.4191015756084144,0.5392692051861583,0.041629219205427656
0.45692461756955144,0.5034158595209316,0.039659522909516944
0.4875919331245009,0.4750130364576523,0.03739503041784666
0.5057878058822017,0.4556643478826743,0.03854784623512388
0.4674202332816662,0.4898478185109584,0.042731948207375456
0.5207590894270547,0.444098410460805,0.03514250011214048
0.4843777573727146,0.48727702953688357,0.028345213090401857
0.4035751299944303,0.5649206517473169,0.031504218258252906
0.5004677100864683,0.4647172825704043,0.034815007343127334
0.4378974973814807,0.5215513203098803,0.04055118230863905
0.39426555918680517,0.5673448348041025,0.03838960600909239
0.4528688605966784,0.5133787013740823,0.03375243802923927
0.4316255829792422,0.5298127872827783,0.038561629737979504
0.450668154478792,0.5176375800748364,0.03169426544637194
0.4171771711795498,0.5485923581220781,0.034230470698372394
0.41769885284765,0.5406929090012192,0.04160823815113095
0.42843626476574975,0.5350489416956725,0.03651479353857778
0.4582431054540038,0.5166766865568758,0.025080207989120494
0.42237709328132317,0.5396913649261732,0.03793154179250375
0.416033335068746,0.5452899868274926,0.03867667810376169
0.45521610278785035,0.5060265854718129,0.03875731174033684
0.43269181178201926,0.5267717407016224,0.04053644751635837
0.4276375700480138,0.5335799979886835,0.038782431963302645
0.42716343285272657,0.5288557167496725,0.04398085039760114
0.44224351176794546,0.48715267756860436,0.07060381066344981
0.39671104127951423,0.5509888077557543,0.052300150964731576
0.49672910676025406,0.4635739089067978,0.039696984332947854
0.512154848857817,0.44257205679573103,0.045273094346451846
0.5028039186987038,0.45865633600493544,0.03853974529636082
0.46005881660585024,0.505306367601355,0.034634815792794926
0.4320950130283747,0.5334030068413536,0.03450198013027186
0.4994164967597926,0.4599030001957432,0.04068050304446449
0.4455776634567081,0.5177797940013218,0.03664254254197012
0.4493111345299123,0.5231827746352842,0.027506090834803723
0.41695216591040213,0.5478602328304719,0.03518760125912594
0.46051049069495514,0.507923676307149,0.03156583299789579
0.4322502324721843,0.53538268915435,0.03236707837346545
0.48722293062019517,0.4769758436283376,0.03580122575146723
0.4151519401887028,0.5566154567314594,0.02823260307983774
0.47110188293014277,0.5023695221822904,0.026528594887566842
0.4612979374077087,0.5012597834223003,0.03744227916999115
0.5100508839517764,0.4608856006364616,0.02906351541176203
0.4297035166580615,0.5338887510834028,0.03640773225853579
0.4743872800139748,0.48638536920668396,0.03922735077934112
0.4212538105557513,0.5593756620648637,0.019370527379385032
0.4189347333566453,0.5452455214394135,0.03581974520394122
0.4354367859098893,0.5254709870382084,0.03909222705190207
0.5521734044229865,0.4140180092223359,0.033808586354677914
0.4510915722392258,0.5039007084397548,0.045007719321019456
0.40860333473100335,0.5588604095322344,0.032536255736762394
0.4808326949416969,0.48601435039721824,0.03315295466108462
0.5037787446975184,0.4647203708076712,0.03150088449481037
0.4404502858289753,0.5284103447763405,0.031139369394684053
0.39681002294309664,0.5611650302329715,0.04202494682393189
0.450652978967785,0.5161349401007588,0.03321208093145632
0.4374330358559755,0.5501818110138673,0.0123851531301574
0.43359464073964177,0.5290259902427655,0.03737936901759268
0.453941331848012,0.5060992096167918,0.03995945853519629
0.4134764432652968,0.5459543043893872,0.04056925234531577
0.45802967422061136,0.5196875494432863,0.022282776336102268
0.4792572675902534,0.48604855207838965,0.034694180331357204
0.44018388430818883,0.5179384225434726,0.04187769314833861
0.4394199471344669,0.5187964350138438,0.041783617851689
0.41026321771676066,0.548125072688983,0.04161170959425621
0.4771247566746985,0.49968796423212025,0.023187279093181277
0.5123358095531841,0.4506975828400863,0.036966607606729644
0.4401243025314657,0.5234430022279692,0.03643269524056499
0.4382708009860897,0.5230321337029357,0.03869706531097457
0.47272627461287725,0.4940803292757789,0.03319339611134367
0.5030585424685092,0.45455541900862123,0.04238603852286962
0.4436855576716828,0.5250421317731521,0.031272310555165106
0.49809214377762573,0.46785545561234176,0.03405240061003257
0.43188930046890395,0.516116571820394,0.05199412771070202
0.4338139353002849,0.5295819819127586,0.03660408278695643
0.5245569624965503,0.44093226690478127,0.03451077059866852
0.5682107141665421,0.41090639551325725,0.02088289032020075
0.42277546018026324,0.538632512083012,0.03859202773672478
0.38107142560428064,0.5580391071386531,0.060889467257066364
0.4896817490592044,0.4719835816194158,0.03833466932137988
0.4379686260366303,0.5244410916486021,0.03759028231476764
0.5386559227946216,0.4201372169701918,0.041206860235186556
0.41031628642301465,0.5559230353210253,0.03376067825596012
0.4222901927786844,0.5274722477277378,0.0502375594935777
0.5304146044416013,0.44193215824881504,0.02765323730958343
0.5144668705812249,0.42980600426923576,0.05572712514953948
0.4177608776484524,0.5565727000468076,0.025666422304739842
0.4115609157117254,0.5557547704614776,0.0326843138267972
0.4830626610772095,0.4831572761023315,0.03378006282045879
0.4425081591406862,0.5213014577181535,0.03619038314116009
0.4382675277678658,0.5299836264748355,0.031748845757298784
0.4985543208029609,0.46090880037519893,0.04053687882183985
0.45113400069538817,0.5082682464222964,0.040597752882315485
0.4516216088959886,0.5152233548723583,0.03315503623165315
0.4330381054531619,0.5315287028879208,0.035433191658917534
0.4341402553925452,0.5314736329043055,0.03438611170314941
0.4527384860793176,0.5177302397561834,0.0295312741644992
0.44927254829762686,0.5134385075953843,0.03728894410698885
0.4897602133044026,0.4728556574547681,0.03738412924082943
0.515007819588796,0.4450928279427604,0.039899352468443575
0.42758722451069214,0.537692196274065,0.034720579215242825
0.44040069574651086,0.5299047311303622,0.02969457312312673
0.4722781164685928,0.4862437221789563,0.041478161352450776
0.42797390782807887,0.5366646027380086,0.035361489433912374
0.42615140722847233,0.539369692256995,0.03447890051453236
0.4218231290888533,0.5637945434999411,0.014382327411205435
0.5723250329519652,0.4051998354118295,0.022475131636205035
0.5026366603510056,0.46364650489530895,0.03371683475368551
0.4910234707938653,0.3659312552091558,0.14304527399697872
0.41793266479140756,0.5423453587450846,0.03972197646350785
0.4963655058642312,0.46287434632447133,0.04076014781129756
0.517771717265132,0.4401760295771275,0.042052253157740374
0.4397073000679625,0.5218329079478428,0.0384597919841947
0.43524117538543916,0.5261028290380083,0.03865599557655234
0.4338246408578153,0.527583642366055,0.03859171677612968
0.42177210075141386,0.5440342623340124,0.03419363691457361
0.3960045558230465,0.565079678037264,0.03891576613968946
0.4283366301246469,0.5359885612508014,0.03567480862455149
0.4012558415941198,0.5750055709361312,0.023738587469748818
0.40128652864487707,0.5617821263598264,0.03693134499529662
0.4114261578285502,0.5483771953288678,0.04019664684258197
0.40874929992011216,0.5608042073371253,0.030446492742762617
0.4565303417252413,0.5057244056419421,0.037745252632816396
0.45564952616937426,0.504558155444469,0.03979231838615696
0.4862724472459274,0.4997346918497445,0.013992860904328037
0.46301468589950023,0.49882638348276814,0.038158930617731505
0.46529712798942197,0.4859646170524615,0.048738254958116456
0.4338678036377221,0.5115807694101099,0.05455142695216821
0.47280663347375596,0.4944311486292682,0.032762217896975816
0.4565846082301739,0.5316186121106002,0.011796779659225758
0.4236815396133804,0.5366485973497543,0.03966986303686531
0.44029142494256307,0.5260436207230198,0.033664954334416984
0.41375931262624294,0.5455926421239036,0.04064804524985368
0.4728020177503857,0.4865782758520912,0.040619706397523124
0.42774667983259235,0.531021708725544,0.04123161144186384
0.4454129658397824,0.5160226927784936,0.038564341381724085
0.4432078816038609,0.5159403230048263,0.04085179539131284
0.4699090135947827,0.4900345748786985,0.04005641152651863
0.40481955657314006,0.5557366440101013,0.039443799416758414
0.4910513699883732,0.46167959228519545,0.047269037726431075
0.42332814570429217,0.53685177275343,0.039820081542277924
0.4364581093818821,0.5220757809473291,0.0414661096707888
0.4301288322425586,0.5299369290536506,0.03993423870379097
0.46092346942716883,0.49893474766420937,0.04014178290862174
0.4622639696733193,0.49646237519823533,0.041273655128445295
0.4242021880201959,0.5684192018984994,0.007378610081304969
0.44490273232388916,0.5252415666423137,0.02985570103379698
0.43842541363154997,0.5336348057960408,0.02793978057240914
0.4275371441901871,0.5311596474930632,0.041303208316749364
0.46298740415470874,0.5004274958793095,0.03658509996598165
0.4645976230196732,0.49534411797069816,0.0400582590096287
0.4514008632698245,0.5106378100707484,0.037961326659426954
0.4193099184504264,0.5450635913834242,0.03562649016614971
0.44495018332922226,0.5261343279230801,0.028915488747697587
0.4055518929072304,0.5606313964916598,0.033816710601109794
0.41314292336753167,0.5582921631259555,0.02856491350651265
0.4039202411470437,0.5606916955240829,0.03538806332887341
0.47361272548196526,0.5001188565425293,0.02626841797550557
0.36025537312260725,0.5997553667209542,0.03998926015643863
0.41020414441605496,0.5595738492259725,0.03022200635797259
0.4307689944471811,0.5341069157622068,0.03512408979061215
0.4181345983442764,0.5422612310903651,0.03960417056535858
0.43488341700746463,0.5300554378144601,0.035061145178075306
0.47553721666374904,0.3494544760537624,0.1750083072824883
0.43089040511398263,0.5457125964326709,0.02339699845334652
0.48720470275838607,0.4796615314532193,0.0331337657883946
0.4874724968070608,0.46835072317243415,0.04417678002050509
0.42268780561410296,0.5366495282255952,0.0406626661603017
0.4346363916755725,0.5290340499378824,0.036329558386545155
0.47026839743448884,0.49583658826126775,0.033895014304243215
0.44202417873209066,0.5081436288973957,0.04983219237051373
0.4510316610204499,0.4874831184437328,0.06148522053581737
0.4985799876679886,0.45587033029901575,0.04554968203299562
0.5179339003690414,0.4411960687375691,0.0408700308933894
0.40153797710026334,0.5588812197736983,0.03958080312603849
0.4133826569064324,0.5474783427754193,0.03913900031814837
0.4609928657419494,0.4992797799803881,0.039727354277662476
0.41825458314100533,0.5552465205272266,0.026498896331767954
0.44783338216946406,0.5150013963893029,0.03716522144123295
0.4497615971147784,0.5087349810746615,0.04150342181055984
0.4494045156216495,0.5153355134994597,0.0352599708788907
0.4061531673057833,0.5535439326661747,0.040302900028042064
0.4983931577901586,0.47349308731369133,0.02811375489615023
0.5130522535856832,0.4507386573602376,0.03620908905407913
0.5178300365868176,0.44126772695957517,0.04090223645360724
0.5455417787018196,0.41710569142952053,0.03735252986865978
0.4375847482992198,0.5194316938130579,0.042983557887722276
0.4224183329855966,0.5428198884450957,0.03476177856930772
0.39265698376778196,0.5709140635151388,0.036428952717079015
0.4481306393358747,0.5208432370611235,0.031026123603001873
0.45886188244030995,0.5097390471123786,0.031399070447311134
0.5018759825266079,0.43059481246752346,0.06752920500586847
0.4247259978289666,0.5367884700328031,0.03848553213823032
0.4357008918220769,0.5293752694737618,0.0349238387041614
0.4749374474520555,0.48776628273117234,0.03729626981677226
0.5345941598239272,0.43024285865814715,0.035162981517925906
0.503739849944567,0.45663813256102803,0.039622017494404936
0.5188019158554937,0.442445308424063,0.038752775720443236
0.4908847909918431,0.4721418691584125,0.03697333984974447
0.5182194438377852,0.4433996646779866,0.03838089148422813
0.48512342555930077,0.4793489308954135,0.03552764354528566
0.4938192900740737,0.4716545716776479,0.03452613824827841
0.41072248552530244,0.5492598897650848,0.04001762470961273
0.4017017831437877,0.5598057101641232,0.03849250669208901
0.40622765711827297,0.5559088361751712,0.03786350670655601
0.4589650197528495,0.514075722546586,0.026959257700564555
0.46470166688852377,0.4942625040739701,0.041035829037506036
0.4060164197549741,0.5522453860771592,0.041738194167866394
0.4584913237618734,0.5093826733124118,0.03212600292571488
0.4159950987431337,0.5307614409459834,0.05324346031088305
0.4220157278433901,0.537381867077711,0.04060240507889905
0.46075761326240106,0.5139373176160652,0.02530506912153344
0.41843783191788786,0.5393728056923655,0.04218936238974648
0.5048729197811955,0.4561176106871776,0.03900946953162688
0.4378613465030045,0.5225154022129026,0.03962325128409273
0.43150414084921274,0.5296081491913363,0.038887709959450824
0.5040937644019471,0.45719688761824906,0.03870934797980402
0.45943691049589985,0.5019286821460301,0.03863440735807001
0.5220512708435033,0.4051775461853582,0.07277118297113874
0.48509504445693596,0.4680248063065013,0.04688014923656246
0.4993055947779495,0.46191627095193954,0.038778134270111106
0.4165469976674819,0.5439283314113126,0.039524670921205464
0.43087945754880225,0.5425148883645221,0.026605654086675787
0.4348662396711241,0.5313759765615722,0.03375778376730354
0.4445314360872928,0.5150293680423081,0.04043919587039894
0.412316456073692,0.5498663768159802,0.03781716711032767
0.4682402853517088,0.49284229648504374,0.03891741816324761
0.555132098712762,0.386842714274182,0.05802518701305591
0.4247867401218485,0.5387579126194778,0.036455347258673665
0.422785987576821,0.5386063622584684,0.03860765016471059
0.43003041844933854,0.5314325676257096,0.03853701392495197
0.4581101167896713,0.5078297939781523,0.03406008923217627
0.3974399973480759,0.551579622586021,0.05098038006590293
0.47689740429713257,0.4973690804786312,0.025733515224236163
0.4206626712649257,0.5508354545746571,0.02850187416041717
0.5512672771723871,0.4103025847094629,0.03843013811815014
0.45445117718235517,0.5232082945666545,0.02234052825099022
0.43211222468985233,0.5285120840329701,0.039375691277177584
0.48240218760409664,0.47425741233823365,0.043340400057669655
0.4318410275527533,0.5396560604020793,0.02850291204516731
0.3725463957590542,0.4941101338887664,0.13334347035217956
0.5646423750604239,0.3898193805852538,0.0455382443543223
0.5206650459337335,0.3828565904335268,0.09647836363273977
0.4216781939540688,0.5437655580371432,0.034556248008787836
0.5064866268000585,0.4572613562156236,0.03625201698431799
0.4641072964908057,0.49512232349801755,0.04077038001117678
0.45503791218067813,0.5137827117629565,0.03117937605636519
0.44659518791601244,0.5193538539998063,0.03405095808418136
0.4294860216345317,0.5324460878635267,0.03806789050194163
0.41199748565835864,0.5451248529093872,0.04287766143225423
0.47485066188046715,0.35166847872755225,0.1734808593919806
0.46883575846533304,0.48915098460550677,0.042013256929160074
0.4447425532299172,0.5129666094095617,0.04229083736052099
0.42943238961664054,0.5289214430646764,0.04164616731868326
0.3458217792043057,0.5215618747709523,0.13261634602474173
0.4495963314617285,0.5121239782897065,0.03827969024856497
0.4798625358937296,0.4935222330275431,0.02661523107872713
0.4278376657872761,0.5379352515738871,0.0342270826388367
0.44129572349404433,0.519626201088019,0.03907807541793658
0.5012565213617,0.46292318497919616,0.03582029365910363
0.49161267471054704,0.4699336196193483,0.038453705670104525
0.4402189085058831,0.5198068240861731,0.039974267407943756
0.4219709885406505,0.5411191671174299,0.036909844341919594
0.5107095926365453,0.44940030605491027,0.03989010130854435
0.4890391958811251,0.4842697550085185,0.026691049110356607
0.44387720133969333,0.5169534107957174,0.03916938786458916
0.428837316931425,0.5406105858432237,0.030552097225351155
0.6398210758775429,0.32436728621456284,0.035811637907894156
0.13932347656911376,0.41950366354969004,0.441172859881196
0.4527667942103575,0.5151578217039987,0.03207538408564404
0.4097953374726232,0.5478538802532142,0.04235078227416232
0.43332607810177565,0.5316456692858361,0.03502825261238839
0.46715197457401714,0.4970823945760912,0.03576563084989162
0.43101596439734,0.5316631234569097,0.03732091214575005
0.4359980431907199,0.526351284778363,0.037650672030917084
0.5168119994336698,0.4386779769624668,0.044510023603863094
0.48831531192934524,0.41222924130651395,0.09945544676414073
0.44395389050679646,0.5185003297944555,0.037545779698747984
0.536197920438261,0.4269964229846919,0.036805656577046986
0.416181168272617,0.5479294631546723,0.0358893685727106
0.43505135481627677,0.5245342247576655,0.04041442042605751
0.42328044959988215,0.5400244815614937,0.03669506883862407
