0,1,2
0.4570429845838478,0.5021599117152084,0.040797103700943756
0.4572726463981728,0.5020107974755051,0.040716556126322107
0.4570623734820392,0.5021125340020516,0.04082509251590919
0.45720911711231726,0.5019142812013025,0.04087660168638006
0.4571639040816163,0.5021362861441995,0.040699809774184435
0.4568649459413749,0.5022386265145844,0.04089642754404084
0.4555447390771032,0.5039161622110094,0.040539098711887406
0.4572632291310119,0.50202865732618,0.04070811354280832
0.4570388455676085,0.5021857025569347,0.04077545187545673
0.45727346797014307,0.5019693449247742,0.04075718710508295
0.45704570968670455,0.5022003293024119,0.04075396101088366
0.4568685637607341,0.5022375481275423,0.04089388811172365
0.4570879659513603,0.5020400915499937,0.04087194249864574
0.45716807037310075,0.5020985492409323,0.04073338038596688
0.45716761564393066,0.5018874318952878,0.04094495246078143
0.4572513541713255,0.5019621522497281,0.04078649357894635
0.45722596407376187,0.5019357886358597,0.04083824729037859
0.45719911839530714,0.5020790417247598,0.040721839879932796
0.45727451178428097,0.5020391661242047,0.040686322091514446
0.4572341980125845,0.5020535070831637,0.04071229490425175
0.4572784366928129,0.5019900270833597,0.04073153622382738
0.45720298892251104,0.5020764513319688,0.0407205597455199
0.457003660257965,0.5021833984570004,0.04081294128503456
0.4568676831703108,0.5022378143972525,0.040894502432436704
0.45726776941772207,0.5019818688408524,0.04075036174142547
0.4569038872460342,0.5023084643168493,0.04078764843711661
0.45683086329435574,0.5022228439504598,0.04094629275518457
0.4571947740138102,0.5020819004336219,0.04072332555256785
0.4572447726513421,0.5019549123890049,0.04080031495965277
0.4571352463135057,0.5018680551738844,0.040996698512609744
0.4571869558503777,0.5019012643384717,0.040911779811150566
0.4571451048327959,0.5018766130862923,0.040978282080911775
0.4572726148678836,0.5019677585552439,0.04075962657687268
0.4572769058449527,0.5019898579879447,0.04073323616710262
0.4568982072830313,0.5023108678662328,0.040790924850736016
0.4571909727728499,0.5018806691934055,0.04092835803374477
0.45704055281238976,0.5021660989705832,0.04079334821702707
0.45688734130206415,0.502231399552327,0.040881259145608896
0.45729180144724185,0.5020481572726498,0.04066004128010806
0.45713552964027804,0.5018699545654781,0.04099451579424371
0.4568580000932383,0.5021965862169805,0.040945413689781156
0.45723034208681373,0.5019846907129147,0.04078496720027135
0.4572919158451492,0.5020193401065212,0.040688744048329444
0.45720994969573175,0.5018996858384638,0.04089036446580438
0.4571711776472518,0.5019966064607811,0.04083221589196731
0.45727752721997045,0.5019803778457592,0.04074209493427038
0.4572627780265255,0.5020256892129273,0.040711532760547196
0.4571831075482679,0.5020985688257356,0.0407183236259963
0.45703879534364916,0.5021837791488789,0.04077742550747196
0.4572768944901057,0.501977881831091,0.040745223678803136
0.45724452122666814,0.5020446720514157,0.04071080672191622
0.4571435161929975,0.5018720465382105,0.04098443726879213
0.457148890204973,0.5018789915350235,0.040972118260003486
0.45719672758862706,0.5019098963237508,0.04089337608762205
0.45720117343263716,0.5018953914280607,0.04090343513930237
0.45721045684655065,0.5019022126076099,0.04088733054583943
0.4572330233461149,0.501942720359082,0.04082425629480319
0.4572981293757455,0.5020374443133863,0.040664426310868314
0.4572341671740072,0.5020535322164023,0.040712300609590545
0.4570855431720716,0.5020691950428249,0.04084526178510352
0.4572598969727352,0.5019513721711562,0.04078873085610853
0.45720174857592344,0.5020772861216833,0.04072096530239302
0.45721313739494285,0.501916727922559,0.04087013468249802
0.45723433134924685,0.5019304859316741,0.04083518271907927
0.4568840731156872,0.5022325256335961,0.04088340125071663
0.45715836537606797,0.5021454595379814,0.040696175085950734
0.4571527279926188,0.5018813407067974,0.04096593130058378
0.45716870117428143,0.5018881970931139,0.04094310173260489
0.45693507008278955,0.5021375967412781,0.04092733317593226
0.4572137448404659,0.5019539173654683,0.04083233779406583
0.4572020403137998,0.501926078765982,0.040871880920218574
0.45728179681945563,0.5020443671506514,0.04067383602989291
0.45692721589295554,0.502216370068719,0.0408564140383253
0.45713525364932894,0.501868057581695,0.04099668876897619
0.4572146531376735,0.5019597138181386,0.0408256330441876
0.45713673428455576,0.5018686264768516,0.04099463923859242
0.45712470546331635,0.502019801206006,0.04085549333067757
0.45716044864933014,0.50188594380943,0.04095360754123987
0.4568234968265883,0.5022333600448607,0.04094314312855083
0.45692571622940137,0.5021442489702581,0.04093003480034032
0.45692796661288493,0.5022160690087175,0.04085596437839734
0.45713644743120774,0.5018706865349116,0.04099286603388056
0.4571665079006885,0.5018866565529553,0.040946835546356135
0.4572052014752937,0.5019168629018684,0.040877935622837785
0.4572967751362004,0.5020314560417266,0.0406717688220729
0.45725330043026785,0.5020174150009151,0.040729284568816915
0.45725485634347,0.502034674534759,0.040710469121770905
0.45952567006489287,0.5078497550287739,0.03262457490633308
0.4572764590599637,0.501981214112981,0.04074232682705505
0.4572269718302945,0.5019749177707269,0.0407981103989786
0.4571774996654569,0.5018958253028032,0.040926675031740044
0.45698376362618065,0.5023826662600602,0.040633570113759156
0.45719189808876187,0.5018888139917186,0.0409192879195197
0.4588305153393882,0.5106229232513143,0.03054656140929747
0.4569110521311167,0.5022811901545929,0.04080775771429015
0.45707232086891714,0.5021505169763436,0.040777162154739005
0.4572159463822518,0.5019584592473411,0.040825594370407385
0.4571925225274407,0.501907141831582,0.04090033564097733
0.457002122351484,0.5020923978800717,0.04090547976844424
0.45694210565238375,0.5021326562007744,0.040925238146841875
0.4570235111524494,0.5021741940810834,0.04080229476646713
0.4571352758518454,0.5018697416792751,0.04099498246887959
0.45697614336723574,0.5021957483348171,0.04082810829794713
0.4572748578253737,0.5019722580858154,0.040752884088810906
0.45709328863855175,0.502037063967023,0.04086964739442507
0.457290873958637,0.5020172361193448,0.04069188992201835
0.45685348378119245,0.502241720354386,0.04090479586442139
0.4572485778340808,0.5020409185842244,0.040710503581694917
0.4572536722399728,0.5020376307486372,0.04070869701139019
0.45682890961579364,0.5022252186944337,0.040945871689772505
0.4572961962717644,0.5020296385346141,0.040674165193621103
0.4570097897341449,0.5021805822593404,0.04080962800651483
0.45715447867489584,0.5018786199665722,0.04096690135853189
0.45715104927944034,0.5021465646466796,0.04070238607388017
0.4570462148775622,0.5021500335566548,0.040803751565783135
0.457293882217575,0.5020236371730059,0.04068248060941892
0.4569617019504225,0.5021191564120312,0.04091914163754613
0.45722272122350016,0.5019227367195402,0.040854542056959646
0.45714577920529775,0.501873327006766,0.04098089378793614
0.4568220916275616,0.5022405807030266,0.04093732766941181
0.4570274312473435,0.502172347815097,0.04080022093755952
0.45718375377934656,0.501899420401794,0.04091682581885945
0.4569118718836384,0.5021542873593897,0.04093384075697166
0.45713770309486174,0.5018690553343925,0.04099324157074582
0.45729611762525846,0.5020468956716946,0.04065698670304678
0.45721419177572636,0.5019173760129958,0.04086843221127783
0.45721182520486875,0.5019101334816308,0.04087804131350051
0.456825856461303,0.5022293632500051,0.0409447802886919
0.457134491170354,0.5018690311921218,0.04099647763752431
0.4568804932723211,0.5022337346740148,0.04088577205366411
0.45719150360208216,0.5018702381899965,0.040938258207921366
0.45683704599389496,0.502244735716705,0.04091821828940018
0.4568721693058357,0.5022364343263236,0.04089139636784079
0.4568245664087555,0.502231400890647,0.04094403270059771
0.457195937338821,0.5019071069142577,0.040896955746921475
0.4572784517325867,0.5019892952628807,0.040732253004532516
0.4571857912482422,0.5019005932274923,0.04091361552426567
0.4570684867347418,0.5022001092196443,0.04073140404561402
0.45720204746215537,0.5019141621207723,0.04088379041707212
0.4571357477936184,0.5018701333168808,0.040994118889500816
0.4571937801697575,0.5018665342502279,0.04093968558001467
0.45727287782978726,0.501968234302133,0.0407588878680797
0.4572246611805583,0.5019345387308071,0.040840800088634666
0.4572966859779873,0.5020463232058554,0.04065699081615743
0.4571824926957883,0.5020897361732675,0.04072777113094423
0.45713518069374437,0.501869660250928,0.04099515905532753
0.45706888165344484,0.5021999801916578,0.04073113815489732
0.4572136365343573,0.5019252101457533,0.040861153319889376
0.45725030825352747,0.5019425945664819,0.040807097179990565
0.4571877155879565,0.5020864452152513,0.04072583919679235
0.4572469197969319,0.5019705598860021,0.04078252031706585
0.4571318027520641,0.5020160593273254,0.040852137920610807
0.4568384164133672,0.5022146630876724,0.04094692049896041
0.45685594899229387,0.5021983624307854,0.040945688576920804
0.4570641369152593,0.5021089642879806,0.040826898796759936
0.45728736826851046,0.5020471450872251,0.04066548664426425
0.45703406425050686,0.5021692023107498,0.04079673343874332
0.4572981282545908,0.5020374361361032,0.04066443560930583
0.4537803521118937,0.5059409092089304,0.04027873867917588
0.45693609310113914,0.5023010056543851,0.04076290124447583
0.4571415785837922,0.5021138933049254,0.040744528111282284
0.45714175555250397,0.5018710873448237,0.0409871571026727
0.4572648274179979,0.5020303006490243,0.040704871932977824
0.45719401485583666,0.5019074780790765,0.040898507065086714
0.45713393372457906,0.5018684015975837,0.04099766467783719
0.4572157197360908,0.50192619309543,0.04085808716847912
0.4569093940874069,0.5023069450649307,0.040783660847662405
0.4571949153653059,0.501866356771085,0.0409387278636093
0.45715017355441334,0.501879782988348,0.04097004345723863
0.45720238173363204,0.5019270115056805,0.0408706067606871
0.4572809586713738,0.5020002812690488,0.040718760059577266
0.4572080133778219,0.5019136156781145,0.04087837094406371
0.45713974348273295,0.5021149225737803,0.04074533394348672
0.4571782203694526,0.5020923867789023,0.040729392851645056
0.4572547838939282,0.5020192050957788,0.04072601101029321
0.4571460602253434,0.5018734892921433,0.04098045048251337
0.4572938299612215,0.502023515949154,0.040682654089624494
0.4571803176751918,0.5019924737117749,0.04082720861303326
0.4570391825037125,0.50218903606339,0.04077178143289749
0.4571930228543262,0.5018670771239109,0.04093990002176288
0.4569052877132464,0.5023080399577964,0.04078667232895749
0.4570998329934606,0.5021845996621604,0.040715567344378985
0.45722914482727806,0.502069057855614,0.04070179731710774
0.45726566326332824,0.5020219416126305,0.04071239512404108
0.4568218778326349,0.5022391941866248,0.0409389279807402
0.45705826930983745,0.5022495328645352,0.04069219782562724
0.45712195483908,0.5021247096458402,0.04075333551507985
0.4572286420128308,0.50192661017517,0.040844747811999295
0.4569532846828845,0.5022285117445375,0.040818203572577975
0.45719091755907937,0.5018797121149123,0.04092937032600812
0.4571698098854052,0.5018889840914627,0.040941206023132067
0.4572362418870686,0.5019725204401388,0.04079123767279279
0.45729193749887437,0.5020481628560962,0.04065989964502931
0.45689977649302865,0.5023217290159842,0.040778494490987326
0.4572360088377372,0.5019936883402419,0.040770302822020967
0.4572123733020376,0.501913931769503,0.04087369492845913
0.45714850570290244,0.5018749286532054,0.04097656564389213
0.4571797144055119,0.5018970981517239,0.04092318744276431
0.4571525800240106,0.5018812510488522,0.04096616892713713
0.4571584283373579,0.5018847514765916,0.04095682018605038
0.4571402675397574,0.5018734312533055,0.04098630120693693
0.45713549498888917,0.5018699258331881,0.04099457917792247
0.45721883828544163,0.5019290589105019,0.04085210280405649
0.4568651653437898,0.5022385623195119,0.04089627233669813
0.45682756934032426,0.50224456286719,0.040927867792485535
0.45695168580561535,0.5022062937493966,0.040842020444988046
0.4572226369514983,0.5020765622705071,0.04070080077799471
0.45684075725233037,0.5022442808938269,0.04091496185384256
0.45719264387287856,0.5019045534528388,0.04090280267428292
0.4572751148671373,0.5019779150327457,0.04074697010011694
0.45719114222018414,0.5018721061854406,0.04093675159437537
0.4572662309636348,0.5019798986851318,0.04075387035123326
0.45713420961959855,0.5018678082420517,0.04099798213834955
0.45719102653338145,0.5019878638649118,0.04082110960170683
0.457240324337632,0.5019501931169773,0.04080948254539095
0.4571830098822422,0.5018989925136519,0.04091799760410568
0.45729070311189557,0.5020169000940191,0.04069239679408511
0.4568486298770453,0.5022428368961526,0.04090853322680221
0.45715125495059195,0.5018804451015758,0.040968299947832194
0.4572530984584224,0.5019641271443941,0.040782774397183426
0.45703946187896843,0.5021753002394455,0.04078523788158596
0.45727431282951014,0.5020072962811968,0.04071839088929307
0.45694959979906374,0.5022071725100091,0.040843227690927145
0.4572481068224872,0.5020413643854138,0.04071052879209919
0.4568258218090459,0.5022440806346247,0.040930097556329405
0.4572030894413039,0.502040786768451,0.040756123790245076
0.45713621903573104,0.5018684135441719,0.040995367420096955
0.45727616942615856,0.5019802717129506,0.04074355886089071
0.45719243113653985,0.5018919776334743,0.04091559122998589
0.4570204056717613,0.5020807405891342,0.040898853739104395
0.4572536205783461,0.5019647231725963,0.04078165624905752
0.45727055298629227,0.5020145838615832,0.040714863152124574
0.4572548116062838,0.5019465119094534,0.04079867648426262
0.45713626797572254,0.5018684332132588,0.040995298811018745
0.4572288167546444,0.5019385567911119,0.040832626454243716
0.45729758667880976,0.5020345097953209,0.04066790352586919
0.4570917967858476,0.5021406230711302,0.04076758014302231
0.4570687872562265,0.5022000112526052,0.04073120149116835
0.45713376906581304,0.5018680740197148,0.040998156914472006
0.45728664061559,0.5020468599300209,0.04066649945438936
0.45724955198704714,0.5019601373550853,0.040790310657867715
0.4575953301370042,0.5029361244385836,0.03946854542441222
0.4571377045776523,0.5018690560142997,0.04099323940804798
0.45729673391195447,0.5020313194021924,0.04067194668585328
0.4571337668481171,0.5018680626902784,0.04099817046160454
0.4568298825489465,0.5022448843155102,0.04092523313554348
0.45718497113081846,0.501900279282383,0.04091474958679858
0.45718787693173407,0.5020863426167502,0.040725780451515675
0.45719476603967635,0.5019057870323307,0.04089944692799298
0.45683865676173635,0.5022144199491302,0.04094692328913349
0.4572179624297374,0.5019624762062781,0.04081956136398449
0.45715546856778083,0.5018829902414587,0.04096154119076062
0.4569315497304795,0.5023020335029634,0.04076641676655714
0.45713426596415185,0.5018678135711141,0.040997920464734015
0.45728004037623077,0.5019988875823389,0.04072107204143028
0.4571680382576193,0.5021316912578926,0.04070027048448798
0.45716694171130323,0.5018869595229305,0.04094609876576626
0.4572277121971813,0.5019259920426768,0.04084629576014204
0.457088468392585,0.5021912158721781,0.040720315735236906
0.4572360534052474,0.5019316946909002,0.04083225190385238
0.45720502868625484,0.5020329174792134,0.040762053834531756
0.4571338820822854,0.5018678381110294,0.04099827980668528
0.45726973835058016,0.5019727221776508,0.04075753947176895
0.4569007164373925,0.5023226525173206,0.04077663104528693
0.4571341378817997,0.5018686592012387,0.04099720291696165
0.4572885347441917,0.5020128155950484,0.0406986496607601
0.4571738771171171,0.5018919175900673,0.040934205292815364
0.4571968098221681,0.5019101788064132,0.040893011371418694
0.45729236714782484,0.5020202842023623,0.040687348649812896
0.45691162351607306,0.5023064082201306,0.0407819682637965
0.43942371269516467,0.521169158813608,0.039407128491227524
0.457290644740517,0.5020167858217176,0.04069256943776526
0.4572055340366815,0.5020307392425774,0.04076372672074128
0.4569518331897927,0.5022062315317735,0.040841935278433855
0.45726058094951366,0.5019729008840486,0.040766518166437844
0.457054638177875,0.5022026225694071,0.040742739252717874
0.4572104429612261,0.5019150840509677,0.040874472987805895
0.4572060783221808,0.5019176215352013,0.04087630014261815
0.45717736405099646,0.5018944895607642,0.040928146388238835
0.4572435311678812,0.5019371830659973,0.04081928576612158
0.45727106995990807,0.5019862018197226,0.040742728220369
0.4572187828255798,0.5018719754164582,0.040909241757961845
0.45693919102966096,0.5022115042705938,0.040849304699745244
0.4569089368759992,0.5022235157120453,0.04086754741195578
0.4572000632262781,0.5018710428851759,0.040928893888546015
0.45715386192124957,0.5018782285147771,0.04096790956397339
0.4570588510906149,0.5021572043270289,0.040783944582356
0.4572701381406491,0.5019637208158644,0.04076614104348654
0.45719119840705275,0.5018717369107403,0.04093706468220703
0.45718992481840354,0.5019041799330862,0.040905895248510044
0.457281048653556,0.5020439043114684,0.040675047034975736
0.45684707692421495,0.5022431621975237,0.04090976087826163
0.45722569237587407,0.5019246624114959,0.0408496452126298
0.45683115392779394,0.5022449594395486,0.04092388663265739
0.4572141999913754,0.5019248134010277,0.04086098660759692
0.45727706986843886,0.5019785119267609,0.04074441820480016
0.45722801100461385,0.5019261902582803,0.04084579873710582
0.4571934739807914,0.5018971841225157,0.04090934189669271
0.45713398258517535,0.5020149229291901,0.040851094485634405
0.45713462911021635,0.5018678785718836,0.04099749231789956
0.45719054397271736,0.5019880656812943,0.040821390345988244
0.4572329802162948,0.5019426771624652,0.04082434262123992
0.45721883713611994,0.5020653353046035,0.04071582755927645
0.4571399060896396,0.5021722491791588,0.04068784473120154
0.45702239958024715,0.5021747158876229,0.040802884532130206
0.45682274925004696,0.5022350324017879,0.0409422183481651
0.4571551332998256,0.5018790378543244,0.04096582884585003
0.4561470834761626,0.5032067522614149,0.04064616426242221
0.45726389360945924,0.5020218884308779,0.04071421795966278
0.4571340163019212,0.5018678076328855,0.04099817606519339
0.45687151550519084,0.502185299366928,0.04094318512788126
0.457060538499544,0.5022021133297712,0.040737348170684806
0.4568329787924035,0.5022449764057143,0.04092204480188223
0.45726540240860936,0.502030880056559,0.04070371753483166
0.45711599527046354,0.5021279174999853,0.040756087229551166
0.4571946299144156,0.501902128366933,0.04090324171865144
0.4572276715101665,0.5019259650833334,0.04084636340650006
0.45698958068159096,0.5021005525186774,0.040909866799731784
0.45724101824902325,0.5020011175484345,0.040757864202542446
0.45726462622952596,0.5019564972120488,0.04077887655842506
0.45699655246038634,0.5020960034286066,0.040907444111006795
0.4572398044862755,0.5019993607146864,0.040760834799037846
0.45723865141992537,0.5019335544685821,0.04082779411149258
0.4572493131623015,0.5019417674608604,0.040808919376838095
0.45728315585698437,0.50200370874508,0.04071313539793568
0.457276253167204,0.5019805231681077,0.04074322366468862
0.45686957894093405,0.5022372382834788,0.04089318277558753
0.4572518675039594,0.5019439169032365,0.04080421559280403
0.4571100675951519,0.5020283136241955,0.0408616187806525
0.4569948281638438,0.5020971247878411,0.040908047048315216
0.4571816224081056,0.5018981947656082,0.040920182826286206
0.4568219106772007,0.5022396645770548,0.0409384247457444
0.45726103858402695,0.5018193740803316,0.040919587335641584
0.4571924514249607,0.5019044417863433,0.04090310678869592
0.4571338025933902,0.5018678926043391,0.04099830480227054
0.4552317147499565,0.5042803778483127,0.04048790740173089
0.4571338235409197,0.5018678723573834,0.040998304101697226
0.45710493437094635,0.502133786001522,0.040761279627531406
0.45725621850643267,0.5019478035974597,0.04079597789610744
0.4572797567737901,0.5019984614057393,0.040721781820470516
0.4571631727965774,0.5018875411488164,0.04094928605460589
0.45714254397682796,0.5018715124196379,0.040985943603533984
0.45720858645575096,0.5018936782641122,0.04089773528013695
0.4572823351114083,0.5020446885661383,0.040672976322453314
0.45721059990378315,0.5019215882422281,0.040867811853988474
0.4572464065036336,0.5020476108940235,0.040705982602342816
0.45724232398925757,0.5019362672697869,0.04082140874095551
0.4572235037736294,0.5019728999250286,0.040803596301341956
0.43776888505654066,0.5228249572572118,0.039406157686247514
0.4571826745806286,0.5020896225258338,0.040727702893537485
0.45718749100274314,0.5019140497213028,0.04089845927595402
0.4571505271695805,0.5018761519441047,0.040973320886314765
0.45719581831896305,0.5019064003252317,0.040897781355805414
0.4572122496249869,0.5019130336734512,0.04087471670156199
0.4571858307819371,0.5019009488298356,0.04091322038822714
0.4572358658989079,0.5019934693274701,0.04077066477362208
0.45683287877347095,0.502220534130106,0.04094658709642301
0.45711011276632973,0.5021310518923963,0.040758835341274155
0.4572694919003499,0.5019841112432862,0.04074639685636387
0.4572854714534109,0.5020074857469704,0.0407070427996189
0.45722893141827825,0.5020693082151378,0.04070176036658362
0.457170153795775,0.5018892293230302,0.04094061688119468
0.4572680772531868,0.5019608030411463,0.0407711197056669
0.45719223392911884,0.5018908627836537,0.0409169032872273
0.4571781083723813,0.502122397326401,0.04069949430121762
0.45685951830390403,0.5021952837966449,0.0409451978994511
0.4572911262471933,0.5020481021881806,0.04066077156462601
0.4570392491135058,0.5021894404979522,0.040771310388541995
0.4572848704416657,0.5020064871970684,0.040708642361265694
0.45718846409452985,0.5021124603938728,0.04069907551159717
0.4572379510124509,0.502050397133804,0.04071165185374486
0.4572450542957999,0.5019383574246429,0.040816588279557045
0.4568815079361251,0.5022333946965212,0.04088509736735396
0.456910324068835,0.5021554252548055,0.040934250676359314
0.45721353114963914,0.5019534672934667,0.04083300155689438
0.45726050149463665,0.5020284376704122,0.04071106083495103
0.4571923222140631,0.5018913687731049,0.04091630901283202
0.457236969940435,0.5019723562433392,0.04079067381622599
0.45728977448827046,0.5020151124008663,0.040695113110863344
0.4572273351118696,0.5019257424700319,0.04084692241809861
0.4572940855751157,0.5020241133978356,0.04068180102704862
0.4568835019845381,0.5021757480795024,0.040940749935959767
0.4572740972412355,0.5019706049995614,0.040755297759203
0.45727296314942595,0.5020101724456859,0.0407168644048879
0.457133903187075,0.5018683567262194,0.04099774008670554
0.457252853155737,0.5020168677770885,0.040730279067174156
0.45720012546422095,0.5018711410070436,0.04092873352873534
0.4571642450710238,0.5018850903230628,0.04095066460591334
0.457298235115989,0.5020423806673424,0.04065938421666872
0.4548104253283564,0.5047667356576953,0.04042283901394853
0.4568318740625794,0.5022449776278616,0.04092314830955908
0.45729572791375517,0.5020282929917556,0.04067597909448902
0.45727800257992535,0.5019829237942407,0.04073907362583415
0.4572012206020618,0.5019237969724789,0.04087498242545929
0.45716478750891937,0.5018854635979894,0.04094974889309128
0.45726050715876276,0.502025750079454,0.04071374276178328
0.4571318812525765,0.5021824307082976,0.040685688039125735
0.4572253215655761,0.501924420177051,0.04085025825737311
0.4572836996386909,0.5020454572646031,0.0406708430967059
0.4572317552048085,0.5019287099267196,0.040839534868472145
0.4571382379237778,0.5021570989755143,0.0407046631007079
0.45729815335066687,0.5020376237406293,0.040664222908703765
0.4572708135919831,0.5019647541202829,0.04076443228773406
0.4571510206670213,0.501880302004117,0.040968677328861586
0.4571149650174344,0.5021284687032265,0.04075656627933895
0.45728082434343553,0.502000076056671,0.040719099599893636
0.4568327455656817,0.5022449793801778,0.04092227505414045
0.4571355735494572,0.5018699908339352,0.04099443561660769
0.4570782266650086,0.5020822043302632,0.040839569004728175
0.4571911603436765,0.5018719823802151,0.040936857276108324
0.4569290066017256,0.5022156510327331,0.04085534236554122
0.45713116701053463,0.50218330038961,0.04068553259985539
0.4571592126020449,0.5021037888485056,0.04073699854944958
0.457135657951631,0.5018681981951024,0.040996143853266415
0.45684655889533243,0.502206790449235,0.04094665065543265
0.4572918273649902,0.5020191574897851,0.04068901514522471
0.45682365723280016,0.5022330423773159,0.040943300389884044
0.4571341166248484,0.5018678038482847,0.040998079526866925
0.4571268103557491,0.5020020784182743,0.040871111225976385
0.45719820227036073,0.5019077942427428,0.04089400348689646
0.4572170146256188,0.5019273773397624,0.04085560803461885
0.457201283105901,0.5019096061547393,0.040889110739359684
0.457175677409383,0.502114457302248,0.04070986528836891
0.4572458427945639,0.5019389741514857,0.040815183053950585
0.4572545174441119,0.5019699292785749,0.04077555327731321
0.45717353089429574,0.5018935423203503,0.04093292678535397
0.45862245391882345,0.504347823670423,0.037029722410753745
0.4572692177804703,0.5020167593404627,0.04071402287906711
0.45694926269249975,0.5022073141965747,0.04084342311092566
0.4568383533606585,0.5022445967729493,0.04091704986639231
0.4570582154153999,0.502157516934264,0.04078426765033601
0.4570778950886705,0.5021964575397161,0.040725647371613445
0.4572284856665133,0.5019265059601057,0.040845008373380766
0.45714580583889547,0.5020088709085614,0.04084532325254304
0.4571204520711491,0.5021706719858982,0.04070887594295291
0.45721992032858116,0.5019770620718285,0.04080301759959047
0.4568303727539376,0.502244920344971,0.040924706901091
0.45715430047636824,0.5018785066374338,0.040967192886197865
0.4568804103226614,0.5022337623699108,0.040885827307427604
0.4571958065938639,0.5020812254303141,0.04072296797582227
0.4572004381483906,0.5019128007950192,0.040886761056590205
0.45722117143573543,0.5019217453291913,0.04085708323507303
0.45686751533719494,0.5021885738910312,0.040943910771773596
0.4571816329576012,0.5018982008301394,0.04092016621225954
0.4572444810057359,0.5019379128452749,0.040817606148989126
0.4571694726158608,0.5018912011653575,0.040939326218781956
0.4572071071316115,0.5019185160063775,0.04087437686201102
0.456823649685367,0.5022330570886991,0.04094329322593399
0.4571635045326874,0.5018845829708524,0.040951912496460255
0.457287504247855,0.5020471953002105,0.04066530045193433
0.4571749744864097,0.5021253280617259,0.040699697451864254
0.4570479260566914,0.5020637092597003,0.04088836468360811
0.4571627168494435,0.5018872745379482,0.04095000861260815
0.4570058927203103,0.5021823754416799,0.04081173183800981
0.4523736936313425,0.5075174862973768,0.04010882007128033
0.4572586035369089,0.5020303569636462,0.040711039499444844
0.4572279963961423,0.5018600089200513,0.04091199468380624
0.45714337474107464,0.5018719681839705,0.04098465707495485
0.4572717931351595,0.5019663375286633,0.04076186933617714
0.4568218921183444,0.5022394628585162,0.04093864502313945
0.45713898274022746,0.5021565031801186,0.04070451407965407
0.4572229561302331,0.5019228877421552,0.0408541561276117
0.4572784518198959,0.5019892874423265,0.04073226073777757
0.4571408519346412,0.5021143013345375,0.04074484673082138
0.4572470007363849,0.5020093873515759,0.04074361191203931
0.4569694814946476,0.5021986631711123,0.040831855334240164
0.45687488360437173,0.5021825785160124,0.04094253787961572
0.4572944891204537,0.5020250811466545,0.04068042973289216
0.45692382542535115,0.5022177227378711,0.04085845183677756
0.4571802721125377,0.5020911183137858,0.040728609573676675
0.4571529528157277,0.5018814768075761,0.04096557037669621
0.4572138494824681,0.5019757932702594,0.04081035724727249
0.45717894169559625,0.5021077153980416,0.040713342906362124
0.4572425343507463,0.5019525211638158,0.04080494448543804
0.4572412377904093,0.5020014324242446,0.040757329785346165
0.45715482280987846,0.5021433486912599,0.04070182849886167
0.4571425043169812,0.5018749285141018,0.04098256716891715
0.4571649553717497,0.5018855793917597,0.040949465236490346
0.45726964242398643,0.5019843091219808,0.04074604845403271
0.4572706254459076,0.5019732463299613,0.040756128224130994
0.4572395321977689,0.5019493664042237,0.040811101398007366
0.457074771735626,0.5021492869002552,0.04077594136411878
0.45701398881674704,0.5020848009336907,0.04090121024956236
0.45720604580974605,0.5019364679929326,0.040857486197321435
0.4571961434240468,0.502081004652746,0.0407228519232073
0.45729821438430196,0.5020425314905002,0.040659254125197594
0.4571932298936308,0.5018960462583878,0.04091072384798128
0.4564114910378653,0.5028907114916861,0.04069779747044867
0.4569911739988377,0.5021890627123052,0.040819763288856795
0.45712216775760606,0.5020092455274641,0.04086858671492979
0.45722481939544724,0.5019752544807414,0.04079992612381141
0.4571907283050794,0.5019034432844919,0.04090582841042878
0.4572862920225748,0.5020088719678463,0.04070483600957884
0.45727687995936717,0.5019778312755687,0.04074528876506412
0.45704436907163803,0.5021993587400225,0.040756272188339396
0.4572110927235002,0.5019154789207925,0.04087342835570756
0.4572736720887335,0.5020022000056612,0.040724127905605166
0.4569997842028981,0.502093908328589,0.04090630746851265
0.45682202554689566,0.5022374608647927,0.04094051358831144
0.45728589591513225,0.5020081993888725,0.04070590469599511
0.4572581952626733,0.5020231758724061,0.040718628864920496
0.4595152264933933,0.5080671484549407,0.0324176250516658
0.4568690215697857,0.5022374087755734,0.040893569654640985
0.4572751259965844,0.5019979687764657,0.04072690522694964
0.4572675261679775,0.5018122713497113,0.040920202482311
0.4570901142404145,0.5021903142428354,0.04071957151674979
0.45682188053921635,0.5022386912614333,0.04093942819935053
0.45724146997087706,0.5019714332458739,0.04078709678324901
0.45710761328278593,0.5020290590572764,0.040863327659937526
0.4572558988919385,0.501967351273474,0.040776749834587483
0.45728387466129544,0.5020455508446204,0.04067057449408409
0.4572738395211185,0.5020083490925533,0.04071781138632818
0.4572774003479636,0.5019980481813349,0.040724551470701434
0.45682802992005966,0.5022263463576803,0.0409456237222597
0.4572651559966754,0.5018147842721041,0.04092005973122017
0.4571716173983408,0.5018924395958722,0.04093594300578696
0.45721184032373535,0.5019955413888794,0.040792618287385174
0.45727318702686626,0.5019688083873083,0.040758004585825465
0.4570659702323065,0.5021536850930348,0.04078034467465852
0.4571989425104267,0.5019846410416019,0.04081641644797146
0.45719126310973396,0.5018713578209762,0.04093737906928998
0.45722120219736495,0.5018688131555236,0.040909984647111444
0.4570089601503426,0.502088006292503,0.0409030335571545
0.45729835191343055,0.5020405133063642,0.040661134780205284
0.4572615517264439,0.5018187906644912,0.040919657609064755
0.45685438200243433,0.5022414991058337,0.04090411889173218
0.4570512477739865,0.5022023400037163,0.04074641222229707
0.4208762966480761,0.5385125682304763,0.040611135121447595
0.45725611534323135,0.5019477076345699,0.04079617702219889
0.45708253587899345,0.5020744846196686,0.04084297950133785
0.45690235756047026,0.5021613364879498,0.04093630595157992
0.4571418127249833,0.5018744711983547,0.04098371607666194
0.457160664293383,0.5018826616039384,0.040956674102678725
0.45727291150705407,0.502010275474778,0.04071681301816808
0.4572976806495392,0.5020446211785277,0.040657698171933244
0.45728703317941816,0.502047017158589,0.04066594966199256
0.45716467845866765,0.5018853884442955,0.04094993309703692
0.4570019393449968,0.5020925159411643,0.040905544713838934
0.45719376593352296,0.5019072753382071,0.04089895872826983
0.45721344134390507,0.5019808442516098,0.040805714404484945
0.4175839630059358,0.5412409117197816,0.04117512527428267
0.45718376787385157,0.5018994285103751,0.04091680361577354
0.4572460349388666,0.5020432934537619,0.0407106716073715
0.4572393798196127,0.5019492078346318,0.04081141234575496
0.4572324814191241,0.5020548963146018,0.040712622266274215
0.4558310247536114,0.5035805648477116,0.040588410398676916
0.45725087829534056,0.5019430741533263,0.04080604755133306
0.4571515890925679,0.5021461076979795,0.04070230320945255
0.45728831131421993,0.5020124113145835,0.040699277371196635
0.45729480278218504,0.5020258566437702,0.04067934057404481
0.45708152567261184,0.5021458752184638,0.040772599108924605
0.45717884737452524,0.5020919999986374,0.040729152626837274
0.4572780855767791,0.5019834932823085,0.040738421140912306
0.456822152752314,0.502236875990225,0.040940971257461094
0.45687624945477695,0.5021814838764155,0.04094226666880766
0.45701311174532094,0.5021790462643057,0.04080784199037318
0.4572534990281699,0.5019453380024249,0.04080116296940526
0.45724849176457877,0.5019410939463066,0.04081041428911446
0.45715464984936455,0.5018824995364867,0.04096285061414863
0.45685677690542503,0.5022408895690033,0.04090233352557165
0.457272934664222,0.5018089922227849,0.04091807311299309
0.4571980500276403,0.5019108012760187,0.04089114869634082
0.45726250877327346,0.5020279011244434,0.04070959010228306
0.4397781495462128,0.5148901231553962,0.04533172729839111
0.4572651991199466,0.5019785936529533,0.04075620722710028
0.4569194546549661,0.5023046625520425,0.04077588279299119
0.45726027661925084,0.5019517586303798,0.04078796475036941
0.4571399761608949,0.5018732318621888,0.040986791976916355
0.45694309523873045,0.5022993468060158,0.040757557955253876
0.4572973775700273,0.5020452864700987,0.04065733595987422
0.4582761295081367,0.5116186761017032,0.030105194390159965
0.4572964242338458,0.5020303304041793,0.04067324536197485
0.4572783043484269,0.5019922968552822,0.04072939879629075
0.4569464297509206,0.5022085012742209,0.040845068974858616
0.45719261334475453,0.5018929622944014,0.04091442436084398
0.4572648197401802,0.5019781170151133,0.04075706324470651
0.45729667791704215,0.5020463327170485,0.040656989365909606
0.4572597366350967,0.5020249027283786,0.04071536063652461
0.45718379048663904,0.5018994415207307,0.04091676799263009
0.45690979677942267,0.5022231881657667,0.04086701505481061
0.4572711142533279,0.5020082827662714,0.040720602980400526
0.45713418390409294,0.5018678064273456,0.040998009668561465
0.4572127403701708,0.5019167658294611,0.040870493800368175
0.4570872797382974,0.5020661738404459,0.04084654642125675
0.4572705298148854,0.5020146229867508,0.04071484719836391
0.4572077975751939,0.5019191189500664,0.04087308347473968
0.4571568493888891,0.5019573300895626,0.04088582052154836
0.45716424823295254,0.5019998476345179,0.04083590413252951
0.45690721432568143,0.5023282140184355,0.04076457165588314
0.45721476378894693,0.5019510938562416,0.040834142354811205
0.4592284698288048,0.5057325362230579,0.03503899394813703
0.4572481090403029,0.5020413622927602,0.04071052866693661
0.45719240630793695,0.5020753338767037,0.04073225981535944
0.45729782527174695,0.5020442220497138,0.04065795267853919
0.4571930614001969,0.5019067029309954,0.04090023566880793
0.4535532440302867,0.5061973563901538,0.040249399579559114
0.4572658624072335,0.5020313390390284,0.04070279855373828
0.45685737274910854,0.5021971273963002,0.04094549985459128
0.4571255065746648,0.5020040834534211,0.040870409971914226
0.45695084081461673,0.50220665012858,0.04084250905680329
0.456822496822092,0.5022357158940335,0.0409417872838746
0.4572742835580217,0.5020005240302212,0.040725192411756934
0.45719852720184573,0.501907984754358,0.04089348804379636
0.45695465858327927,0.502123966111325,0.04092137530539554
0.4569553178048738,0.5022047555984707,0.04083992659665541
0.4572774142983371,0.5019979864355634,0.04072459926609947
0.45690567433170276,0.502158863998935,0.04093546166936216
0.45729232019496846,0.5020201849584123,0.04068749484661891
0.4569099560866737,0.502330347980841,0.040759695932485185
0.457199361676881,0.5018699987846077,0.040930639538511414
0.45719145227045127,0.5018856391599126,0.040922908569636283
0.4571220790528659,0.5020212016738251,0.0408567192733087
0.45706229060710357,0.5021127033372671,0.04082500605562942
0.4572942932289834,0.5020478840780178,0.0406578226929988
0.45720423821751865,0.5019825849274808,0.04081317685500013
0.4572217945556006,0.5019697748202391,0.040808430624160175
0.4572377707073201,0.5019475422815382,0.04081468701114198
0.45698157602433087,0.5021058256130881,0.040912598362581036
0.4568266251301249,0.5022443360884351,0.04092903878143996
0.4300618288312178,0.5302782985069204,0.03965987266186136
0.45692967848968463,0.5022153804404089,0.04085494106990642
0.4570268633553849,0.5021726158621392,0.04080052078247575
0.4570612415889827,0.5021560263704922,0.04078273204052515
0.45718866054123913,0.5019022478948054,0.04090909156395561
0.45688059460035196,0.5022337008217426,0.04088570457790559
0.45729835151527365,0.5020403475097406,0.04066130097498583
0.45689763266118144,0.5021648885295502,0.040937478809268416
0.45707957495755597,0.5021956952016217,0.04072472984082262
0.4568656072797159,0.5021901538076703,0.04094423891261361
0.4572626522534442,0.5020280525076617,0.04070929523889421
0.4572962480509846,0.5020467800692924,0.040656971879723176
0.4572757066021306,0.5019743287489262,0.04074996464894301
0.4571241287476432,0.5021679736318141,0.04070789762054279
0.4570619998999521,0.5021132984934344,0.0408247016066135
0.457163520481515,0.5018845938702631,0.040951885648221845
0.4572561973690676,0.5019477839177728,0.04079601871315961
0.45684086170744337,0.5022442655794012,0.04091487271315562
0.45718939810405296,0.5019037603052913,0.040906841590655794
0.4568269915622994,0.5022444324190176,0.040928576018683153
0.45713536002617394,0.501869812941681,0.04099482703214501
0.4572659906433237,0.5019581285353066,0.04077588082136957
0.4568218953146252,0.5022384372056476,0.040939667479727236
0.4572783497546953,0.5019917261790472,0.0407299240662576
0.45714276597321035,0.5018716334492366,0.040985600577552884
0.4568475456620062,0.5022058777852565,0.04094657655273694
0.4571553180297463,0.5021060558897609,0.04073862608049277
0.4571346526630142,0.5018678841051811,0.040997463231804684
0.4568221204204115,0.5022406749633229,0.040937204616265405
0.4568532656292105,0.5022007176362576,0.04094601673453183
0.45725632587568565,0.5020331177743158,0.040710556349998456
0.4119503894347845,0.545526495281715,0.04252311528350013
0.4571383245818719,0.501872076304877,0.040989599113251146
0.45708550083668,0.5020692689912886,0.04084523017203156
0.45725159733946735,0.5020379903339826,0.04071041232654991
0.4569297774111701,0.5022153405643527,0.04085488202447738
0.45721406108655716,0.5019172955294403,0.04086864338400265
0.4571871255021098,0.5020868199604351,0.040726054537454794
0.45712165020947276,0.5021697991483859,0.04070855064214121
0.4572765735493996,0.5020011839553784,0.04072224249522183
0.4569091667386682,0.5022234282453687,0.0408674050159629
0.4572343310575591,0.501930485728463,0.04083518321397796
0.45729498990049283,0.5020263301599326,0.04067867993957462
0.45720835286390193,0.5019419918522487,0.040849655283849276
0.4569813403785412,0.5021934535245689,0.04082520609688994
0.45696794163176746,0.5023714156279953,0.04066064274023732
0.4571337994808222,0.5018681684679575,0.040998032051220185
0.45729784704494614,0.502035743192528,0.040666409762525745
0.4572031800052682,0.5019151268974794,0.04088169309725223
0.45709491879660297,0.5020361423512391,0.040868938852157984
0.45706095417908116,0.5021154548107182,0.040823591010200416
0.4572667067926374,0.501980504859249,0.04075278834811366
0.4572731442459732,0.5020098075238375,0.04071704823018926
0.45682356539245333,0.5022428268858463,0.04093360772170062
0.4572088502916622,0.5019431462593342,0.04084800344900359
0.4571397875666272,0.5018731021709726,0.04098711026240003
0.4572731076572254,0.5019686594373177,0.04075823290545702
0.45720052958026824,0.5019218233134126,0.04087764710631942
0.457234047316138,0.5019302882756946,0.040835664408167244
0.4569833327496611,0.5021046637376751,0.04091200351266378
0.457298214104166,0.5020381269687679,0.04066365892706604
0.45696083352184097,0.502202400496502,0.040836765981656954
0.4571837543602313,0.5018993368762119,0.040916908763556845
0.4572555882961838,0.5020201597554489,0.04072425194836728
