0,1,2
0.41378426077911945,0.5480663897889785,0.038149349431902214
0.512445313149163,0.4483021683211156,0.03925251852972161
0.46336318728511094,0.5014861878085944,0.03515062490629456
0.4652917081972317,0.4957364152216795,0.038971876581089006
0.41351517503277285,0.5473693972994597,0.03911542766776734
0.4149210241231938,0.5462971646943051,0.03878181118250107
0.47002792694703316,0.4941110909870271,0.03586098206593968
0.5631946650987707,0.3994287248155738,0.037376610085655494
0.5243864193418355,0.43803131588281236,0.037582264775352064
0.48264750765742787,0.4783356659301112,0.039016826412461056
0.4291294014622518,0.5232756802809773,0.04759491825677098
0.42897184644156233,0.530856441828242,0.04017171173019574
0.41426576202960336,0.5482785601041802,0.03745567786621615
0.5232080646993666,0.43653401211451953,0.0402579231861138
0.41196367559518526,0.5483689741236788,0.03966735028113567
0.4769280257255155,0.4825384015018521,0.04053357277263241
0.4259747304764437,0.5358717903927473,0.03815347913080874
0.4272061574085927,0.5348396723996124,0.03795417019179487
0.5277790637668494,0.4428113071526823,0.029409629080468326
0.49247922297732705,0.4694868515592829,0.03803392546338991
0.49838835083373606,0.4668153812462163,0.03479626792004775
0.42579914846978795,0.5338287879086806,0.04037206362153165
0.40334542466890766,0.5572684134670871,0.039386161864005266
0.41703768830305665,0.5420052398998633,0.04095707179708004
0.5130107137059893,0.45189732575667324,0.035091960537337416
0.4114247059859213,0.5492665694242357,0.03930872458984299
0.40528862653100556,0.5554718065487307,0.039239566920263536
0.5085459885600293,0.4459828896609022,0.04547112177906853
0.47605854294874245,0.48297612732071593,0.04096532973054154
0.4897359498819828,0.47197303794447615,0.03829101217354107
0.5683086970997252,0.3956559995879782,0.03603530331229649
0.43199784932383417,0.5283464972162623,0.03965565345990342
0.5012643445450308,0.4586512313238329,0.040084424131136304
0.4273235485871718,0.5316024447116924,0.04107400670113572
0.5615143667977653,0.4014813992523578,0.037004233949876654
0.40141086830712486,0.5594468604935675,0.0391422711993075
0.4135869622809465,0.5479882889314969,0.03842474878755651
0.45281605850737267,0.5129518385367561,0.03423210295587118
0.410895889562909,0.5489807655146327,0.04012334492245844
0.4180882423746741,0.5418551398478781,0.04005661777744758
0.42219937729503965,0.5382383744849735,0.03956224821998687
0.4847271294305828,0.4771412732442285,0.03813159732518874
0.5860801910190745,0.3785751327417695,0.0353446762391559
0.4258521096508033,0.5342423796859095,0.03990551066328712
0.5013965238058451,0.4336667467159011,0.06493672947825374
0.45431306497078383,0.5049855129533344,0.040701422075881795
0.5418679003853912,0.42184099533992003,0.03629110427468877
0.4823204416731108,0.48247696684223607,0.035202591484653205
0.4188760429116962,0.5428342707432664,0.0382896863450374
0.4091704021166435,0.5511263549707398,0.03970324291261664
0.4067851039847195,0.5545539199244138,0.03866097609086693
0.40524774684136455,0.556341620424575,0.0384106327340605
0.4010577090342444,0.558106526081179,0.040835764884576554
0.5021704927949785,0.4421942337460717,0.055635273458949745
0.5064818258569799,0.4578134356977804,0.03570473844523965
0.5039208184479396,0.45603117414142225,0.040048007410638346
0.39756398645641594,0.5608503508059146,0.04158566273766948
0.4512064072076788,0.5094370775683127,0.03935651522400854
0.4015044184457737,0.5626530549803919,0.0358425265738343
0.42107961550176226,0.5440759517058256,0.03484443279241242
0.4251964999503749,0.5349672438194464,0.039836256230178765
0.5054010188689396,0.4582800051682392,0.036318975962821125
0.4262900718718574,0.5373797839361903,0.03633014419195225
0.41817085991317793,0.5436230618962359,0.03820607819058612
0.4939449910578317,0.46794450968105555,0.0381104992611127
0.4329493827462104,0.5283347120670105,0.03871590518677923
0.4217688680412237,0.5386387997525974,0.03959233220617893
0.45330727512822944,0.5059447901831574,0.040747934688612916
0.41376942385755194,0.5462860976411291,0.039944478501318936
0.4377184466608429,0.5221236094975783,0.04015794384157889
0.4218763765829491,0.5285512343456066,0.0495723890714445
0.4287266889570456,0.5364439167803436,0.03482939426261089
0.4717668605552113,0.49474884080381415,0.03348429864097466
0.4556277393053451,0.5043969235531484,0.03997533714150654
0.46187032998026323,0.4991027387582531,0.0390269312614834
0.4359753718759769,0.5245877041545471,0.039436923969475915
0.4283703943807422,0.5324726953764902,0.03915691024276748
0.42275835545004214,0.5393038203340432,0.037937824215914545
0.4128133199346076,0.5511362959286491,0.036050384136743205
0.5061860715376294,0.4646656088094636,0.029148319652906932
0.4131068853141888,0.5462643490229628,0.04062876566284814
0.5074927293900524,0.46272654649611583,0.029780724113831602
0.44812140601952,0.514258958084122,0.03761963589635795
0.49520353960999675,0.46471552545183786,0.04008093493816525
0.42630972987814447,0.5338333836982946,0.03985688642356093
0.4230121162257921,0.5374003157209387,0.03958756805326937
0.4879590430522568,0.4744052931318887,0.03763566381585454
0.4770582636990426,0.4899488074095068,0.03299292889145083
0.4701941162121866,0.49039506641682123,0.039410817370992196
0.4834805961421883,0.47879578498678804,0.03772361887102362
0.4062258323371108,0.5572919142798062,0.03648225338308296
0.5326826249226895,0.42812439964080146,0.03919297543650895
0.44921928383491816,0.5233253604472526,0.027455355717829255
0.4497503438022596,0.5097165297300793,0.04053312646766095
0.614080852609951,0.3537620940640985,0.032157053325950646
0.5750178359238259,0.37135270563317974,0.05362945844299445
0.47503926258475343,0.484302711054619,0.04065802636062747
0.43148805076810315,0.5441348162634727,0.024377132968424035
0.5110864541597483,0.4343809409530993,0.054532604887152315
0.5436198852346915,0.4190757651274529,0.0373043496378556
0.5234758186361265,0.44083357358397307,0.03569060777990034
0.4065257654059367,0.553084321181459,0.04038991341260439
0.4085952618592608,0.5534729779104097,0.03793176023032929
0.415739167161655,0.5446392569751058,0.03962157586323917
0.6781057113870921,0.1829377739128895,0.13895651470001835
0.398911022248326,0.5616776489176267,0.03941132883404707
0.5543067080853445,0.4120738227598857,0.03361946915476981
0.4545750813712063,0.5005968521049812,0.044828066523812514
0.5110715188728656,0.44705642907557097,0.041872052051563455
0.5319925362568384,0.4291849720913199,0.0388224916518417
0.41623883239972387,0.5420152441877001,0.0417459234125759
0.42076838417600554,0.5407674676821637,0.03846414814183057
0.4251495328562812,0.5343793998747438,0.04047106726897512
0.4182258593430145,0.5424326848941605,0.03934145576282486
0.4059532361337662,0.55578494693685,0.038261816929383866
0.5475233638237683,0.41372813348681725,0.03874850268941441
0.40723494047716324,0.5544468313301196,0.038318228192717234
0.42468077053266,0.5352294958454101,0.04008973362192989
0.4281037364781585,0.5309454051505722,0.04095085837126931
0.45632181709466135,0.5040637879617759,0.039614394943562774
0.4839369683942683,0.47601512186275874,0.040047909742972794
0.429836163877563,0.5297762934514235,0.04038754267101354
0.521271896371892,0.440024196222942,0.03870390740516592
0.4844803864523814,0.47603629239679035,0.03948332115082817
0.4305025185622332,0.5260674899650609,0.04342999147270609
0.4491213228200132,0.5107953636258903,0.04008331355409656
0.4136966727241832,0.5460610021780217,0.040242325097795364
0.5701674714082516,0.3957658449771939,0.03406668361455446
0.4408937263634561,0.5362952836167946,0.02281099001974941
0.47601910834082944,0.4828152781851455,0.041165613474025045
0.5320855911389559,0.4288353032893855,0.0390791055716587
0.4340415027332036,0.532776096568334,0.033182400698462185
0.4447479014893859,0.5152348993210375,0.04001719918957645
0.4129149100953595,0.5469302280364825,0.04015486186815809
0.47845629336809303,0.48845039919470706,0.03309330743719975
0.4037364439289618,0.5563278253970435,0.03993573067399462
0.4850077785913126,0.48772126585275316,0.027270955555934274
0.4272646476131037,0.5332099466603727,0.039525405726523695
0.4228495584934813,0.5377479540835516,0.03940248742296686
0.47026435052341464,0.48928756614874264,0.040448083327842464
0.47206532314403576,0.488305985960427,0.03962869089553716
0.4419944039916973,0.5234549451097568,0.03455065089854587
0.41419116046590776,0.5474659406071362,0.038342898926955915
0.44435330513560517,0.5150165890359267,0.04063010582846811
0.42230500660679693,0.5407341410220758,0.03696085237112718
0.40654843176614053,0.5624801988641127,0.030971369369746725
0.45914841311110266,0.5019962744727803,0.0388553124161172
0.47227367565388206,0.48930048675519583,0.03842583759092229
0.4666522944776981,0.49495118271010613,0.038396522812195875
0.5431986443833804,0.4159815643844337,0.040819791232185564
0.4478082798913301,0.5157683082502279,0.03642341185844208
0.4868301363760548,0.47981924571827045,0.03335061790567498
0.4806121180031332,0.4799659338278327,0.039421948169034035
0.5092603615158192,0.46137000403586714,0.029369634448313545
0.41445964261419244,0.5446064834396052,0.040933873946202105
0.5178530915733381,0.4445504492238235,0.037596459202838516
0.4279918729915411,0.5315506900611645,0.040457436947294444
0.4260588656001966,0.5335580955239551,0.04038303887584842
0.4147776948828722,0.5472989469066027,0.03792335821052506
0.4505062919865605,0.5075072885695681,0.041986419443871194
0.5101590229270055,0.45216809562287513,0.0376728814501191
0.4215909741443164,0.5380169067730621,0.040392119082621476
0.4328489004120801,0.5266407516657656,0.04051034792215436
0.5512707294228772,0.40650075266113944,0.042228517915983234
0.43092766946946426,0.5313466162868608,0.037725714243674914
0.39925935753029834,0.5633526822362901,0.037387960233411115
0.5171194944202508,0.4509671076397316,0.03191339794001759
0.4176562026705142,0.5474316326657015,0.03491216466378438
0.4383664947024329,0.5221315812971178,0.03950192400044942
0.5597430368519931,0.4004360549367278,0.03982090821127895
0.41673633669589666,0.546083456009448,0.03718020729465538
0.4844724481837388,0.4824409668293726,0.033086584986888455
0.46638810717414314,0.49290974251941766,0.04070215030643923
0.43815806366275895,0.5240900812717884,0.0377518550654525
0.46534279583821264,0.4959625011971884,0.03869470296459914
0.3552526698832956,0.5077616953239853,0.13698563479271883
0.42592898157075726,0.5344557095526996,0.03961530887654335
0.5308690285203278,0.4327419705856973,0.03638900089397493
0.45895027563653473,0.5002720732462176,0.0407776511172476
0.47334534767187425,0.4888031896084078,0.03785146271971784
0.5280949133181753,0.43070541691266373,0.041199669769161076
0.44099880808171,0.5194029090105086,0.03959828290778138
0.5075426021720681,0.4615812374436115,0.030876160384320245
0.45326277225565503,0.5092793352468132,0.037457892497531536
0.4177721613714587,0.5445043398439471,0.03772349878459411
0.40543670336987275,0.5579443802968267,0.03661891633330087
0.41715450127586085,0.5418192933122541,0.04102620541188499
0.4482047755069034,0.5160476646939229,0.03574755979917357
0.4070568067046767,0.5535211184590597,0.03942207483626354
0.47514951022932755,0.49736526573715173,0.027485224033520664
0.42211793853459384,0.5419066517133955,0.03597540975201082
0.5524300794815743,0.406663750875501,0.040906169642924636
0.48476082190312453,0.48010181834275467,0.03513735975412079
0.48284227996963225,0.47668067604935005,0.040477043981017834
0.4180142444900506,0.5419268207149354,0.04005893479501405
0.5510059142999685,0.4196474048098527,0.02934668089017882
0.42412147321291166,0.5359765094436908,0.03990201734339738
0.4211531121131482,0.5400982654966665,0.038748622390185325
0.4178000282690609,0.5435807528519141,0.03861921887902518
0.4169149354835147,0.483346273050299,0.09973879146618625
0.4445329311883629,0.5152752195653673,0.04019184924626971
0.5020999439658057,0.4503682624634923,0.04753179357070182
0.44637866914283403,0.5185844881558915,0.03503684270127436
0.5770223385457403,0.39623452731296,0.026743134141299633
0.5114034845525072,0.45133776322559094,0.03725875222190208
0.3986677376180379,0.3529500305348008,0.2483822318471614
0.38674654845775264,0.5291130368352805,0.08414041470696679
0.4431981333066304,0.5168462372498821,0.03995562944348763
0.4051306912301038,0.5568957161021044,0.03797359266779186
0.5362872238153014,0.4290448466249961,0.0346679295597025
0.5082305998508068,0.45477336340416474,0.03699603674502841
0.492600854904196,0.4687232569286899,0.038675888167114016
0.4358520024505235,0.5236690590016866,0.0404789385477899
0.52666090372485,0.439187841718959,0.03415125455619109
0.49987676729315866,0.4622462717887852,0.037876960918056174
0.424791711457028,0.5366853072633558,0.03852298127961606
0.41991893517508605,0.550760244657357,0.02932082016755694
0.5824720329011592,0.3763341324095237,0.041193834689317164
0.5548281691973778,0.40686762647102087,0.038304204331601414
0.497954928632077,0.4609674269609126,0.04107764440701064
0.42182096197590335,0.5396612768277396,0.038517761196357005
0.4174219844262589,0.5433718557532493,0.03920615982049177
0.4138090521813422,0.5488381882213795,0.03735275959727824
0.48401928812048334,0.4763208930505981,0.03965981882891832
0.43557485504367144,0.5312855939542672,0.033139551002061236
0.49716471674111806,0.4678803540032703,0.03495492925561149
0.41794259153315555,0.5420539093631125,0.04000349910373214
0.40382612793811923,0.5559280442844672,0.040245827777413486
0.5086672207502754,0.45213886353812033,0.0391939157116042
0.4245883144235876,0.5349062198684694,0.040505465707943084
0.49396226652531705,0.4684958524068065,0.03754188106787637
0.420978730683925,0.5409872586753686,0.03803401064070646
0.5508877934733076,0.41465812625120674,0.034454080275485646
0.4988452830489789,0.4661551061521679,0.03499961079885318
0.42039494098714664,0.544449975723212,0.03515508328964115
0.47271930839982507,0.48596510944747434,0.041315582152700626
0.5386425495877526,0.4200365422478329,0.04132090816441461
0.4259241255999177,0.5383994438277165,0.03567643057236552
0.4424643260003338,0.5160310108390455,0.04150466316062093
0.4391114943536192,0.5233774183723684,0.03751108727401241
0.4116203107176166,0.5497840929034938,0.03859559637888951
0.4098265192279648,0.5506118514162786,0.03956162935575652
0.4223081811585654,0.5415390039369096,0.03615281490452509
0.429435276829372,0.5300085166601023,0.040556206510525855
0.5016447366132281,0.4476675489869044,0.0506877143998674
0.42167223486838934,0.5406291683455132,0.037698596786097605
0.4835118532364839,0.48035381037470226,0.03613433638881365
0.4389441991325498,0.5220436970846838,0.039012103782766615
0.451006820110551,0.5079285708418645,0.041064609047584466
0.44516942590586833,0.5170870913247786,0.03774348276935305
0.42317953589510654,0.5386380456171284,0.038182418487765234
0.4911867792351232,0.47423284957171,0.03458037119316683
0.4990886821240219,0.46077619239583556,0.040135125480142565
0.4488701095227936,0.5102690830918231,0.04086080738538341
0.4799023854987464,0.48222641207671874,0.03787120242453486
0.41290718922506564,0.5470529647078098,0.04003984606712478
0.5471001035715508,0.4138849151183512,0.039014981310097764
0.4390471117657882,0.5222550015290466,0.03869788670516543
0.4909139881581913,0.47598841325220304,0.03309759858960573
0.5537715825499967,0.3934407088296216,0.05278770862038194
0.4951538237602564,0.4676559806024582,0.03719019563728559
0.43508364999320964,0.5315421551973202,0.03337419480947041
0.4344637063332506,0.5263324044653278,0.03920388920142193
0.41381882848089757,0.5475676798955557,0.03861349162354687
0.4630953726186699,0.49614338722257667,0.04076124015875342
0.44209984807725283,0.5168624682698966,0.0410376836528504
0.42249063106788015,0.5380810542046821,0.039428314727437734
0.5612936359565454,0.404980814670892,0.033725549372562724
0.5135910014049733,0.45093374872788194,0.035475249867145016
0.4220989435874662,0.5425429757807192,0.03535808063181444
0.483562420334633,0.4805858735521056,0.03585170611326125
0.4176913138181328,0.5429303955541367,0.03937829062773063
0.44805907894033886,0.5126999392203588,0.039240981839302316
0.4656327167148012,0.49842994059428936,0.035937342690909535
0.4722271945501953,0.4902153398099839,0.03755746563982092
0.43667548267748557,0.5256936171096287,0.037630900212885565
0.406052547285727,0.558222138079832,0.035725314634441
0.4150291798523333,0.5450079381246401,0.03996288202302664
0.4743743391512256,0.48765050470564764,0.03797515614312672
0.40775516328363026,0.5532430096257276,0.039001827090642094
0.4486672113461461,0.5129761621068951,0.038356626546958934
0.5147559700657978,0.45244484214696623,0.03279918778723617
0.5053648624026871,0.45564624999434045,0.03898888760297255
0.5055274328404115,0.4554544745602786,0.03901809259931
0.5278251694773068,0.4320519162551233,0.04012291426756997
0.3975025427992953,0.5717959261485587,0.030701531052145955
0.47206305211082716,0.49043648210436525,0.037500465784807584
0.41544206333611344,0.5440388587117431,0.04051907795214344
0.43637843703931883,0.5235784160744287,0.04004314688625229
0.5076725040723842,0.46039368177395534,0.031933814153660305
0.42948821013679167,0.5362307242322464,0.034281065630962046
0.42041330937981214,0.5409286296069449,0.038658061013242935
0.45996572839897826,0.5007677703060587,0.03926650129496312
0.4836655245098925,0.47931352762655155,0.03702094786355615
0.42847170048916516,0.5316030820791084,0.03992521743172642
0.40752786385058054,0.566809199926548,0.025662936222871576
0.46658713419927333,0.49270212785013895,0.040710737950587696
0.5324104421704466,0.430474018222628,0.03711553960692532
0.4650583520689457,0.4953433442046575,0.03959830372639651
0.4259830162142278,0.5386819418702286,0.03533504191554397
0.42871413898085686,0.5426697572114672,0.028616103807675892
0.4373757162089474,0.5232535869644603,0.03937069682659213
0.4364033601826718,0.5232473561567337,0.0403492836605943
0.4326387947308654,0.5286266948426916,0.03873451042644301
0.4698314758946988,0.4993391582615646,0.030829365843736745
0.4394578612444076,0.5199899655194044,0.04055217323618818
0.42193817848951437,0.5372567193508677,0.04080510215961784
0.41864758409500435,0.5420069160676945,0.03934549983730103
0.41188927339718623,0.5504832449738544,0.037627481628959195
0.5033140128981445,0.4579355624428782,0.03875042465897722
0.5307506809892191,0.4314355395514657,0.03781377945931522
0.4558983250594019,0.5058584578993568,0.03824321704124138
0.42736991421666976,0.5331900308032459,0.039440054980084314
0.4129883527682355,0.5489333802710926,0.03807826696067177
0.42767473872701317,0.5413243788934398,0.03100088237954712
0.47613475172776243,0.48558528814410834,0.03827996012812906
0.4854408122772808,0.4745369056194384,0.040022282103280765
0.46212572850513445,0.49717781519068105,0.04069645630418465
0.47402113562691167,0.4844999111549183,0.04147895321817002
0.422088848441133,0.5383948409458403,0.03951631061302683
0.43844630793339545,0.5215009794287679,0.04005271263783645
0.4231082845606178,0.5371594461071101,0.03973226933227215
0.5497182798041982,0.4066610548076373,0.043620665388164385
0.4507667552132131,0.512286726925958,0.036946517860828955
0.5147921920367048,0.45142068478400615,0.03378712317928912
0.4064714625914266,0.5545379251333782,0.038990612275195305
0.4106363736389381,0.5513699765823371,0.03799364977872475
0.43002190617119185,0.5322247250727535,0.037753368756054714
0.47191252826755525,0.48167888689268884,0.0464085848397557
0.47647756326939295,0.4928281910691833,0.03069424566142385
0.4560584622761046,0.5030260582340028,0.04091547948989268
0.4284620318711141,0.5321054339572935,0.03943253417159224
0.42918033556342494,0.5303577803437001,0.04046188409287491
0.43402645481527635,0.5339314644510388,0.03204208073368487
0.42933598205257195,0.5323723201439265,0.03829169780350133
0.40845649608838047,0.5526290791247765,0.038914424786843024
0.45704730819308775,0.5035972316539206,0.03935546015299125
0.485467314208808,0.47890592317950004,0.03562676261169202
0.5191817367626655,0.4419680275944189,0.0388502356429156
0.5572844647591236,0.393616560557016,0.049098974683860236
0.4099011165277303,0.5431687932309626,0.04693009024130726
0.5526497195677976,0.41383174764882874,0.033518532783373675
0.5219491701336052,0.4370279088984149,0.041022920967979805
0.4232274581294381,0.5359202221482707,0.04085231972229105
0.5094525996759636,0.45451884263042874,0.03602855769360754
0.45860945450185386,0.5087512433167961,0.03263930218135031
0.5034150597426006,0.4632449556937449,0.033339984563654536
0.5345686026254475,0.4279373117891985,0.037494085585353984
0.42306121238204086,0.5370099393959855,0.039928848221973665
0.5217266646459197,0.4436984145095939,0.03457492084448655
0.41843700338200285,0.5412391064586952,0.040323890159301934
0.4474037756328018,0.5165060970558838,0.03609012731131443
0.42051861553896575,0.5385737733056086,0.04090761115542566
0.40990176820551666,0.5534146012547385,0.03668363053974477
0.4572022753161135,0.5073618774201297,0.03543584726375684
0.4689884356362912,0.48357306706168424,0.047438497302024575
0.42343104055033787,0.5356678269153731,0.04090113253428916
0.45301784503646025,0.5132595891957055,0.03372256576783427
0.4243483311982418,0.5368622392836511,0.03878942951810727
0.44111256407184823,0.5208421605791834,0.038045275348968184
0.42680985436923286,0.5323091744262791,0.04088097120448808
0.4305279670056443,0.5308500280938493,0.03862200490050675
0.4428941384729185,0.5184411599723416,0.03866470155473972
0.438993271517062,0.5264606575227565,0.03454607096018148
0.41173747628884694,0.5499636296043781,0.038298894106775075
0.4561199819647171,0.5076701983671031,0.036209819668179606
0.563980224413134,0.40482301171854196,0.031196763868323995
0.5452472066838184,0.4187179591337167,0.03603483418246474
0.45813003699730304,0.5069338390373664,0.03493612396533048
0.42733539602182646,0.5389718594422875,0.03369274453588588
0.41960222304581357,0.5416291931118528,0.038768583842333955
0.49284776097843686,0.47420517371598675,0.032947065305576374
0.41241526512306326,0.5474231571911529,0.040161577685784135
0.4303875937622725,0.5321495988180243,0.037462807419703543
0.40234406075922463,0.5711208005359208,0.026535138704854508
0.41894100714868726,0.5436479383490259,0.037411054502286684
0.5369926419957823,0.4261972823832436,0.03681007562097388
0.5205321557028548,0.440229628190125,0.039238216107020066
0.49273818255378227,0.447751326616344,0.05951049082987395
0.5042851950847296,0.46059252764967956,0.0351222772655907
0.4167809435703339,0.5407611742773758,0.04245788215229052
0.4344590953429196,0.5301341099153732,0.035406794741707256
0.49483036420494947,0.4667860442138842,0.038383591581166374
0.4967171576232883,0.46372927209746656,0.03955357027924516
0.4322731914748362,0.5293579160429761,0.03836889248218757
0.4845758404534848,0.4808255231790541,0.03459863636746119
0.43081899490110515,0.5386307182134326,0.030550286885462307
0.4029130027555486,0.5565012516939214,0.04058574555052986
0.4213559757508232,0.5399000570644915,0.03874396718468522
0.4194725581863089,0.5455103294837869,0.03501711232990395
0.3894674689265047,0.5554293896810806,0.05510314139241466
0.506684574420546,0.4561874921316935,0.03712793344776024
0.4820146337677065,0.4963783105385782,0.021607055693715235
0.44957078973065373,0.5151905347217954,0.03523867554755097
0.4774528435407672,0.49297501054501164,0.029572145914221144
0.5117498219728526,0.4526263440691226,0.0356238339580248
0.4244105175235714,0.542328794899248,0.033260687577180745
0.4860625035313354,0.477608685905582,0.036328810563082604
0.4129147016421964,0.5491306221317193,0.037954676226084116
0.4332636194845521,0.5283131117234284,0.038423268792019676
0.4858226964561879,0.48798989980718493,0.026187403736627063
0.4357307914405312,0.5264761960183525,0.037793012541116285
0.4179878598259137,0.5418421133313003,0.04017002684278609
0.4535179608846175,0.5061423797499737,0.040339659365409064
0.4903668527094783,0.46910200478082315,0.040531142509698574
0.45913958600710203,0.4795691874149788,0.06129122657791932
0.4435054728730941,0.5008832610906556,0.05561126603625003
0.5475629734888584,0.42261144014365293,0.029825586367488596
0.47371579303152533,0.48639736401044903,0.03988684295802551
0.4468698366131811,0.5126253513980022,0.04050481198881656
0.41447239240111633,0.5450101083501931,0.04051749924869034
0.4210279146954018,0.5407633315760814,0.038208753728516814
0.4992775574815881,0.4625393947246393,0.03818304779377279
0.42753426582300647,0.5433245453590787,0.029141188817914696
0.4432299602754921,0.5164636186022393,0.0403064211222687
0.4440970165073318,0.5158613704070448,0.04004161308562314
0.5325670491786201,0.4261413230935765,0.04129162772780347
0.5111919772874751,0.4527788030716638,0.0360292196408611
0.45240159748682285,0.5095040869072746,0.038094315605902776
0.3996931526376666,0.5640832912887225,0.03622355607361092
0.37992928684806787,0.5548899819930369,0.06518073115889528
0.40921108522167876,0.5521304451415746,0.038658469636746434
0.49715090856681315,0.43165752233349663,0.0711915690996901
0.543391636373386,0.42671792298308925,0.029890440643524675
0.4101619182094229,0.5530502499015783,0.03678783188899865
0.42600468427037225,0.5390636135822702,0.03493170214735751
0.4090989017827772,0.5511896548889248,0.03971144332829787
0.40827872504144,0.5520891775557798,0.03963209740277991
0.4494896984630363,0.5144352853843586,0.03607501615260494
0.43144152284250115,0.5284539667407046,0.04010451041679436
0.43981218770143615,0.5199846027152177,0.04020320958334613
0.480291104727667,0.4790252639322064,0.040683631340126584
0.4098371034208321,0.5510433990190468,0.039119497560120835
0.4227158041172815,0.5372963658033894,0.03998783007932932
0.534411708879377,0.4291436265029804,0.036444664617642675
0.42260401962537597,0.5387418768248771,0.03865410354974685
0.4351066175410688,0.5260672223190718,0.03882616013985954
0.43114050326111153,0.5295982030729697,0.03926129366591873
0.4786569305419955,0.4847664346402886,0.03657663481771571
0.4441496287803171,0.5153440484841457,0.040506322735537
0.5005860606247199,0.46217602709431804,0.03723791228096196
0.5361103751263573,0.4257316619023828,0.03815796297125989
0.5061192234239634,0.4532085105545318,0.04067226602150479
0.44181250387436133,0.5175889450108206,0.040598551114818006
0.4083623474987469,0.5206547722073954,0.07098288029385773
0.57941515336521,0.38437515883442935,0.03620968780036075
0.4125082822967237,0.5493693312568205,0.03812238644645579
0.5284372260143261,0.4358147795144934,0.035747994471180745
0.4653273858567352,0.49572236240646955,0.03895025173679534
0.41726709453981026,0.5410256020279439,0.04170730343224576
0.46019226560427823,0.5024346359165823,0.03737309847913955
0.4858348451442724,0.45077242316296146,0.06339273169276612
0.5135495597987708,0.4472835107084646,0.03916692949276443
0.4192671882038257,0.5404347117300528,0.04029810006612166
0.418477257352874,0.5482833489127917,0.033239393734334446
0.46198460062371094,0.4982909543795189,0.039724444996770185
0.4526690809442137,0.5089964267372376,0.03833449231854883
0.4106316833103229,0.5466924767735137,0.04267583991616351
0.5221552919736409,0.4481811580908622,0.029663549935496816
0.4742537171423294,0.4825847642878188,0.0431615185698518
0.4272062085568653,0.5340588838010513,0.038734907642083254
0.42569541985146736,0.5348833036175082,0.039421276531024244
0.49002440335830755,0.47377667612329816,0.036198920518394344
0.40783093918856966,0.5518337868290735,0.04033527398235699
0.46392235654440456,0.49819476392818157,0.03788287952741411
0.4099115571209317,0.5495656234346311,0.040522819444437384
0.41419473854426403,0.546523892003733,0.039281369452003216
0.4026347218338644,0.5617773480298137,0.03558793013632205
0.4606745009753093,0.49933291028666293,0.039992588738027794
0.42542310067180206,0.5382064515404812,0.03637044778771688
0.4072865876065034,0.5576883872430354,0.03502502515046085
0.5026975576934807,0.46160908171913323,0.03569336058738587
0.4921388647053607,0.46763088956031246,0.04023024573432698
0.44555593730675763,0.5151753660716359,0.03926869662160675
0.45943609958314907,0.5014508709674099,0.03911302944944082
0.5320297185178486,0.428858007734155,0.03911227374799616
0.41161023385083945,0.5509703279289804,0.037419438220180165
0.4259719500184013,0.5368430629150646,0.03718498706653419
0.4086999181651135,0.552431695240355,0.038868386594531484
0.4494833351828022,0.5094239316564275,0.04109273316077042
0.4164042232827072,0.5448141336979582,0.0387816430193347
0.4832665329864162,0.48624166076125674,0.03049180625232705
0.39903397732142915,0.5609371272725878,0.04002889540598281
0.5192525321532363,0.4482493524003218,0.03249811544644202
0.45016135630185455,0.5088900898151076,0.040948553883037614
0.423091482850472,0.5374350084369379,0.039473508712590165
0.44147769180375757,0.5200938962264584,0.038428411969784075
0.4744238389017589,0.4865588544474106,0.03901730665083055
0.48669871481120514,0.47947477779510916,0.03382650739368579
0.41802356445341343,0.5417536911720228,0.0402227443745636
0.48524370572503106,0.48116706191789,0.03358923235707904
0.45148377260218986,0.5085370100089813,0.03997921738882863
0.5010193237979907,0.4566575724140408,0.04232310378796872
0.48774019603072655,0.47286069056292945,0.039399113406343986
0.49156287574741653,0.46622844580995976,0.042208678442623465
0.43369430457065045,0.5271163917215268,0.03918930370782245
0.42508670419690026,0.5347975990899644,0.0401156967131354
0.4148806039488203,0.5471053478116384,0.038014048239541506
0.4309672934942082,0.5315806396061948,0.037452066899597077
0.4469879969641266,0.5134226937070764,0.039589309328796736
0.4258351928335981,0.5339126023925765,0.0402522047738256
0.5312043089684508,0.395743776548882,0.07305191448266686
0.4290901871690904,0.531794584045598,0.039115228785311526
0.4486579887108506,0.5136556444411243,0.037686366848025024
0.4470384272329649,0.5133653758062114,0.039596196960823504
0.411801230314912,0.5559340929152397,0.03226467676984847
0.46099711453441355,0.4997611557129605,0.03924172975262606
0.5292745749870371,0.43056806186244184,0.04015736315052079
0.539341426386094,0.4219262511717568,0.038732322442149185
0.5499152954658246,0.4181638348309688,0.03192086970320619
0.3993696348267367,0.5560076740731399,0.04462269110012331
0.4131535056739885,0.5461536209815779,0.040692873344433576
0.5154294215396531,0.450471157212782,0.03409942124756486
0.4228348021166895,0.5374481357242634,0.039717062159046954
0.4383913552152542,0.524706510666265,0.03690213411848056
0.5335497511498707,0.4357526994066999,0.03069754944342928
0.5595645227957238,0.39673328187809725,0.04370219532617901
0.43546948670922164,0.5249900342872796,0.03954047900349844
0.4366016293763324,0.5262008649627119,0.037197505660956025
0.41804802297306,0.54653029711546,0.03542167991148011
0.4921669460496679,0.46912849980227905,0.038704554148053245
0.41282196738356486,0.5486702717896027,0.03850776082683263
0.42157770504568853,0.5395412729301308,0.038881022024180624
0.4238490972371161,0.5366214530892927,0.03952944967359143
0.42443182942548635,0.5357625659537987,0.03980560462071516
0.45810086181472376,0.50396734072027,0.03793179746500615
0.40520057849143076,0.5562995479841303,0.038499873524438934
0.4101413404414449,0.5527058647836893,0.037152794774866015
0.4360584244409857,0.5250754669721968,0.03886610858681737
0.4532638280106793,0.46292376379974337,0.08381240818957757
0.4331042393518342,0.5318030748246163,0.0350926858235498
0.5349876680985611,0.42958664190016,0.035425690001278876
0.5586326516844208,0.40238348249585776,0.03898386581972157
0.5216684950282535,0.4397128917162359,0.03861861325551037
0.549277405534082,0.3979483625563976,0.05277423190952042
0.4142197472115526,0.5549211317531035,0.030859121035343762
0.5696806083593365,0.3337864004854365,0.09653299115522689
0.5173344477705358,0.4439798642403589,0.038685687989105294
0.4575964794092879,0.5018094919242188,0.04059402866649357
0.46026219634628496,0.49978202128134563,0.03995578237236913
0.4198099073664937,0.544308574529871,0.03588151810363522
0.4093252205483954,0.5524454733563852,0.0382293060952195
0.5265285686811683,0.4441793332135563,0.029292098105275544
0.5812193217280234,0.38669056287827114,0.0320901153937054
0.38891224402561825,0.5707057778661834,0.04038197810819848
0.4658286563289657,0.4920250259843739,0.042146317686660356
0.5142843660890971,0.4500854912417013,0.03563014266920195
0.5063133760892257,0.45794944724331255,0.03573717666746185
0.45650904686882815,0.5036522466449965,0.03983870648617524
0.4156516162693097,0.5452809168656764,0.03906746686501393
0.5287769549119944,0.43857594837169045,0.03264709671631509
0.42941581983101834,0.5333176317413834,0.03726654842759829
0.40898958021813403,0.551126121450839,0.03988429833102718
0.5322972280349314,0.4010849486937219,0.066617823271347
0.570543714403553,0.385892888927271,0.04356339666917597
0.4134556310417533,0.5506716917211324,0.035872677237114355
0.40396081034935155,0.559081048398149,0.036958141252499514
0.5004055395165794,0.46082422114011584,0.03877023934330477
0.4074845638623095,0.5639244988305182,0.028590937307172375
0.4715226782565487,0.49188967365822583,0.03658764808522531
0.5628475128769521,0.40194932084515106,0.035203166277896894
0.4085330243793646,0.548785409064168,0.04268156655646734
0.5158687678276768,0.44839227776520957,0.03573895440711338
0.4233738195897552,0.5357017488531987,0.04092443155704617
0.5016293303634166,0.46258544347508246,0.035785226161501205
0.5352728264012108,0.42350642228029206,0.041220751318497284
0.4565495250589399,0.5112502453949771,0.03220022954608298
0.4184018911403039,0.5426910821506757,0.038907026709020444
0.4165751452255381,0.546197822023734,0.037227032750727786
0.3925315892255274,0.5716389188959081,0.035829491878564455
0.4283866624423349,0.5379936623932732,0.033619675164391793
0.42285877262633803,0.5364968979418098,0.04064432943185213
0.4643370519746052,0.49915840589390065,0.036504542131494226
0.4287619992471224,0.4650742035916578,0.10616379716121978
0.436807528999116,0.525464171571815,0.03772829942906878
0.15832059517048014,0.42280542755281086,0.41887397727670883
0.4718936268695251,0.43499611001006944,0.09311026312040546
0.4095902778726497,0.5519057750316055,0.03850394709574485
0.42846120973181,0.5316536859854388,0.03988510428275113
0.4545312202415859,0.5046311127030518,0.04083766705536232
0.5324201536468065,0.433307542534639,0.034272303818554624
0.4190843838149816,0.5415374144600473,0.0393782017249713
0.426560661988241,0.535242764783284,0.038196573228475174
0.41374838622270776,0.5503115323808769,0.0359400813964151
0.42468072714632954,0.5344764157480258,0.04084285710564469
0.4781661220118328,0.4832886915119225,0.038545186476244685
0.5057295482549495,0.4580864780379019,0.03618397370714849
0.509782934624423,0.4530618478799165,0.03715521749566044
0.40371467607673306,0.5587156980226591,0.03756962590060774
0.41514237559455475,0.5466033501570584,0.038254274248386774
0.5041939841936218,0.45719529725506763,0.038610718551310624
0.48917322646072287,0.4737620408895675,0.03706473264970973
0.44487928615182876,0.5165400855501028,0.03858062829806874
0.4105475045841887,0.5609975699550674,0.028454925460743637
0.42677270439883064,0.5374091827868731,0.03581811281429649
0.4436182346548656,0.5141924309961869,0.04218933434894711
0.4961045923563276,0.46767420532941434,0.03622120231425823
0.42346510427004347,0.5369092021519281,0.039625693578028705
0.4771348827151523,0.44651578144214105,0.07634933584270666
0.45817927625322397,0.5017571336901532,0.040063590056622765
0.5248465174082693,0.44297762475255215,0.03217585783917874
0.509477864039237,0.4522165507142356,0.03830558524652717
0.5266815677706286,0.43749548120737536,0.035822951021996056
0.5049727569380337,0.4583417708999565,0.03668547216200995
0.43633266669472043,0.5253583047247901,0.03830902858048962
0.40538875831707927,0.5555222228385325,0.03908901884438812
0.49292754400471767,0.4684177139914573,0.038654742003824814
0.5546533268896329,0.40350714763492396,0.041839525475443215
0.4173507952623422,0.5420924112981222,0.04055679343953551
0.4332881526956154,0.5274971008302223,0.039214746474162274
0.43577914005918317,0.5237569825604587,0.040463877380358025
0.44657135556787814,0.5141419305721957,0.039286713859926305
0.4098953973251612,0.5506431645568343,0.03946143811800453
0.42785039986095047,0.5364239693872355,0.03572563075181394
0.5103544307375907,0.44954031195954586,0.040105257302863524
0.49149086998472724,0.4718265259331022,0.03668260408217055
0.595493936579554,0.24304172818367525,0.16146433523677076
0.41539512387451927,0.5463768153302089,0.038228060795271857
0.5193368543971412,0.44318042034066785,0.03748272526219089
0.5444035391550778,0.4188702847548762,0.0367261760900457
0.44076963238448685,0.5188501969956527,0.040380170619860316
0.41377123500620355,0.5464776450099174,0.03975111998387921
0.41336973116701115,0.5493702686829492,0.037260000150039475
0.41628009518564835,0.5433403621066311,0.04037954270772058
0.4125998868456422,0.5479489067589914,0.039451206395366464
0.4182859174463414,0.5423597074394273,0.03935437511423115
0.4740934519040216,0.4848731363253881,0.04103341177059012
0.5557177802355814,0.4079230362879748,0.03635918347644357
0.43253217327259363,0.528405130438289,0.03906269628911738
0.41549168187344987,0.5464196758225512,0.03808864230399896
0.41472019959009226,0.5449322720808518,0.040347528329056116
0.5188612200809971,0.4402776704810305,0.040861109437972394
0.4523205482488302,0.5070993110324847,0.04058014071868511
0.5137349353927015,0.4569946280572306,0.029270436550068023
0.41730202470342226,0.5419299749059431,0.04076800039063449
0.4537418709338434,0.5077602901043927,0.038497838961764015
0.4366528757737221,0.5250330390762661,0.03831408515001194
0.5655130701780193,0.39697102171138915,0.03751590811059143
0.49155589148798234,0.46979816756435994,0.03864594094765759
0.4591043229690878,0.5028321270884114,0.03806354994250101
0.43126806591865136,0.5284576936663932,0.04027424041495559
0.4198664717025942,0.5394866280632792,0.04064690023412643
0.4495432425556989,0.5090944566722259,0.041362300772075054
0.4456401355028635,0.5144447723011153,0.039915092196021
0.46599545747278903,0.49788679097971766,0.03611775154749327
0.429550034691413,0.5303567141842352,0.04009325112435166
0.4113874851240615,0.5483315097521567,0.040281005123781924
0.44571477949891536,0.5152842139880371,0.039001006513047706
0.43963572415405083,0.5210359512272082,0.03932832461874062
0.45021390999818456,0.5059794696630087,0.04380662033880697
0.44361081788116175,0.5213017320542832,0.035087450064555235
0.5248712902614242,0.43652340176585613,0.03860530797271959
0.4625793889847094,0.5025881466255312,0.034832464389759475
0.4151377320870974,0.5462507246679411,0.03861154324496169
0.4380322886917577,0.5226932232454323,0.03927448806281002
0.4608029776140053,0.5032059452746885,0.03599107711130622
0.4348985101872041,0.5246588813863161,0.040442608426479794
0.4368429141184019,0.5209828487823024,0.04217423709929558
0.5543496010513983,0.4204605951860421,0.025189803762559675
0.5206597943566392,0.4422290475347074,0.03711115810865363
0.4283337124571727,0.5315654449582832,0.04010084258454372
0.420392434966721,0.541286132068236,0.03832143296504293
0.5569302179267075,0.4064593402237769,0.03661044184951572
0.4306215032741527,0.5293327091231912,0.04004578760265594
0.48243131534251965,0.478375298317487,0.03919338633999364
0.41146554298268445,0.5477188320147686,0.04081562500254712
0.5189219985753336,0.4425211808383464,0.03855682058632006
0.4585571597591349,0.5100298465957039,0.03141299364516121
0.4286202491944335,0.5257325713486195,0.04564717945694704
0.5398997869672268,0.41884482378275906,0.04125538925001406
0.5151017820453133,0.44839250490198174,0.036505713052705085
0.4098729332873332,0.5501256316012781,0.04000143511138849
0.5278565062208292,0.43469455796778594,0.03744893581138481
0.40681241677989255,0.5673238777070645,0.025863705513042776
0.4201259089696983,0.5565719691769134,0.02330212185338837
0.518139809840572,0.44602559050687,0.035834599652557836
0.47584480133608686,0.4900940249501318,0.03406117371378145
0.4807474296585329,0.48328141747659714,0.035971152864870015
0.41719563939493076,0.542209565755646,0.040594794849423334
0.49323859866286063,0.4694174193443055,0.03734398199283392
0.40668515614889744,0.5660313462298038,0.0272834976212989
0.509828675163642,0.4554013560384385,0.03476996879791946
