0,1,2
0.42054621899062106,0.5384496190568904,0.04100416195248858
0.4965772783920229,0.46454352106028096,0.03887920054769629
0.46434640187966253,0.49604249196008043,0.03961110616025723
0.47315310575253156,0.48517489764917954,0.041671996598289095
0.41993387451265257,0.5402480907883097,0.03981803469903756
0.4201470755641889,0.5391938400956555,0.04065908434015582
0.4935843090716899,0.46754737062654594,0.038868320301764396
0.5402157177133291,0.4190696372951037,0.04071464499156726
0.535295074445309,0.42508811664789986,0.039616808906790965
0.4764814343132305,0.48186289866376697,0.04165566702300252
0.45648233956453366,0.5014541697048625,0.04206349073060398
0.43857136769298105,0.5194099203668913,0.0420187119401276
0.44313589415867444,0.5142916491279488,0.04257245671337674
0.5164830209755584,0.44150212402576344,0.042014854998678124
0.4281001192956384,0.5305379153554708,0.04136196534889063
0.4808604046582708,0.4775209443685999,0.04161865097312949
0.436398937395839,0.5252568477987285,0.03834421480543253
0.4282646077472044,0.5309854949025011,0.04074989735029456
0.517467483258823,0.44196742852610366,0.04056508821507362
0.45608611808536664,0.5021675364744502,0.04174634544018307
0.4870777613725478,0.4763370044592966,0.03658523416815529
0.43343753342681557,0.5254909801912635,0.041071486381920916
0.4165825391514181,0.5437878954611097,0.039629565387472046
0.4171776865327365,0.5414250079293287,0.04139730553793475
0.46089333971431523,0.4968196264159496,0.04228703386973525
0.41913249187888435,0.5397452708040192,0.04112223731709669
0.4233916897764781,0.5396996222174547,0.03690868800606728
0.48567323677669405,0.4749636909838228,0.03936307223948314
0.48226384268261085,0.4759509150295659,0.04178524228782334
0.49772444492597046,0.46112417745928286,0.04115137761474662
0.53666848415357,0.42409548821645415,0.03923602762997578
0.42647653552657744,0.532519905114023,0.04100355935939936
0.4888165839953179,0.47062300541483115,0.04056041058985102
0.417799322445378,0.5406697694306826,0.0415309081239396
0.5423231166362441,0.4178487451434412,0.039828138220314786
0.41031631448992456,0.5510563019026894,0.03862738360738596
0.4167913249829686,0.5442430607232855,0.03896561429374581
0.4525301428720258,0.5087842872505692,0.038685569877404624
0.4189577742904904,0.5395032716178229,0.04153895409168668
0.42664372204750517,0.531883997719709,0.04147228023278602
0.43068634071167794,0.5283737219351994,0.04093993735312265
0.48296801755323887,0.4761767024818692,0.040855279964891945
0.5631395630709375,0.3959468737839308,0.04091356314513158
0.41656660726978034,0.5422609035452006,0.04117248918501931
0.4875710927250937,0.4346786227122065,0.0777502845626997
0.45953962174958984,0.49851376162649746,0.04194661662391274
0.5011446141756272,0.4584842773505129,0.04037110847385981
0.4925057268064079,0.467894708408098,0.0395995647854938
0.4212745046697081,0.5382211681915059,0.040504327138785864
0.41697533139377024,0.5422092591568354,0.040815409449394165
0.41567759043735597,0.5433756370851188,0.04094677247752508
0.4123962319454739,0.5467757377632165,0.04082803029130974
0.4156436325692993,0.5425990404095641,0.04175732702113645
0.4577750820011149,0.5052074901945892,0.03701742780429576
0.445604782235892,0.5137460386484712,0.040649179115636924
0.4901597900103131,0.4685340995030476,0.04130611048663903
0.40899101839058316,0.5507543928850128,0.040254588724404385
0.45367363178013254,0.5044290311915223,0.04189733702834512
0.4121686298203322,0.5475139892190701,0.04031738096059785
0.42840258679495097,0.532060775613922,0.03953663759112678
0.43237670546624685,0.5261044716516671,0.04151882288208609
0.48412597612682534,0.47531453808735646,0.04055948578581817
0.429525001056961,0.5323576952364891,0.03811730370654975
0.4283014762498004,0.5311403293398632,0.04055819441033623
0.48824142049822744,0.4712966446834322,0.04046193481834056
0.43198706941856396,0.5269623597745894,0.04105057080684654
0.42935626021451834,0.5291324602483841,0.04151127953709751
0.4511000833874437,0.5066434975366882,0.04225641907586808
0.4215035164367479,0.5380407559808781,0.04045572758237392
0.4154290456094419,0.5438023950060505,0.04076855938450754
0.43450375723056867,0.5181094091804511,0.0473868335889802
0.44102322663678156,0.5207705253297094,0.03820624803350902
0.45290023818023667,0.5051260774796602,0.041973684340103005
0.45598178961127367,0.5023536673518745,0.04166454303685192
0.4649291730996864,0.4935413146434618,0.04152951225685161
0.453440940621935,0.5054948581227847,0.04106420125528034
0.4370302630194497,0.5219984295760577,0.04097130740449271
0.4288061819731046,0.5317735608245671,0.03942025720232806
0.4209299744477212,0.5388013170376956,0.040268708514583584
0.4928822999508463,0.46780920214051747,0.03930849790863623
0.4307952646405754,0.5270420267598989,0.04216270859952578
0.5026040298961951,0.45882192022297025,0.038574049880834585
0.448237674797297,0.5142239108434455,0.03753841435925728
0.494377925998617,0.4650370925453228,0.04058498145606028
0.43638597851625494,0.5223909274199008,0.04122309406384423
0.43026560936327407,0.5291906260707789,0.04054376456594691
0.4807786085449633,0.47960666139122765,0.03961473006380921
0.4526224646468474,0.5055477647877287,0.041829770565423835
0.48997022677812935,0.4676517106575472,0.042378062564323346
0.49490333943809783,0.4644493641798816,0.04064729638202045
0.4151751531294468,0.5455084999961817,0.039316346874371626
0.5290115403409763,0.4317504420610904,0.03923801759793319
0.4623285526961532,0.49843833262634735,0.03923311467749945
0.45377573810506944,0.5045607509999069,0.04166351089502352
0.5765413245920511,0.3848482386355665,0.038610436772382545
0.5734323241367779,0.38547465431642347,0.04109302154679861
0.48287235955632,0.4752426237376263,0.04188501670605352
0.43440333703909073,0.5275628383416004,0.038033824619308695
0.44722551904475677,0.5125366248768027,0.04023785607844058
0.5096121661188171,0.44932812133344274,0.04105971254773995
0.5333953578613488,0.42648536157448036,0.04011928056417119
0.41646428986894174,0.5424420531777709,0.04109365695328732
0.41919642148664416,0.5421005240926905,0.038703054420665545
0.42041804186507703,0.5388766740873461,0.040705284047577076
0.6709339757660744,0.17328923234280405,0.1557767918911213
0.41690407180439126,0.5411075598096959,0.041988368385912675
0.5418303241183113,0.418191676383381,0.039977999498307604
0.4415878404272638,0.5261711198076522,0.03224103976508405
0.5240369832300736,0.4332850900690609,0.042677926700865405
0.5171513665719142,0.4497298830811912,0.0331187503468946
0.4116376121511183,0.5491354418048723,0.03922694604400937
0.4255251698040993,0.5340855977117575,0.040389232484143126
0.4334599997579358,0.5248562352324273,0.0416837650096367
0.4291068759818335,0.5291935946331141,0.041699529385052565
0.4204283134487144,0.5388762612306629,0.04069542532062271
0.507552512528416,0.45116138208667406,0.04128610538490987
0.41620250317953567,0.54651231994512,0.0372851768753443
0.4220564634598354,0.5367066474252842,0.04123688911488049
0.42256424016774236,0.535839976498963,0.0415957833332945
0.46272236650444126,0.4957628598049377,0.041514773690621024
0.5001404237421969,0.4588326091002353,0.04102696715756788
0.4419685576448808,0.5196636567132089,0.03836778564191027
0.49272290093750837,0.465592904878395,0.04168419418409659
0.4875800761957537,0.4709863616868809,0.04143356211736533
0.41149510766495007,0.5467681105030101,0.04173678183203965
0.4595711694418888,0.49813530659121247,0.042293523966898915
0.4185875058962269,0.5396730804066135,0.04173941369715943
0.5502393356649693,0.4088130989501087,0.04094756538492195
0.4315262804053628,0.5323187338481135,0.036154985746523774
0.45981726374909226,0.501905511101885,0.038277225149022875
0.477663070063161,0.4814989578163795,0.04083797212045938
0.42471016154311436,0.534468409054499,0.04082142940238689
0.45146333871600847,0.5087220083504292,0.03981465293356233
0.426339169084612,0.5334475871619568,0.040213243753431056
0.46123140225414755,0.4980959357303466,0.040672662015505734
0.41626994618308233,0.5425566658990559,0.04117338791786149
0.4779990899169959,0.4806986666946459,0.041302243388358424
0.4344634204857839,0.5255480832056454,0.039988496308570466
0.4253401267571675,0.5344430723191328,0.04021680092369988
0.4729166423025003,0.48583529851861346,0.041248059178886375
0.4696496960798682,0.49041665525328465,0.03993364866684739
0.45490350747401714,0.5057141509481833,0.039382341577799546
0.4198793650812908,0.5386178071685817,0.04150282775012763
0.44794393648686676,0.51035906971831,0.041696993794823396
0.45764425219197347,0.49491975728364285,0.04743599052438382
0.418268347930717,0.5516703329694695,0.030061319099813386
0.45420740883368715,0.5049884357735841,0.04080415539272862
0.48872624073811155,0.4706074599623404,0.04066629929954827
0.4612789647139063,0.498649441600246,0.04007159368584774
0.49093823097320893,0.4710184328914106,0.038043336135380405
0.45269243489701655,0.507733030496099,0.03957453460688436
0.4624768947049511,0.49803050514986147,0.039492600145187476
0.4530094403580765,0.5040780007385461,0.04291255890337729
0.5010035451643825,0.45925071138654433,0.039745743449073376
0.42364017581084157,0.5346340377097821,0.04172578647937644
0.5000154095839096,0.4578798480600131,0.042104742356077515
0.4409168808925696,0.5177247608722458,0.041358358235184585
0.4366331240398983,0.5225031539718324,0.04086372198826925
0.4212798184891546,0.5376312610925189,0.041088920418326784
0.4295549986148675,0.5282180309582986,0.04222697042683379
0.47295905201398625,0.4856992205402897,0.04134172744572409
0.42880498059102495,0.5304987673766524,0.04069625203232274
0.43972619437875454,0.5188248756063191,0.041448930014926416
0.4746216367977556,0.4829103923025381,0.042467970899706324
0.4306685321090518,0.5279814863861012,0.04134998150484709
0.42698721878350965,0.5345741075753778,0.038438673641112635
0.5270067537190458,0.43574781395905127,0.03724543232190292
0.4186930639769762,0.5425544915132564,0.03875244450976774
0.444040035279882,0.5158786590487489,0.0400813056713691
0.5246999380404467,0.4328328226148571,0.04246723934469619
0.42094524466985445,0.5381624802174071,0.040892275112738484
0.4583837140307441,0.5013228877107665,0.04029339825848949
0.46929666777452544,0.4884593748092526,0.042243957416221965
0.43426847259349455,0.5252364513194986,0.04049507608700683
0.46174246406204444,0.5000676385664548,0.03818989737150098
0.4535423880113922,0.4997729326111555,0.04668467937745258
0.4309676590654528,0.5277079989283556,0.041324342006191415
0.5142240153855198,0.4473245289131839,0.03845145570129637
0.44644371231127644,0.5119013506746292,0.04165493701409424
0.46590588926249416,0.49300666826540857,0.04108744247209715
0.5238566639318172,0.4302945960542523,0.045848740013930356
0.4263744309172433,0.5325208392266911,0.04110472985606584
0.4923590637557291,0.46793248763804074,0.03970844860623022
0.4472523487380368,0.5123284251193834,0.04041922614257999
0.4294117102551229,0.5294117778143235,0.04117651193055368
0.4156538729146736,0.5442319908115749,0.0401141362737515
0.4188538924305912,0.5400794625117845,0.041066645057624244
0.45213033767905375,0.5085775520496648,0.03929211027128148
0.41789566678517187,0.5409591811072433,0.04114515210758514
0.4626167518335099,0.4992740598449306,0.03810918832155965
0.42567072772061926,0.5348702935940266,0.03945897868535407
0.5382969498960817,0.4178312483981449,0.04387180170577335
0.4667610822798805,0.49195305418775537,0.041285863532363985
0.4756679826440083,0.4821637358714904,0.04216828148450125
0.4206113852130851,0.5317810145073643,0.04760760027955071
0.5194093695791693,0.4393976125300349,0.04119301789079583
0.4328512490817797,0.5254766666174886,0.04167208430073165
0.42273197173025406,0.538903771356165,0.03836425691358128
0.42483172329283586,0.5337468149233257,0.0414214617838384
0.3866291827906613,0.4505925296707521,0.1627782875385868
0.4515610094190755,0.5074807920546214,0.040958198526302975
0.5101381629651045,0.4510110061453578,0.03885083088953755
0.4492265217870601,0.5112430922189125,0.03953038599402708
0.5489892268021284,0.4106427654025289,0.040368007795342976
0.474606499167832,0.4844158340510972,0.040977666781070884
0.4397191626470768,0.5183069397642804,0.04197389758864302
0.44571890183152335,0.5090588272747821,0.04522227089369466
0.4235860051694925,0.5362011622547694,0.040212832575737975
0.41865024810042206,0.5415262049677527,0.03982354693182505
0.5041859584150534,0.4548524858294231,0.04096155575552358
0.4891179201518338,0.4705842129048208,0.04029786694334537
0.4836490163656247,0.4756731608223856,0.040677822811989874
0.4400822188738197,0.519359851227235,0.04055792989894526
0.460715643737193,0.49846675403727286,0.04081760222553418
0.49365313748040385,0.4658804875474374,0.0404663749721588
0.4225875951562438,0.5384885456511234,0.03892385919263313
0.4223125632713399,0.5441171135590566,0.033570323169603566
0.5618798207234967,0.39628523756523437,0.04183494171126897
0.5342584835252691,0.42336695072453623,0.042374565750194874
0.49201745654201356,0.46622232936884667,0.04176021408913992
0.4333632885513808,0.5260570647742326,0.04057964667438624
0.41027790622643495,0.5482646829945224,0.041457410779042664
0.42496775782931195,0.5346991156558107,0.04033312651487731
0.48327726068674676,0.47576977532479503,0.04095296398845825
0.44015555265319445,0.5212327313117358,0.038611716035069896
0.4806804154751156,0.47918160592390147,0.04013797860098291
0.42399468192541007,0.5348581668723887,0.0411471512022011
0.4124128124398657,0.5451325556698465,0.04245463189028737
0.5142185872826469,0.4442656157074749,0.04151579700987832
0.431631214160808,0.5264718647641299,0.04189692107506249
0.4832312713370792,0.47519899469111176,0.041569733971808624
0.4276805838220516,0.5325321653382424,0.03978725083970591
0.5250171248477474,0.43403567263787923,0.040947202514373414
0.45110122244764433,0.5071508718381273,0.04174790571422823
0.42364477856842203,0.5388029566571666,0.03755226477441126
0.474619028880625,0.4836860915069417,0.04169487961243299
0.5051966833702923,0.4569813268156964,0.0378219898140111
0.43324127423817005,0.5268499041303818,0.03990882163144828
0.46907103404793443,0.48874922583751923,0.04217974011454652
0.4393188218579187,0.5196839929599245,0.040997185182156844
0.42200433410319277,0.5374857147529263,0.04050995114388117
0.4201362156885896,0.5384149719533308,0.041448812358079644
0.4280780116370272,0.5314696944528217,0.0404522939101511
0.43834821736335866,0.5203008206347526,0.04135096200188873
0.5129059703713952,0.44601244109535443,0.04108158853325044
0.42162727686949414,0.5370573607198879,0.04131536241061802
0.48033555559073915,0.47978233106991613,0.03988211333934493
0.4494110902467441,0.5090023846395144,0.0415865251137417
0.4569249957314612,0.5010682556462348,0.04200674862230404
0.4484248754522117,0.513741439126437,0.03783368542135117
0.4260463239562862,0.5327198506034406,0.0412338254402733
0.49511523813106506,0.4683992250188352,0.036485536850099656
0.5003111511862974,0.45876584496140466,0.04092300385229799
0.4483554787741387,0.5096652314451463,0.04197928978071502
0.4768581596845222,0.4821359227993818,0.041005917516095926
0.41934697236271395,0.5397695887701538,0.04088343886713226
0.5309893229748331,0.429590396106481,0.03942028091868588
0.43894071032691656,0.5203100607863065,0.04074922888677701
0.48708763895667295,0.4767436504870032,0.03616871055632402
0.5362561173220299,0.4223840525706319,0.04135983010733796
0.43511249634900506,0.5230403181843182,0.04184718546667678
0.41885151259750153,0.5419578264352296,0.039190660967269086
0.4410243585117385,0.5176974479073259,0.041278193580935874
0.4197164016827264,0.5391911477919764,0.04109245052529712
0.48050107228274236,0.47738085240121364,0.04211807531604412
0.44793450438005866,0.5121021484426848,0.03996334717725649
0.4332698389321358,0.524925127050986,0.04180503401687823
0.5537963741403196,0.40647260864121,0.039731017218470506
0.5008457187478588,0.4586724877746608,0.040481793477480495
0.42949920655391566,0.5319157460424309,0.038585047403653455
0.47563437573048717,0.4852995549266229,0.03906606934288965
0.42549557853106307,0.532922158674578,0.04158226279435904
0.4559782378145271,0.5033628467513575,0.0406589154341153
0.4640167249845351,0.4889130467605068,0.04707022825495812
0.46357346142828526,0.49574757069961806,0.04067896787209649
0.4354139390299605,0.5235719161315426,0.04101414483849669
0.4111864754727726,0.5487476484419103,0.04006587608531693
0.4265764262165884,0.5332121244964517,0.04021144928695986
0.45354097121549636,0.5052889654901691,0.041170063294334834
0.4255842417558887,0.5331975388142189,0.041218219429892386
0.4500472790822032,0.5091005393251838,0.04085218159261296
0.50192835180165,0.4613463800050046,0.03672526819334555
0.5077249220240598,0.4538041467215077,0.03847093125443259
0.49763937521223356,0.4624482900569595,0.03991233473080697
0.5168426653618251,0.44145119697054613,0.041706137667628804
0.40883298177066635,0.5507569775438399,0.04041004068549356
0.4635091665583427,0.49563938028312393,0.04085145315853332
0.4261887029239379,0.5325424516519067,0.04126884542415526
0.4349935105780898,0.5246689792867331,0.040337510135177085
0.4586560665763427,0.5006764350109512,0.04066749841270592
0.4273770478681699,0.5376867545431032,0.034936197588726986
0.4233960109822959,0.5354893255864396,0.041114663431264555
0.46138959109279637,0.497423983891067,0.04118642501613656
0.47675837780514996,0.48195838766476906,0.041283234530081
0.4340895338018905,0.524047679620857,0.04186278657725274
0.4159896463465306,0.5544083641743333,0.029601989479136122
0.46719438053520446,0.49155156975881825,0.041254049705977285
0.527212354523698,0.43309545065498856,0.03969219482131362
0.4685192812580766,0.4896882315564056,0.0417924871855177
0.4195624593435438,0.5390705678882713,0.041366972768184886
0.4256483061281211,0.5374624829947118,0.0368892108771672
0.4300526870949626,0.5283090278567398,0.04163828504829757
0.4442631912234127,0.5137861338435447,0.04195067493304286
0.4236801926845376,0.534554823944081,0.04176498337138114
0.46174004415370073,0.514279205744486,0.02398075010181324
0.407330284445135,0.549142966460416,0.04352674909444885
0.42886335453977303,0.5300081840135007,0.04112846144672634
0.42842774493890945,0.5322283804429149,0.03934387461817542
0.41661089576982535,0.5421826229545093,0.041206481275665285
0.5004556728300472,0.4604840682100468,0.03906025895990607
0.5057342204436736,0.4527999276239392,0.04146585193238719
0.44699122707547706,0.5128262797478927,0.04018249317663013
0.4283567173085264,0.5323393598338565,0.039303922857616844
0.42502496510782994,0.5336871503248958,0.04128788456727438
0.4412373435782897,0.5217679122739434,0.03699474414776685
0.4783369993268781,0.4822340289146982,0.03942897175842365
0.4897007892630238,0.46838558358899113,0.041913627147985175
0.4633249842684579,0.4951177028468707,0.041557312884671495
0.47702484582792753,0.4804387090840927,0.0425364450879795
0.43802914978729945,0.5199504742111292,0.042020376001571304
0.4485783096679326,0.5096847847073055,0.041736905624761865
0.42898758479685184,0.531079992930165,0.03993242227298324
0.5583287217849953,0.40060680380929936,0.041064474405705514
0.4275584176888625,0.5308479337997538,0.04159364851138362
0.504234910764483,0.4566318161861356,0.03913327304938142
0.4032732208149858,0.5599905368258862,0.0367362423591279
0.41905267051995815,0.5417379894555311,0.03920934002451079
0.43460162355268667,0.5248826864634724,0.040515689983840995
0.4589714142824458,0.49794895006026246,0.04307963565729172
0.43305654249321013,0.526508053766915,0.04043540373987473
0.47494820203773513,0.48235604400057525,0.042695753961689606
0.4368601067787087,0.5226068347640718,0.04053305845721969
0.42865598373703406,0.529570899341529,0.041773116921436586
0.4625503232805433,0.49996800532925023,0.03748167139020678
0.4510177647962629,0.5071819329887391,0.04180030221499797
0.41918022912149316,0.5415884238527173,0.03923134702578916
0.45492586063476625,0.5044308840256758,0.040643255339557816
0.48827723006369933,0.4703753102133422,0.04134745972295849
0.5047371812657647,0.453514951915685,0.04174786681855016
0.5235114931000145,0.43496683720587564,0.04152166969410967
0.43191945986477664,0.5331618638612513,0.034918676273971834
0.5340470570019862,0.4258557853482051,0.0400971576498087
0.48640723284570875,0.47378192232388405,0.03981084483040712
0.4240280532067976,0.5341167827082118,0.041855164084990445
0.46650752390512784,0.4913418396449827,0.04215063644988959
0.44653272466306876,0.5149117379430873,0.03855553739384365
0.47602299846076546,0.48249744779445175,0.04147955374478294
0.5041823828851446,0.45429670419665075,0.04152091291820459
0.4371801761465738,0.5212432874089066,0.0415765364445197
0.48040278609351467,0.4778614292669063,0.041735784639578714
0.42835798683040877,0.5307184407252598,0.04092357244433157
0.4450268323583525,0.5155643568693772,0.03940881077227043
0.42308425971960645,0.5355167434048435,0.04139899687555
0.41249996555561785,0.5469567718535261,0.04054326259085592
0.45634554094204954,0.5044888477262944,0.03916561133165631
0.48234191959184713,0.47559428019752237,0.042063800210630546
0.44644941602375826,0.5114278750242274,0.04212270895201427
0.42550631053501053,0.5359099243253767,0.03858376513961283
0.43197374805932537,0.527625526681318,0.0404007252593566
0.4233089838715836,0.5369817700681654,0.0397092460602508
0.43067864567367736,0.527429052375592,0.04189230195073115
0.43561205759893257,0.5232922162989517,0.04109572610211565
0.4474316219610457,0.5116924986330877,0.04087587940586632
0.44205627967460964,0.5174798071658646,0.04046391315952551
0.4286461940627568,0.5299577520650703,0.04139605387217288
0.4558245312724378,0.5036511420263401,0.040524326701222114
0.5488601100004018,0.41303656308061687,0.03810332691898161
0.4853552073268143,0.4728696147466918,0.04177517792649392
0.4389889255301231,0.5204611351986623,0.040549939271214364
0.4397702470247639,0.5221236750599579,0.038106077915277876
0.428465974963907,0.5297822339215698,0.04175179111452338
0.4669373818081841,0.4918959252920532,0.041166692899762616
0.44555965708890133,0.5127524277869684,0.041687915124130163
0.43841098746845336,0.5212473542855076,0.040341658246039094
0.4086427288455511,0.5524667342635368,0.03889053689091204
0.4229716533907114,0.5373374110894882,0.039690935519800206
0.5368600990594243,0.425901059365473,0.03723884157510273
0.5193955933935575,0.44045790786215994,0.04014649874428254
0.4817748485828352,0.47584521517685285,0.042379936240311646
0.4971182284946895,0.46218934890384483,0.04069242260146574
0.41568819461579704,0.5427709751687735,0.04154083021542958
0.4223482989567419,0.5406728574533485,0.036978843589909535
0.4940881238266465,0.46514662119602807,0.04076525497732555
0.4511190946160254,0.5106997561598894,0.038181149224084915
0.43560501306095983,0.5251136207551742,0.03928136618386596
0.44479044112811034,0.5145554044158949,0.04065415445599474
0.42632759330953257,0.5356452874994525,0.03802711919101503
0.4357892581520907,0.5225011940101418,0.04170954783776751
0.42917220457068583,0.531450187600492,0.03937760782882209
0.42512792578148795,0.537463130523172,0.037408943695340216
0.40817995769631815,0.5368210453360517,0.05499899696763025
0.46933413488765696,0.4885992312892001,0.04206663382314297
0.46743386436749473,0.49248863249349395,0.040077503139011386
0.44813444740991587,0.5131247027710857,0.03874084981899835
0.4542362226814386,0.5060264025595147,0.039737374759046734
0.4827338416569099,0.47573644175668317,0.04152971658640701
0.4267637998978269,0.5341118563061884,0.039124343795984715
0.456909345822517,0.5012486813678853,0.04184197280959787
0.42553127377788474,0.5332717708381457,0.04119695538396945
0.435491229600577,0.5238201537470533,0.04068861665236966
0.4770314365370416,0.4880664018140289,0.034902161648929515
0.4382369043944368,0.5190024252059919,0.04276067039957135
0.4223436274816623,0.5359385170186891,0.04171785549964859
0.4558646784972516,0.5024373152666528,0.04169800623609549
0.49419143025277384,0.46518010873319066,0.04062846101403551
0.42029320766175504,0.4685932596512567,0.11111353268698833
0.4529482396527884,0.503576309269933,0.043475451077278515
0.5285174410522084,0.43017496489539697,0.04130759405239469
0.4690872802444752,0.48992246504853243,0.04099025470699248
0.4512745442736035,0.5075714948330962,0.041153960893300305
0.4169790985205543,0.5417420574312964,0.04127884404814922
0.42663723127498787,0.5320193269192822,0.04134344180572983
0.4915121059403614,0.4674612892701743,0.04102660478946441
0.4235215015846511,0.5359804602192707,0.0404980381960779
0.4408108712467743,0.51684801624945,0.042341112503775806
0.4348519905922938,0.523237139063146,0.041910870344560265
0.4661418186109285,0.49174271427691457,0.04211546711215688
0.49710853921862835,0.46302949641294283,0.03986196436842886
0.44887648401171554,0.5099795448394217,0.041143971148862736
0.40185058375601573,0.5532304603932545,0.04491895585072985
0.4056178598894202,0.5420657552581887,0.052316384852391304
0.4174864868563811,0.5411256524948985,0.04138786064872011
0.5235269912281163,0.3863113292667693,0.09016167950511438
0.518242666446896,0.4373736816837716,0.04438365186933239
0.418311314119898,0.5404953408318939,0.04119334504820819
0.42456360292213785,0.5354967387218116,0.03993965835605061
0.4167765168270507,0.5422824149824751,0.0409410681904743
0.4154493996889854,0.5439508537680698,0.04059974654294445
0.44799001015011847,0.5116100591459406,0.040399930703940795
0.4383587869637381,0.5199145148475706,0.04172669818869141
0.43956030280058744,0.5186550663330077,0.04178463086640468
0.4665879010780906,0.49566349019178024,0.03774860873012932
0.41949788764900436,0.539974179985831,0.0405279323651646
0.4322693517156136,0.5261872127184012,0.041543435565985255
0.4955360985232814,0.4630033059780791,0.04146059549863961
0.42998865597773567,0.5286201027940776,0.04139124122818673
0.4432280425329405,0.5154200999307907,0.041351857536268605
0.44453928947736027,0.5119622199419364,0.04349849058070318
0.46591341229905586,0.4920454667953789,0.0420411209055654
0.45164728266101284,0.5065675759225542,0.04178514141643295
0.48935628018086214,0.46896512608634083,0.041678593732797066
0.5250710327596495,0.43547536212339694,0.03945360511695342
0.5297630064884957,0.42835337649693306,0.04188361701457115
0.44244795151621985,0.5158331512702785,0.04171889721350187
0.400762871751447,0.5485085899172143,0.05072853833133856
0.5485157256672093,0.4107129428224216,0.04077133151036918
0.41779820297367776,0.541608615530473,0.04059318149584941
0.5200019332387468,0.440254108919178,0.03974395784207535
0.4548880086292534,0.503653677862279,0.04145831350846767
0.42665792804176617,0.523703340525492,0.04963873143274163
0.4409056937357059,0.5171204937582655,0.0419738125060287
0.48723201887800394,0.4681316949384937,0.04463628618350237
0.48088587061423743,0.48082480589628873,0.0382893234894738
0.4283375795809524,0.5298545655215123,0.04180785489753523
0.42598734676639455,0.5378890952137775,0.03612355801982793
0.4629560711465504,0.49520044031047167,0.041843488542977716
0.4481646690976114,0.5103763027097713,0.04145902819261749
0.41304398086386157,0.5442991106931099,0.042656908443028704
0.49531302274302147,0.4658158181842123,0.03887115907276611
0.48014810692158183,0.47672567331243293,0.043126219765985234
0.4380549236453931,0.5212019417202457,0.040743134634361196
0.43142662262516435,0.5272331846942808,0.0413401926805546
0.4744695528886967,0.48463192080852047,0.04089852630278276
0.416989525114038,0.5413720529326099,0.04163842195335222
0.4599656578532628,0.49981589475228516,0.040218447394451934
0.4172661413530044,0.5409650108024159,0.04176884784457948
0.42406284975546177,0.5348757788597199,0.04106137138481835
0.41496702107475114,0.5463608192788194,0.0386721596464295
0.4611767601170571,0.49760020431981294,0.041223035563129944
0.43707017825349737,0.5249106500728201,0.038019171673682586
0.4126731945333679,0.5464340795730043,0.04089272589362739
0.481145500005364,0.4775394077670885,0.041315092227547486
0.48840327983727616,0.4687517849033058,0.042844935259417995
0.44792423451236446,0.5103232005272047,0.04175256496043074
0.44879809837706097,0.5101743616758708,0.04102753994706829
0.5176800071552488,0.4427107064109949,0.03960928643375618
0.42047597287936467,0.5391821832787813,0.040341843841854075
0.4285699151965762,0.5303200458615799,0.041110038941844056
0.41818905764850023,0.5423100257596526,0.03950091659184724
0.44654553379668804,0.5114193943068286,0.04203507189648334
0.4219943003947015,0.5438839651361336,0.034121734469164944
0.4751555933617787,0.48390685611884554,0.040937550519375775
0.42209546751445987,0.5420614398860307,0.0358430925995093
0.4927599958668104,0.4658335632189724,0.0414064409142174
0.4469613123289025,0.5111222777585858,0.0419164099125117
0.4294748743121109,0.528918584194381,0.04160654149350815
0.44667231185471734,0.512095954081987,0.041231734063295764
0.4743736541028922,0.4841864353954805,0.04143991050162742
0.4710669953026878,0.4879619275086833,0.04097107718862906
0.4295778360309343,0.5298983429143501,0.040523821054715546
0.4811837276936389,0.48078217422171343,0.03803409808464757
0.46179900935254686,0.4969625851518943,0.04123840549555889
0.44257073109148065,0.5127036515891004,0.044725617319419035
0.5079686887408272,0.45046484380548407,0.041566467453688444
0.4795585515129193,0.477909318649508,0.04253212983757266
0.4367108926768259,0.522329884165582,0.040959223157592116
0.42883199505017244,0.5299300239287413,0.04123798102108598
0.42178918383058567,0.539120264589836,0.039090551579577984
0.44852897596324653,0.510307663767705,0.04116336026904869
0.4613026917837794,0.4968294529276839,0.04186785528853688
0.42392402560013975,0.5354152215715189,0.04066075282834106
0.47245185230092196,0.48556128266728127,0.04198686503179667
0.4385014899100544,0.5211183433643657,0.04038016672557991
0.4455911586872346,0.5147091445090088,0.039699696803756714
0.43814319523936984,0.5200802371739447,0.04177656758668535
0.4188004370722826,0.5422844910417589,0.038915071885958524
0.4715104201206475,0.48733972975229917,0.041149850127053654
0.4848059121631847,0.4747983928356543,0.04039569500116105
0.5208589635438049,0.438355230020401,0.04078580643579421
0.5249389579288103,0.4358878866220179,0.03917315544917171
0.40985638282098763,0.5388949735553976,0.0512486436236147
0.41993875725150603,0.5387823680461272,0.041278874702366734
0.5155028501833854,0.44442692206706463,0.040070227749549985
0.4298882293105116,0.5294710218980283,0.040640748791459944
0.4286197133104973,0.5327566854711198,0.03862360121838313
0.5233284633484508,0.4362591400753963,0.040412396576152934
0.5335728410861801,0.42365351815280394,0.042773640761016134
0.4297107914904556,0.5308100234961199,0.039479185013424546
0.4361629337441486,0.5231486408343253,0.04068842542152621
0.41186988255936946,0.5486964922131031,0.03943362522752732
0.4869180562880471,0.4721951588352703,0.04088678487668254
0.4200461972883486,0.5385643682533786,0.041389434458272915
0.4291071439389576,0.5296021483344945,0.04129070772654791
0.4364675234159391,0.5216673955392804,0.04186508104478052
0.4436644579253248,0.5144470264935657,0.04188851558110963
0.45311787211492544,0.506026282077662,0.040855845807412805
0.4156200645468415,0.5440118680903084,0.04036806736285008
0.4174216668125896,0.5425231774751063,0.04005515571230416
0.44689073182652683,0.5115101378457322,0.041599130327740895
0.4866578064933677,0.4711266682784694,0.0422155252281629
0.4389181580975347,0.5214547370448179,0.03962710485764736
0.48960640768201985,0.4723213255242525,0.03807226679372768
0.528275600145613,0.4299550039851574,0.04176939586922957
0.5142956093774347,0.44697265371973655,0.038731736902828946
0.47262176304239634,0.4841193298642625,0.043258907093341084
0.4182960214911337,0.5428948027667472,0.03880917574211925
0.5563027853283904,0.40308133672253205,0.04061587794907752
0.5044360386398498,0.4565886208808503,0.03897534047929998
0.4791586618006624,0.47900712263181205,0.041834215567525555
0.42722904119966204,0.5310801534552797,0.04169080534505805
0.42888139913523093,0.5341740012210668,0.036944599643702065
0.42110948169515167,0.5371686931689806,0.04172182513586758
0.5049711415422989,0.4536231254072003,0.04140573305050068
0.563371289159497,0.40116369075237074,0.035465020088132265
0.41015255966616765,0.5480196099681841,0.041827830365648265
0.4300638396955697,0.5284715960445698,0.04146456425986045
0.5153143546950828,0.4482058830479599,0.03647976225695733
0.48061249248912125,0.481351487332523,0.03803602017835587
0.46646778380877907,0.4939669248035275,0.03956529138769345
0.42332763774874516,0.5362183323417331,0.04045402990952185
0.5218064734916202,0.43935042819774034,0.038843098310639215
0.44363094777550627,0.5217852167046328,0.03458383551986097
0.432921756547489,0.526125359840433,0.040952883612077905
0.5549146342457718,0.42008252047070416,0.025002845283524065
0.44808283501527735,0.513352879489976,0.03856428549474663
0.42102620510807304,0.5381865054858914,0.040787289406035696
0.45163544314314846,0.5093738088399375,0.038990748016913906
0.4777395892709776,0.4811525475481785,0.041107863180843876
0.418909985951588,0.5506700238928021,0.030419990155609762
0.464925639432309,0.4945950909037846,0.040479269663906345
0.5418470094676089,0.41649098789777467,0.0416620026346166
0.4098741835295886,0.5471551913066004,0.04297062516381088
0.49069357392786944,0.4689696397222595,0.040336786349870944
0.41786347035050975,0.540948707426451,0.04118782222303924
0.48727249653805776,0.4723579154449186,0.04036958801702367
0.5141553356734505,0.4432619475109627,0.042582716815586646
0.43957298560786173,0.5195792554761892,0.040847758915949
0.42433621395020593,0.5343175921615758,0.041346193888218224
0.4206610570812038,0.5390947855780276,0.04024415734076868
0.40290219539426586,0.5563158385801719,0.040781966025562146
0.4197833519188344,0.5452250244052927,0.034991623675872725
0.4208979927374857,0.5376547266021265,0.04144728066038786
0.4571846547226198,0.502026825196107,0.04078852008127317
0.44431921225670296,0.5116003222121109,0.044080465531185796
0.44939288362512875,0.5108348108269936,0.039772305547877536
0.46473930418845705,0.4799214749603235,0.05533922085121953
0.4713261544979271,0.4444003176247729,0.0842735278773001
0.42057058179228934,0.5381974681711797,0.041231950036531094
0.43326916243884894,0.5255203117364697,0.04121052582468122
0.4602976493488992,0.4980172356743462,0.041685114976754506
0.5004805097037504,0.45815253935496286,0.041366950941286805
0.4268731430617926,0.531838152441862,0.04128870449634535
0.4206455115141385,0.5388933531761577,0.04046113530970372
0.4335027115254873,0.5246893958993563,0.041807892575156436
0.43249278903478006,0.5257623491005997,0.041744861864620175
0.47581981835712706,0.4827967421089737,0.04138343953389926
0.5029214736392472,0.4564726899845174,0.04060583637623565
0.4886305388336093,0.46950873085353517,0.04186073031285542
0.41160567036583967,0.5488431405139617,0.03955118912019861
0.4208720834870132,0.5379426125462845,0.041185303966702315
0.5010805249849781,0.4605807333321447,0.038338741682877
0.49835711194920435,0.4623947510929003,0.039248136957895176
0.45309072935268846,0.5056432083532242,0.04126606229408747
0.42018680468461483,0.550846618872882,0.028966576442503163
0.4222199307594679,0.5406261845706459,0.037153884669885964
0.441552497761006,0.516718486616327,0.041729015622667016
0.4739614373206447,0.48455463934753706,0.041483923331818155
0.44377265074869976,0.5153507987801267,0.04087655047117351
0.4927573103749668,0.46534906061467557,0.04189362901035769
0.4594777233189145,0.49919560883782244,0.04132666784326283
0.5011885228149365,0.45711534001938964,0.04169613716567376
0.5015047683089685,0.45872753692339774,0.039767694767633976
0.5024583601652673,0.4564756691602208,0.041065970674511766
0.4957327620214229,0.46297188027610403,0.041295357702472876
0.4407586690003326,0.5183544573345461,0.04088687366512125
0.41694622253396596,0.5420753125469133,0.0409784649191206
0.4862814616475286,0.472764363075615,0.040954175276856374
0.46854796710488805,0.4892208270016546,0.04223120589345745
0.42332454769399064,0.5353572803205235,0.04131817198548592
0.45119057603294416,0.5072257122726644,0.041583711694391456
0.44632392195536863,0.5119618878352014,0.04171419020943016
0.447798381522846,0.510407392828129,0.04179422564902518
0.4179833400534483,0.5412609820367245,0.04075567790982738
0.41645335042510256,0.5443183221508261,0.03922832742407147
0.5162139859996318,0.4420721048807683,0.041713909119599844
0.49414101347987754,0.4656041443275386,0.0402548421925838
0.535206918606516,0.4196599610683628,0.04513312032512133
0.41941178585690325,0.5394482504715216,0.04113996367157522
0.4802023984775321,0.4738989534306527,0.045898648091815236
0.5278234078777856,0.4321534904932127,0.04002310162900169
0.44172471096684807,0.5174794200791666,0.04079586895398536
0.42292966580836494,0.5357907709036414,0.041279563287993835
0.4163803404267802,0.5427693116935118,0.040850347879707816
0.416267101460942,0.5420375344655998,0.0416953640734583
0.42421482921566656,0.5356030582328202,0.04018211255151299
0.42772555380160926,0.5325490486494339,0.03972539754895679
0.47961397978697495,0.4782366216143149,0.042149398598710086
0.46458203527948305,0.4932653815075007,0.04215258321301613
0.43720355000187855,0.5226098061746483,0.04018664382347314
0.4268093286589752,0.5335688505144954,0.03962182082652936
0.4253858508675911,0.5336283285821914,0.040985820550217704
0.47117889913318756,0.4893703655897825,0.03945073527702985
0.4650036723906325,0.49306062452419774,0.041935703085169855
0.472889364938352,0.4872467968988232,0.0398638381628248
0.4208373302348965,0.5371984362194623,0.041964233545641404
0.4440890239736663,0.5162726605964975,0.039638315429836146
0.44206071550205545,0.5163143967488605,0.04162488774908404
0.5585775913478364,0.40103534600012386,0.04038706265203969
0.4907105085215203,0.4709910895178094,0.03829840196067034
0.45388665037072395,0.5057369092466341,0.040376440382642265
0.4274200573178448,0.5309985823762574,0.041581360305897756
0.4266420092727118,0.5325218798357928,0.040836110891495386
0.4345776234791767,0.5241396345549334,0.041282741965890005
0.4559220690201598,0.5021057915703684,0.041972139409471754
0.43534219277406355,0.522971371207632,0.041686436018304414
0.4362308797105002,0.5222625344315663,0.04150658585793343
0.41775628742317167,0.540470172868663,0.04177353970816536
0.44425844802347575,0.5152115511344038,0.04053000084212048
0.43615247575201344,0.5227470344444731,0.041100489803513364
0.4257485979525473,0.530778203027784,0.043473199019668646
0.44696809295497064,0.5148291671358105,0.038202739909218936
0.4575455152373487,0.5017492886469168,0.040705196115734546
0.4491902406990524,0.5138133426677131,0.03699641663323432
0.4258807432951736,0.5328678864556384,0.04125137024918806
0.44400564814914395,0.5164483287634696,0.039546023087386285
0.4606331288438951,0.5000964133882088,0.0392704577678962
0.4449251446278289,0.5131692206601275,0.04190563471204366
0.44754247993559043,0.5098512017818407,0.04260631828256882
0.5383381135896591,0.4443129423427749,0.017348944067565982
0.47313656546204497,0.4852074837684386,0.04165595076951642
0.4549125969951406,0.5029565949419038,0.04213080806295573
0.42848451753300815,0.5313478150031846,0.04016766746380701
0.4860065757832558,0.4720973041774024,0.041896120039341865
0.43646008233670924,0.5232914806452983,0.04024843701799247
0.47631366549444104,0.4822833431213798,0.04140299138417927
0.4175866134890258,0.5405097046126046,0.041903681898369655
0.4964430498821781,0.461779626514137,0.04177732360368485
0.4467643368820207,0.5146438905095705,0.03859177260840874
0.4387038286049089,0.5183037987943768,0.0429923726007141
0.48920068987654314,0.47176838618411837,0.03903092393933835
0.4960158087114439,0.46139129281416136,0.042592898474394694
0.42057154396348057,0.5377297013043167,0.04169875473220264
0.5070655996710359,0.4530232836447833,0.03991111668418073
0.40945194828622544,0.5682477440961049,0.022300307617669667
0.41823341656067575,0.5592003391228624,0.02256624431646169
0.4711423034665426,0.4903750818906123,0.03848261464284518
0.4740659856424363,0.48772081362151,0.03821320073605377
0.47038186824335065,0.48937395795354777,0.04024417380310156
0.4261041268308785,0.5319444187290018,0.041951454440119634
0.47377055297397097,0.48450146038854786,0.04172798663748123
0.4187429978396781,0.5447057076950023,0.036551294465319725
0.44571540973333995,0.5129303518956265,0.04135423837103351
