0,1,2
0.48795909556051154,0.4740672385728864,0.03797366586660209
0.44465252731867116,0.5126735338461029,0.042673938835225994
0.41559542407798034,0.5421097670744907,0.042294808847528904
0.5097564877474001,0.4484175946457541,0.04182591760684562
0.4523659174322787,0.5101693088162299,0.03746477375149125
0.4494525095559062,0.5090856412127145,0.04146184923137906
0.4648729708487385,0.4938254271275611,0.04130160202370019
0.41789138695081274,0.5406481380862181,0.04146047496296918
0.4570228364684602,0.5002860071455084,0.042691156386031645
0.4331568306710408,0.5293433076189666,0.037499861709992525
0.4170558571629918,0.5411535940459663,0.041790548791042194
0.42278657390797947,0.5355212614747018,0.0416921646173187
0.4780679352230921,0.4796538074651856,0.04227825731172223
0.4437613034342965,0.5136684851315326,0.04257021143417062
0.5147948847460185,0.44317635659564747,0.04202875865833404
0.4431568124717866,0.5158509277416717,0.0409922597865414
0.44898977207459445,0.5119047015690059,0.039105526356399675
0.5396083241370107,0.4186083659451306,0.04178330991785856
0.48124145916198,0.4788290290963173,0.03992951174170254
0.4935733184855115,0.46557846902569794,0.04084821248879041
0.5027008264210743,0.45515001806940486,0.04214915550952085
0.4012275769919846,0.5581075993460864,0.04066482366192884
0.4191196855500538,0.5394910035946766,0.04138931085526936
0.4128787211939833,0.5452856803182861,0.041835598487730524
0.5111458183616786,0.4500038020058666,0.03885037963245494
0.40215423306764186,0.5567159010061784,0.041129865926179836
0.3971551158103669,0.5573060745615503,0.04553880962808269
0.4511685674028018,0.5066734940255073,0.042157938571690805
0.4514339570979344,0.5063844014295991,0.042181641472466495
0.4602173902731968,0.5032485158577026,0.03653409386910053
0.45152454773791034,0.5064025762747837,0.04207287598730583
0.507636022890785,0.45078986877569094,0.04157410833352411
0.4918749178510664,0.4669577573064227,0.041167324842510844
0.44789408143785675,0.5101590690328573,0.04194684952928584
0.44050922595494296,0.5179401367239731,0.04155063732108405
0.5650212683155714,0.3939506403792716,0.04102809130515705
0.41932132582140563,0.538244311001045,0.04243436317754948
0.43200649358044074,0.5264022165529402,0.04159128986661895
0.396380385270566,0.5699182954557817,0.03370131927365235
0.47659128741174345,0.48371194889626146,0.0396967636919951
0.3984012241859221,0.5629547884740361,0.038643987340041944
0.40974692900982723,0.5478360371792418,0.04241703381093121
0.4404342295381391,0.5186312464550425,0.04093452400681838
0.4089446191136758,0.542846652537442,0.048208728348882124
0.4123164226946498,0.5456975891651944,0.04198598814015578
0.578068292352563,0.3829017385278462,0.03902996911959096
0.4248797634180712,0.5316396687816748,0.04348056780025426
0.469576772927743,0.48783158504489516,0.04259164202736197
0.6117537056060569,0.3467729882628497,0.04147330613109339
0.4700670800422309,0.4878899469032835,0.04204297305448556
0.426195414850561,0.5328354407793988,0.040969144370040275
0.5559430230395324,0.40831930536915795,0.03573767159130966
0.4635955472811925,0.49394338927857845,0.04246106344022876
0.39551004602368495,0.5635877743134501,0.04090217966286495
0.40346945417707425,0.5582458647902228,0.038284681032702786
0.4876298298644779,0.476735876705463,0.03563429343005915
0.4535442998297676,0.5053301248041798,0.04112557536605262
0.4634750160621773,0.49370789292920064,0.042817091008622035
0.4019504265291758,0.5715940900986952,0.02645548337212919
0.4355752557278464,0.5224382133439138,0.0419865309282398
0.4267659187337198,0.5311084190581109,0.04212566220816894
0.5603043634563515,0.3993789572241148,0.04031667931953343
0.45295785204232203,0.5059059193969487,0.04113622856072917
0.5175912160666264,0.4403809442257148,0.042027839707658624
0.4883758092548796,0.46980809786412264,0.041816092880997746
0.46861800431208434,0.48920006771578584,0.04218192797212984
0.4818368431088159,0.47572714576998953,0.04243601112119476
0.4407850790689934,0.516939852932649,0.042275067998357556
0.40743245717467425,0.5540388217814222,0.03852872104390353
0.44617607924794717,0.5116197791669309,0.042204141585122
0.40357331653402523,0.5550040923436144,0.04142259112236023
0.4700587135583452,0.4959167547687093,0.03402453167294542
0.49496829618216054,0.46264587311405353,0.04238583070378584
0.4068684218353245,0.5508428384758036,0.0422887396888716
0.4506617355283759,0.5090807300750396,0.04025753439658445
0.4329482151385457,0.5251228674803459,0.04192891738110838
0.47054870163624435,0.48807751468133564,0.04137378368242
0.42368470982577644,0.5344483783918481,0.041866911782375435
0.582854533618634,0.3751773862035438,0.04196808017782198
0.43469864402222846,0.5219448398481139,0.043356516129657456
0.415203023147654,0.5434616215853613,0.04133535526698506
0.40146956887421004,0.5605035511107722,0.038026880015017646
0.4157689138546815,0.542770160590762,0.04146092555455653
0.433195007555313,0.5271304720630989,0.039674520381588016
0.44292911024700093,0.5144056222931789,0.042665267459820154
0.4675004167051701,0.4909056269331632,0.041593956361666365
0.4065391557485344,0.5519220973003037,0.04153874695116203
0.5001544504905302,0.45683119977800024,0.04301434973146969
0.48939608108199656,0.4698665516876587,0.04073736723034498
0.5447867333878769,0.4113871400308118,0.04382612658131139
0.48295635760823663,0.4795961578152207,0.03744748457654256
0.4645219352089904,0.49370865267513075,0.04176941211587884
0.4271792520718197,0.5342226928681739,0.038598055060006374
0.41580117153888835,0.5432138176072309,0.04098501085388069
0.5714874304667559,0.39000719680031276,0.03850537273293169
0.45391572348727666,0.5049329798856197,0.0411512966271035
0.4407521295909302,0.5295063694000074,0.029741501009062407
0.4458011138699823,0.5149122476827346,0.03928663844728322
0.42469742145809547,0.5334542630346072,0.04184831550729726
0.43739184581862084,0.5206653127539675,0.0419428414274116
0.47074117753321254,0.4884234373046675,0.040835385162120166
0.397613536047487,0.5834519229596938,0.01893454099281894
0.5796915427086623,0.37953861092501334,0.040769846366324566
0.5056714848209636,0.45289331369580516,0.04143520148323116
0.41080837682419863,0.5471805858607435,0.04201103731505805
0.48349317122687674,0.4746856009674339,0.04182122780568953
0.4394105956562828,0.5193446901577544,0.04124471418596269
0.44646951430751514,0.5121247008473301,0.04140578484515441
0.4910690235935063,0.46726207972198686,0.04166889668450693
0.4615218733658238,0.4964354278015422,0.0420426988326342
0.3970575731450523,0.5611175133959215,0.04182491345902616
0.6285851450139107,0.3340368606458176,0.03737799434027166
0.44584757366185507,0.5120149028580709,0.04213752348007394
0.5617489428896696,0.3955797599919827,0.0426712971183476
0.4604697385935976,0.49738442173162817,0.04214583967477463
0.4859058915123649,0.46846248617603137,0.04563162231160372
0.5322006908484308,0.4257452762456814,0.04205403290588802
0.5458918265850053,0.41254621825436905,0.04156195516062553
0.4953433425370351,0.4625350771850821,0.04212158027788276
0.4010350227988937,0.5609473572388604,0.03801761996224586
0.4174978749667155,0.5395768634286958,0.04292526160458905
0.5509532296691226,0.40750695047400726,0.04153981985686968
0.43367180482123596,0.5242932638289987,0.04203493134976542
0.5022207116258155,0.4576784040442996,0.04010088432988473
0.4041173228538415,0.5559324122537704,0.03995026489238809
0.41391179291482844,0.5457741337773069,0.04031407330786473
0.4237872047126906,0.5339483043390116,0.042264490948297664
0.40308458664648417,0.5553543551440399,0.041561058209475914
0.4081299894241836,0.5527801741794556,0.03908983639636087
0.42353106617002834,0.5347843792161294,0.04168455461384208
0.45350767196622693,0.5074533936705113,0.03903893436326189
0.45594715773241995,0.5014767580585183,0.04257608420906159
0.41612397909075705,0.543936068507429,0.03993995240181375
0.4578422987949973,0.5008444818262787,0.04131321937872386
0.40739452839152784,0.5507823537027483,0.04182311790572388
0.41526903324752923,0.5398740923182139,0.044856874434257066
0.5874451425294505,0.3699362908467673,0.04261856662378232
0.4288042760381735,0.5321335963167435,0.03906212764508308
0.4896166323583048,0.46780111585991513,0.042582251781779955
0.3979140983886813,0.5608805252637992,0.041205376347519376
0.4395066061461023,0.5192753105207244,0.041218083333173394
0.3978513244160839,0.5600158423192814,0.04213283326463504
0.500954718816892,0.4563116928123814,0.04273358837072643
0.4913228612754689,0.4704811806549203,0.03819595806961093
0.4287777821627541,0.5158486852691656,0.055373532568080294
0.4407686328321969,0.5187984698234738,0.040432897344329304
0.4391370600299626,0.5183944915703406,0.04246844839969701
0.4360066989478351,0.5241795714435954,0.03981372960856967
0.4842033490660826,0.47347753140558774,0.04231911952832982
0.4087211846330172,0.5498849879620628,0.04139382740492026
0.48086601434926235,0.47747650674288733,0.0416574789078504
0.4281804426421791,0.5303950018132524,0.04142455554456843
0.4282941012885436,0.5292083031661913,0.04249759554526506
0.4320931548216878,0.5259921587210472,0.04191468645726509
0.4601418097293748,0.4997305087005987,0.04012768157002653
0.4053170688696505,0.5505744661563549,0.044108464973994586
0.4179027938080593,0.5318171369126301,0.05028006927931082
0.5135215264317514,0.44377966202777,0.042698811540478436
0.548102233623856,0.40928027448209714,0.04261749189404692
0.43323963302145607,0.5246587171654616,0.04210164981308245
0.5061990821098471,0.4513765181800091,0.04242439971014358
0.44101176276958537,0.516657050043815,0.042331187186599555
0.5352338515515656,0.422949812646678,0.04181633580175647
0.4006403184782861,0.5553623447370404,0.04399733678467342
0.46366397442266766,0.4944869776882226,0.041849047889109925
0.42443005555087293,0.5335626374942046,0.042007306954922476
0.40888015008362505,0.5506384766800876,0.040481373236287276
0.4848621301306629,0.47062246849957196,0.04451540136976526
0.41031195802019865,0.5480415360559187,0.041646505923882714
0.47969618767038286,0.4828601428640519,0.037443669465565176
0.42332436434773907,0.5363586096373553,0.04031702601490559
0.4444327373777717,0.5145169626092264,0.04105030001300186
0.5397366800595532,0.417997871358861,0.04226544858158582
0.4205325221292231,0.5376787410003255,0.041788736870451246
0.4100674823145836,0.5498943938384124,0.04003812384700391
0.42115735104126334,0.5376052959781487,0.041237352980587914
0.46082037483557037,0.496920797963252,0.04225882720117769
0.4681465050572201,0.49072582158786043,0.041127673354919375
0.42379306824276275,0.5342046705609446,0.042002261196292606
0.4812724564881395,0.47773881028174636,0.040988733230114156
0.5082219717365803,0.44955440423049225,0.04222362403292746
0.4530057749643109,0.505347297066961,0.04164692796872814
0.5004588069516945,0.46092650389949347,0.03861468914881208
0.48835570237454545,0.47006487735233227,0.04157942027312224
0.4904833963705202,0.46686274220606283,0.042653861423416685
0.4962655129388315,0.4620667359930506,0.04166775106811789
0.4199196279511477,0.5129314016079082,0.06714897044094431
0.4603753706045678,0.497431529415046,0.04219309998038626
0.4968690349009149,0.4612942634777755,0.04183670162130951
0.4591314987963068,0.49889345750778197,0.041975043695911186
0.5637201017283755,0.3940895352935982,0.04219036297802647
0.5073599270950506,0.4498677677613226,0.04277230514362694
0.4862150617788803,0.471734114886812,0.042050823334307735
0.41754352959072255,0.5415679833336887,0.04088848707558854
0.49512557711059046,0.46362305640022755,0.04125136648918198
0.43521287117553636,0.5231160272095907,0.04167110161487306
0.4682658853535494,0.490399670075458,0.041334444570992494
0.3934758617139657,0.5657874202062491,0.040736718079785225
0.42158946295119776,0.5367305864734613,0.04167995057534071
0.5756065887559939,0.3836342934017091,0.040759117842296966
0.4150744922702765,0.5434085915697103,0.041516916160013295
0.4108632041615281,0.5485979492985451,0.04053884653992691
0.4147819108865519,0.5444191023268822,0.04079898678656593
0.43929645017795205,0.5185484168044215,0.04215513301762646
0.40909950109857957,0.548893458424858,0.04200704047656238
0.4046483800778512,0.5520059335670293,0.04334568635511965
0.5143569923283406,0.4442265916787104,0.041416415992948825
0.40420234612871053,0.5402400172871782,0.05555763658411126
0.4667156337482652,0.4902603040659466,0.04302406218578813
0.3995889262792351,0.5624721672474985,0.037938906473266296
0.5635825763887848,0.39510885349455266,0.04130857011666249
0.47506388335757765,0.4823693272583964,0.042566789384025826
0.488418911282322,0.4704476651258936,0.04113342359178442
0.4133612753611659,0.5443628117930494,0.042275912845784525
0.4274499595511762,0.5292863866269265,0.04326365382189686
0.4414177300781297,0.5192070973090656,0.03937517261280478
0.3904751798889291,0.5684499036118431,0.04107491649922781
0.46565435456909904,0.4919126278096145,0.04243301762128655
0.42443361245896793,0.5341807810621819,0.04138560647884994
0.4115060779029754,0.5464309826422087,0.042062939454815894
0.43765693500982233,0.5209941427495566,0.04134892224062091
0.42547196455285424,0.534656043749067,0.03987199169807892
0.39835176894152274,0.5598191023108473,0.04182912874762985
0.3927875948561778,0.5656882965245892,0.04152410861923282
0.4136304254208059,0.5450964699975526,0.04127310458164145
0.429227366131582,0.5285491355491804,0.04222349831923754
0.43664820779181174,0.5222831474864468,0.04106864472174146
0.5882275897957314,0.37418636397711474,0.037586046227153815
0.40245239428042084,0.5554684383416825,0.042079167377896784
0.5076276526676738,0.44889211642233084,0.043480230909995254
0.44967264064719414,0.5085471236845731,0.041780235668232794
0.5672218474014982,0.39186913625075404,0.04090901634774798
0.4011780150291337,0.5602489293716986,0.0385730555991678
0.39266882743241033,0.5725722482059976,0.034758924361592156
0.4531331225369736,0.5079103775673441,0.038956499895682326
0.46793414038911757,0.4920580936353346,0.040007765975547685
0.5923145842724856,0.36548699011011176,0.04219842561740252
0.4580390144251503,0.49964351279518116,0.042317472779668415
0.44964316903459034,0.5096095877464335,0.04074724321897602
0.44352874380854795,0.5145622543879964,0.04190900180345547
0.4055374013868155,0.5446592709749821,0.04980332763820241
0.4172682342620863,0.5429867544862259,0.03974501125168767
0.471784920013447,0.48645962259670816,0.04175545738984479
0.4051166284822177,0.5542147303131593,0.04066864120462292
0.4593859525961952,0.49795577765902416,0.042658269744780646
0.39108432184957076,0.5659887240575109,0.042926954092918294
0.44313728050903334,0.5161602612681386,0.040702458222828176
0.5123415391410889,0.4469025783743319,0.040755882484579016
0.43276685981134044,0.5252332663876842,0.04199987380097539
0.43425617411969786,0.5244277983561766,0.041316027524125595
0.4544662433189091,0.5045367058903039,0.04099705079078677
0.47829464724478277,0.4807635012798468,0.04094185147537057
0.42501125275394985,0.534055844579729,0.04093290266632096
0.45352595613267505,0.504897969390917,0.041576074476407925
0.4561228827565922,0.5023907460632168,0.04148637118019088
0.4848015293624805,0.4805194886644284,0.034678981973091064
0.48587238209310735,0.47327215087730723,0.04085546702958536
0.41823636700775885,0.541631604570985,0.04013202842125612
0.4473173167251111,0.5097933570767234,0.042889326198165524
0.41704109392929783,0.5398778503570497,0.04308105571365253
0.4481067196039128,0.5155035748724852,0.03638970552360212
0.4079235906311154,0.5498167196244271,0.04225968974445752
0.4260044846505215,0.5557671604765411,0.01822835487293758
0.5643633125997111,0.3938641204388601,0.041772566961428746
0.38682476516933306,0.5729160249115393,0.04025920991912767
0.5666800110692155,0.3911835457973953,0.04213644313338917
0.49096869571026025,0.46787535997754337,0.041155944312196296
0.5841369548039432,0.3739080277298148,0.041955017466242285
0.551369988764355,0.40628985570819026,0.04234015552745485
0.3973529114611616,0.5642553485523691,0.038391739986469185
0.4140388590463123,0.504107771257956,0.0818533696957318
0.5105865872205013,0.4465410279066106,0.0428723848728881
0.41184072930066734,0.5489432152196654,0.039216055479667174
0.47298258984765945,0.4861147165580286,0.040902693594311965
0.531122003096136,0.4263976829720158,0.04248031393184798
0.40312829910326314,0.5553427444469844,0.041528956449752484
0.41903524958193156,0.539192504108283,0.04177224630978553
0.36487100566289765,0.5955170502633126,0.039611944073789866
0.4070648573728358,0.5522384490437162,0.04069669358344804
0.4097744703061997,0.5491725948262475,0.04105293486755283
0.5044037917468441,0.4529493280964952,0.04264688015666071
0.5775060737031767,0.35245585188749584,0.0700380744093274
0.45575909279336574,0.5044512435035166,0.039789663703117754
0.4990053222469689,0.45967745905727925,0.04131721869575177
0.3980151054185419,0.5619406821061057,0.04004421247535188
0.5106419346914924,0.4479884915975291,0.04136957371097843
0.48307413892626566,0.47458111688140314,0.04234474419233109
0.5224285267594994,0.43505967454236344,0.04251179869813698
0.5382474472971098,0.42380019643642525,0.0379523562664648
0.4528647033068862,0.5048543981653534,0.04228089852776071
0.5118238080204975,0.44279786311856173,0.045378328860940724
0.402078427403093,0.5556477130268825,0.04227385957002438
0.4230510174476364,0.5346544529469396,0.04229452960542406
0.5125857543677048,0.4447643947037468,0.04264985092854826
0.4443783013195716,0.5136810863873715,0.04194061229305685
0.4948654208407883,0.46345519332442925,0.04167938583478226
0.42570017220173756,0.5311321593215023,0.043167668476760235
0.3957829226744985,0.5667092068449673,0.0375078704805343
0.39878611052634105,0.5595533443417994,0.04166054513185958
0.47073829372736375,0.48664837316523823,0.042613333107398135
0.4252694194867051,0.5330080471000963,0.04172253341319868
0.4429296227862014,0.5151270540909045,0.04194332312289398
0.45820461555400077,0.5004318819637746,0.04136350248222461
0.5710617522819912,0.34993276065134293,0.07900548706666571
0.4501053236921875,0.508038422280048,0.04185625402776453
0.4473416718013685,0.5106077605672775,0.04205056763135388
0.47310959587166446,0.4942109463900979,0.03267945773823746
0.4526458462915652,0.5056540823043185,0.041700071404116475
0.5188273147878071,0.4384741237559126,0.042698561456280294
0.48824055289154905,0.46912309613592235,0.04263635097252849
0.5008764019215176,0.4579589432022209,0.04116465487626147
0.4642922206491561,0.49310376627145464,0.042604013079389165
0.40051441493272616,0.5580825245792665,0.04140306048800751
0.43127249788288374,0.5282476206564345,0.04047988146068165
0.44398265975190043,0.5143341585882308,0.0416831816598685
0.410026577458833,0.5489816992474523,0.04099172329371438
0.4667476970514127,0.4917621018834121,0.041490201065174946
0.4417414801046331,0.516031191924305,0.042227327971061844
0.39367822147104564,0.5641707392027121,0.042151039326242305
0.5302750475315864,0.4277591538532867,0.0419657986151269
0.5964566761518918,0.36101850232326865,0.04252482152483961
0.4239831841162724,0.5340153434068075,0.04200147247692036
0.5871419794659829,0.37208027392657256,0.040777746607444466
0.4775695033545041,0.4807962261857903,0.041634270459705386
0.40210406960906325,0.5558252043688693,0.04207072602206755
0.47889998153032115,0.455672879306975,0.06542713916270403
0.4035100990101409,0.555135745112717,0.041354155877141946
0.3904082414757069,0.5717093241154105,0.03788243440888234
0.44375050887775197,0.5144501952479416,0.04179929587430636
0.4937294291825343,0.46768454438868035,0.03858602642878547
0.4365903240767917,0.5239629558258845,0.03944672009732362
0.44865975440747174,0.513289969643269,0.038050275949259006
0.42389257049482576,0.533467852420497,0.04263957708467723
0.4992663231710514,0.4597575730818982,0.040976103747050206
0.4343329067894146,0.5238800055575192,0.041787087653066046
0.44424989879005755,0.5147613592976407,0.040988741912301764
0.4903532007913356,0.4679746512866199,0.04167214792204468
0.4399525704890003,0.5214616146819279,0.03858581482907163
0.42080743720587555,0.5371198356862822,0.0420727271078424
0.42713493198114016,0.5310403016784306,0.041824766340429344
0.44132429255564193,0.5174048567731603,0.04127085067119765
0.4375942324856735,0.5202211554072304,0.042184612107096155
0.38711701597171166,0.5700253635095154,0.04285762051877299
0.4108677253897309,0.5472080424042336,0.041924232206035736
0.42534850223273707,0.5348137881000924,0.0398377096671704
0.45827135301225014,0.5006080359248537,0.041120611062896016
0.5080040790590404,0.4510657193484979,0.04093020159246182
0.37128108971750234,0.46845827036542365,0.1602606399170739
0.4668295558176113,0.49108419914565393,0.04208624503673473
0.418350649678652,0.5439530258433235,0.037696324478024214
0.39974566076731183,0.5581571396301923,0.04209719960249587
0.4024979603495402,0.5565332480605747,0.04096879158988499
0.4239492010751218,0.537885794775234,0.038165004149643945
0.42726807195703864,0.530690339235335,0.042041588807626276
0.41973896899203517,0.5380319243321805,0.042229106675784216
0.43487476363921834,0.5232862838659054,0.04183895249487645
0.6176247555046442,0.3411715428853191,0.04120370161003641
0.47754810358381083,0.4808043507837593,0.041647545632429755
0.4432769521838313,0.5152162561853544,0.041506791630814194
0.4957956003892076,0.4621602602236787,0.042044139387113474
0.4390394404958951,0.5192558323208496,0.041704727183255394
0.4576332462168906,0.5012396767112411,0.04112707707186818
0.4771062443465945,0.4835805462965537,0.03931320935685193
0.4544577787060373,0.5085641288177117,0.03697809247625083
0.5734477479008234,0.38383566642256384,0.04271658567661271
0.48371079679410867,0.4753112149534667,0.04097798825242473
0.5853680443771926,0.37257233180299093,0.04205962381981629
0.4088433417073773,0.5491604591721699,0.041996199120452486
0.42300028106670673,0.53644705500887,0.04055266392442333
0.4112632662673254,0.547557948372584,0.04117878536009084
0.5052633978927749,0.4528147832664076,0.04192181884081749
0.4629403179947323,0.5005773903357896,0.03648229166947806
0.5443890209777712,0.4140955262085255,0.04151545281370337
0.45103607165049203,0.5072812420210363,0.041682686328471386
0.4493349048399243,0.507704807415046,0.042960287745029815
0.5049007520445269,0.4591571058417626,0.035942142113710426
0.37695528700895786,0.577868855350546,0.045175857640496093
0.5330307555627402,0.42550862921384225,0.041460615223417374
0.40563718593596804,0.5535264010680189,0.04083641299601271
0.45763235617692805,0.5004100305703358,0.04195761325273608
0.43917312807375897,0.518773373479162,0.04205349844707882
0.43279406658948294,0.5238749365992937,0.043330996811223314
0.4036414677608,0.5542560636442152,0.042102468594984795
0.48880413175393417,0.4691416044609488,0.04205426378511719
0.45488145881773223,0.50412874246509,0.04098979871717767
0.42386413806147866,0.5354697930396609,0.040666068898860215
0.413295221536628,0.5448299096331618,0.04187486883021013
0.44468744535195537,0.5129020600253186,0.042410494622726294
0.6253726835001702,0.33381816825539007,0.04080914824444008
0.5657859110981882,0.39340831620060107,0.04080577270121065
0.39911060035653656,0.5605466202033418,0.04034277944012172
0.398530129657564,0.536852396938606,0.06461747340382995
0.5373703532134044,0.4227730759966728,0.039856570789922816
0.4313530281563921,0.5176333946607755,0.05101357718283263
0.42516329691365035,0.548532610433884,0.02630409265246559
0.4405344098395486,0.5215505068725867,0.03791508328786461
0.49951404816780187,0.4591349328108696,0.04135101902132854
0.47238552062416034,0.48574093987483286,0.04187353950100689
0.44319633397891395,0.5148745638901834,0.04192910213090269
0.4635431784010092,0.49439125063657635,0.04206557096241453
0.4208943326375304,0.5372540884485205,0.04185157891394889
0.38263377884868105,0.5801134761939966,0.037252744957322295
0.4339640025772614,0.5243505969196127,0.041685400503126024
0.43660206152730774,0.5233806840591335,0.04001725441355867
0.4903678686010307,0.4672834323016235,0.042348699097345704
0.4370577586904196,0.5219596447439895,0.040982596565590966
0.4109009825080679,0.5465881805080953,0.04251083698383667
0.4171803896814542,0.5406435917698257,0.04217601854872022
0.45530412812804805,0.5029202712855172,0.04177560058643496
0.3781117679383991,0.5713991950173327,0.05048903704426792
0.4211247721676225,0.5369655883701794,0.04190963946219823
0.4766129047831579,0.4827638908266271,0.04062320439021531
0.4023865272017704,0.5549393073252399,0.04267416547298996
0.41693783956271,0.5411556691777722,0.0419064912595177
0.5334972032610846,0.424479353894393,0.042023442844522356
0.5334131178073126,0.42469961371460274,0.041887268478084584
0.5801615306073779,0.3777336618978324,0.04210480749478965
0.5720301076771591,0.38857009094492767,0.03939980137791317
0.5338884071981344,0.4303777100238009,0.0357338827780648
0.4792156518879737,0.482509408597845,0.03827493951418142
0.41470429911522894,0.5429774638714434,0.042318237013327445
0.4186562240354345,0.5394211775875726,0.04192259837699308
0.42017691623686537,0.5374659339596307,0.04235714980350372
0.41413733873811626,0.5458236477803614,0.040039013481522376
0.43596028011449894,0.5218564219335013,0.0421832979519995
0.5179029744076363,0.4394881115750327,0.04260891401733072
0.4193069124753051,0.5392760151159773,0.04141707240871762
0.3911564147937661,0.5674834217699503,0.04136016343628381
0.45136733604767604,0.5071375326831611,0.041495131269162704
0.4199099028010648,0.5385152031273042,0.04157489407163072
0.5414068394123109,0.4166929396053699,0.04190022098231927
0.41227022584601863,0.5471505130929264,0.04057926106105498
0.4681576679115872,0.48936164445245445,0.0424806876359584
0.4751564638390542,0.482286395727285,0.04255714043366078
0.4663688705018288,0.49140586067557307,0.0422252688225985
0.5361360191923495,0.42207258448318064,0.041791396324469626
0.4801941599033452,0.4710533408432891,0.0487524992533654
0.42171958127047277,0.5374282421486271,0.040852176580900464
0.4323965595371848,0.5281273778523681,0.039476062610447234
0.42843990659193315,0.5314363895732329,0.04012370383483398
0.4506051052592347,0.5087285764209883,0.04066631831977716
0.4182041923703624,0.5407323162243715,0.0410634914052659
0.4737191481533189,0.48529089437117867,0.04098995747550251
0.4517910625374954,0.5119508950078576,0.03625804245464719
0.5138403903340606,0.44797255044223055,0.038187059223709185
0.45089783356810853,0.5100358285682121,0.03906633786367951
0.40196881053516564,0.5599311469731633,0.03810004249167108
0.44652050602937654,0.511660870709222,0.04181862326140195
0.42101772151415157,0.5595615256478689,0.019420752837979675
0.51336156160877,0.44530820324431586,0.041330235146914196
0.42977525350090356,0.5364987709788224,0.0337259755202741
0.44702689794349293,0.5109840370427389,0.04198906501376823
0.44116011756106693,0.5173894466707355,0.04145043576819775
0.4038272665180765,0.5535650284967893,0.04260770498513409
0.40222727443111794,0.5448613006174028,0.05291142495147908
0.4307871646444212,0.5321769980693943,0.037035837286184606
0.3934767610052079,0.5664018117747727,0.04012142722001932
0.49054581609257103,0.4669643452892624,0.04248983861816681
0.5050617900634259,0.4524758141548404,0.04246239578173371
0.45193748516909676,0.505981119304759,0.042081395526144205
0.5093056103009631,0.4486063060106119,0.042088083688425246
0.5037261033571195,0.45407479991191246,0.04219909673096798
0.4409869983871258,0.5187296275719961,0.04028337404087808
0.43528166954851855,0.5231867719898797,0.04153155846160187
0.438862049995486,0.5203120692991305,0.04082588070538331
0.5062575723079634,0.4505033808759195,0.04323904681611723
0.38751393811487095,0.5738048384765624,0.038681223408566466
0.5646756030436162,0.4072246292069667,0.028099767749417238
0.4163458268490159,0.5421783975005531,0.041475775650430834
0.37911302848855005,0.5843205136191034,0.03656645789234675
0.5482257640533558,0.4104047862633886,0.04136944968325552
0.4854923877023672,0.47152457649891727,0.042983035798715284
0.46384310666474937,0.4942373068140113,0.04191958652123938
0.439104050170242,0.5184835656010234,0.04241238422873451
0.43143670453832383,0.5267794750646871,0.041783820396989066
0.4475922158898721,0.510005423356171,0.04240236075395682
0.40569171531450104,0.5527806901734685,0.04152759451203041
0.4132144177607603,0.5453967670612033,0.04138881517803634
0.4021926245502968,0.5573282573842877,0.04047911806541505
0.48573240411447705,0.47264888005306177,0.041618715832461115
0.4424345797970169,0.5080690341474593,0.0494963860555241
0.43763808507768076,0.5202966199379545,0.04206529498436478
0.44754216245836703,0.5107765050048655,0.041681332536767667
0.5120432713794405,0.44625276322019264,0.04170396540036681
0.4051990158385058,0.5526224211180499,0.04217856304344442
0.4198726350177263,0.5383140263183185,0.041813338663955
0.41256929870683023,0.547379813095348,0.04005088819782162
0.39666131633080964,0.5610981338422029,0.0422405498269877
0.449037688693152,0.5100008047544364,0.04096150655241149
0.3926135339196583,0.5667525312555297,0.04063393482481209
0.4471967093868819,0.5109332940146342,0.04186999659848419
0.5171886725824802,0.44344103004349766,0.03937029737402219
0.5032958843136233,0.4555242739336167,0.04117984175275961
0.4487861299369915,0.5095129905742716,0.04170087948873704
0.6041118273108758,0.35345666459347713,0.04243150809564725
0.42016419452630666,0.5419684095356789,0.03786739593801444
0.4001187534168692,0.5246411761206158,0.07524007046251484
0.4238153146157837,0.5361911907664574,0.039993494617758786
0.4150785628669026,0.5652888471092246,0.01963259002387253
0.42456013492388595,0.5278509300199941,0.04758893505612032
0.4606308675100147,0.49721589939462973,0.04215323309535542
0.458249180481917,0.49902074432064103,0.042730075197442076
0.4574440479150725,0.5012127513182845,0.041343200766642996
0.4399699202282407,0.538413639215975,0.021616440555784225
0.47013576804531537,0.48729621729225286,0.0425680146624319
0.413228555615473,0.5452674686307669,0.0415039757537601
0.4684726652768799,0.48969245142981516,0.04183488329330493
0.46387918503245945,0.4947991761725438,0.04132163879499657
0.48312785761533455,0.4747914942668364,0.04208064811782896
0.4282041817697939,0.5308310574911764,0.04096476073902974
0.4262192668955566,0.531048732701069,0.04273200040337424
0.400585932035961,0.5607364377078246,0.03867763025621455
0.41868326517317234,0.5393253243613982,0.04199141046542952
0.45893861223464005,0.49950738337056194,0.041554004394798075
0.5377030983422826,0.4193937618162503,0.04290313984146705
0.5367635915137563,0.4243787407648202,0.038857667721423496
0.4187634681020464,0.5413885543512582,0.03984797754669556
0.5727196126013515,0.3886319334889244,0.03864845390972432
0.4200541821947264,0.5384796925162315,0.04146612528904203
0.4418737019836108,0.5210493178968937,0.037076980119495624
0.4543896940822327,0.5043980530711947,0.04121225284657256
0.5089490720338072,0.44931472293536256,0.04173620503083042
0.4040751264659273,0.555014476233589,0.04091039730048347
0.40712049837381226,0.5512530670582544,0.041626434567933385
0.41714340602579786,0.5409390053672011,0.041917588607001004
0.46841609009689195,0.48874394529521076,0.04283996460789726
0.4286422630836685,0.5295175763506953,0.04184016056563638
0.4244042933898298,0.5342843763952017,0.0413113302149686
0.49096523699002,0.4656947680053763,0.04333999500460391
0.5400473379969156,0.41480667390653136,0.045145988096552944
0.44293868333723924,0.5161279776070522,0.04093333905570863
0.42153927999261903,0.538551633735124,0.03990908627225713
0.40003020910972414,0.5581987074745952,0.041771083415680754
0.4579769190979169,0.500155674714688,0.04186740618739517
0.4537605544059609,0.5051237300602923,0.04111571553374683
0.48854676675046804,0.46917514124203474,0.042278092007497235
0.4121054287586546,0.5452814270330921,0.04261314420825351
0.5202399925535554,0.4348332995531838,0.04492670789326102
0.45828484686042364,0.49951661351945037,0.042198539620125895
0.44629544709486285,0.5102425890754889,0.04346196382964816
0.39701086118529894,0.5397624857678862,0.06322665304681468
0.44757854234661665,0.5111663263844272,0.04125513126895633
0.4501805618394121,0.5074325264166263,0.042386911743961725
0.5930676126857591,0.36652566996525066,0.040406717348990005
0.4358639132003667,0.521865135904201,0.04227095089543221
0.47524885525066873,0.4856124555114465,0.03913868923788484
0.45252509438020966,0.5064755107027101,0.0409993949170803
0.517977664162519,0.4393176755837141,0.042704660253766846
0.43806646434125823,0.5237032630799106,0.03823027257883117
0.4265683658199904,0.531606545227735,0.041825088952274735
0.406199254137745,0.552005246267108,0.041795499595146994
0.4090859272995358,0.5486810136780871,0.04223305902237695
0.5401181490805856,0.41853901059394205,0.041342840325472266
0.41801726805803213,0.5400765432194513,0.04190618872251671
0.5453603305114368,0.4117419262512295,0.04289774323733377
0.46319966469127716,0.49567454845085707,0.04112578685786561
0.4103567226271142,0.5470469921945333,0.04259628517835234
0.36450933940518376,0.5817789020627552,0.05371175853206096
0.5050488002632018,0.4542952459463939,0.04065595379040409
0.4780657600928761,0.48555871452695515,0.03637552538016872
0.41934966453077266,0.5404950427162669,0.040155292752960446
0.4141156580859213,0.547683668487309,0.038200673426769756
0.4929357268994008,0.4646234182963477,0.0424408548042517
0.4173017794183891,0.5411615270047954,0.04153669357681541
0.4008539541312007,0.5575435733925419,0.04160247247625763
0.47840702976598637,0.480031819948491,0.041561150285522576
0.4216554595935785,0.5366766802367013,0.04166786016972017
0.5038440493548363,0.45517516051490753,0.040980790130255955
0.4561797921562705,0.5078165347792277,0.03600367306450181
0.5584549927864566,0.3989220489530507,0.042622958260492824
0.46369864297642144,0.49465853196852944,0.041642825055048995
0.6020427164164238,0.35471377006345445,0.04324351352012164
0.4053908934915415,0.5536811456931142,0.04092796081534429
0.4394860079122886,0.5183032323796916,0.04221075970801978
0.48050198134054506,0.4770405001565601,0.0424575185028949
0.5268827000690576,0.4304536133559606,0.04266368657498182
0.5234412779974544,0.43442889418583497,0.042129827816710604
0.5246195957785841,0.432666569238178,0.042713834983237914
0.4107741742711027,0.5475290849939908,0.04169674073490645
0.42048358046518963,0.5373041827464701,0.04221223678834048
0.45053499117243373,0.507307605870018,0.042157402957548336
0.5660444868717104,0.28212311581424343,0.15183239731404619
0.4037325804558194,0.5529428464513569,0.04332457309282358
0.4917358735890841,0.46684851577867215,0.04141561063224381
0.500892743242985,0.45787244772557606,0.041234809031438925
0.4231806180520118,0.5400983186556834,0.03672106329230493
0.5066569163971026,0.4522212397403889,0.04112184386250837
0.5229222746283976,0.43606709147758804,0.041010633894014666
0.5087366780192438,0.44890112031962875,0.04236220166112729
0.4352933826084439,0.5233482566888842,0.04135836070267205
0.5566928498121814,0.40247611362581337,0.04083103656200503
0.39787922134569254,0.568198646214798,0.03392213243950941
0.511087839645798,0.44822514074227066,0.04068701961193146
0.5482029874246653,0.409273774951788,0.04252323762354667
0.41186347077453056,0.5465458328067958,0.041590696418673426
0.4065150550680777,0.5524137265318537,0.04107121840006861
0.39939760840548305,0.5592147975046643,0.041387594089852715
0.45990588264640714,0.4974207655971421,0.04267335175645071
0.4846556054951428,0.4728651900783907,0.042479204426466695
0.47164518233775954,0.488565205886426,0.039789611775814644
0.39585467201263985,0.5663479788848914,0.03779734910246885
0.563873292956496,0.3912736895402877,0.0448530175032163
0.4314964854985524,0.5276935888847922,0.040809925616655196
0.44499825479874633,0.5132609387549867,0.04174080644626715
0.5145662167371851,0.4457810405855102,0.039652742677304974
0.45803791642578895,0.5003160893783846,0.04164599419582642
0.42518727932983147,0.533388016022855,0.04142470464731339
0.42494582031762385,0.5336074434051636,0.04144673627721252
0.5335133994189807,0.42336434431782727,0.04312225626319178
0.4838195416380459,0.47505893113032355,0.04112152723163052
0.4483659670612808,0.511400995336792,0.040233037601927216
0.44559653908007396,0.5120958180054518,0.04230764291447454
0.44542497106934303,0.5124675451711739,0.042107483759483054
0.47726222496481524,0.48042732262897386,0.0423104524062108
0.3981886171667373,0.5607182893322844,0.041093093500978325
0.4385725781613423,0.5203197636163438,0.04110765822231394
0.4313026991588092,0.5265875968955458,0.042109703945644957
0.46586652482167984,0.49349981786279584,0.040633657315524235
0.40387294525474027,0.5548669507351774,0.041260104010082156
0.4560076695018069,0.5016503962103229,0.042341934287870135
0.515085185205035,0.44779844181831435,0.037116372976650755
0.4082372551597657,0.549014830523799,0.04274791431643536
0.4348427998562436,0.5227364836142455,0.04242071652951094
0.4461428825282937,0.5121132849212168,0.04174383255048952
0.4252905934498459,0.5331444180109047,0.041564988539249274
0.4236474062700692,0.534101848378212,0.04225074535171905
0.44461405614798327,0.5153162900782917,0.04006965377372488
0.41264405294249784,0.5461120063831031,0.04124394067439908
0.5012868173435573,0.45605624802683586,0.04265693462960682
0.5408801913162716,0.4189879508811112,0.04013185780261716
0.4197332482619603,0.5395360557391258,0.04073069599891397
0.5830659841247975,0.3757013507875135,0.04123266508768901
0.40974620275358614,0.5484609760577009,0.04179282118871282
0.439792352516165,0.5180033804705988,0.04220426701323622
0.45292172037407347,0.5056429794454326,0.04143530018049405
0.41805913049645255,0.5400015778066617,0.041939291696885636
0.43814885882861376,0.5195004433137982,0.042350697857588125
0.4489512568892017,0.5090648122185274,0.041983930892270954
0.474387355170647,0.4837283179866361,0.041884326842716924
0.40256777936425364,0.5592449374821992,0.03818728315354753
0.3983346549846791,0.5616832698016767,0.039982075213644074
0.459125929399141,0.49870896897548667,0.042165101625372195
0.45683037664492243,0.5014232200301996,0.04174640332487825
0.42856353633655686,0.5295652343990822,0.04187122926436084
0.48474096808530115,0.4762015371639701,0.03905749475072866
0.38077367573681825,0.5774386078132827,0.04178771644989897
0.46512786898590464,0.49552770168800614,0.03934442932608911
0.42587888301674126,0.5318229858823047,0.042298131100953984
0.44110674140356526,0.5171745855090923,0.04171867308734233
0.43675009589396896,0.5201212272670511,0.04312867683897985
0.42040881719219264,0.5374011052725093,0.04219007753529806
0.40797408280267594,0.5492765924092701,0.04274932478805404
0.5066393756969305,0.4537157908368902,0.03964483346617931
0.4174280625889776,0.545088377796878,0.03748355961414451
0.4792281707800832,0.4788861746632142,0.04188565455670268
0.3910270369337699,0.5674545674300527,0.041518395636177166
0.43972224061236226,0.5186349893954311,0.04164276999220671
0.4520500747889392,0.5058285146205355,0.04212141059052533
0.39896969008417194,0.5593729751848758,0.041657334730952275
0.4349120566345397,0.5229401632318815,0.04214778013357889
0.41711804059605817,0.5422321017745355,0.04064985762940637
0.4458001957967396,0.510698554698239,0.04350124950502133
0.396661266798566,0.5633438797389339,0.03999485346249992
0.4585141906352053,0.49917439784722584,0.04231141151756875
0.42152768162231247,0.53515782616621,0.04331449221147769
0.4910098991098791,0.46645832340388654,0.04253177748623441
0.4929392796270901,0.46604188426183557,0.041018836111074194
0.43849731468783065,0.5200071962128471,0.04149548909932223
0.4587750925912458,0.49925417113708687,0.041970736271667274
0.37990340899420966,0.5506814616374693,0.06941512936832107
0.47357495357353535,0.4838890984945698,0.042535947931894594
0.41090127997355297,0.5489936722135812,0.040105047812865814
0.4221966212551479,0.5370777676065568,0.04072561113829565
0.43173694471032914,0.5280524361113862,0.04021061917828449
0.451270606983741,0.5052752763437225,0.04345411667253647
0.4752361642798917,0.48313758681385865,0.04162624890624965
0.5328822501234712,0.425557549625176,0.04156020025135259
0.4712505872402791,0.48696484414215196,0.041784568617569184
0.40657180256160635,0.5526530577298168,0.04077513970857714
0.43103156588870134,0.5272532831598129,0.04171515095148569
0.4592909062507925,0.49875856559560316,0.041950528153604415
0.4762690192690971,0.4972886442880339,0.02644233644286894
