0,1,2
0.47576132962046747,0.48780864212324937,0.036430028256283116
0.4734293183106547,0.47587202571492665,0.050698655974418735
0.4426852205074029,0.5173862590915235,0.03992852040107373
0.5117664194161805,0.44895300245043374,0.03928057813338545
0.44872385317871993,0.5022666078851515,0.04900953893612855
0.4524852564291452,0.5113600814691432,0.03615466210171143
0.4495971460321665,0.5117790424620097,0.03862381150582385
0.44640070656317793,0.5164267078652325,0.03717258557158932
0.4988349362951902,0.4659254829630465,0.035239580741763255
0.3193282493882845,0.6428416335441526,0.037830117067562764
0.45562463012879933,0.5066972012147025,0.03767816865649801
0.46029104899844475,0.49993553580430816,0.03977341519724704
0.46010536837377664,0.5021183629550173,0.037776268671205974
0.4242437606515234,0.5337163051816054,0.04203993416687116
0.4677315404569108,0.4884575328006018,0.04381092674248746
0.48836270363178513,0.47245881221170294,0.03917848415651179
0.43470162094879516,0.5310918407378803,0.034206538313324646
0.4625490083329009,0.49502445652741234,0.04242653513968701
0.4345235449868799,0.5309721754420009,0.03450427957111907
0.4662518770279674,0.49485625751444506,0.038891865457587445
0.45287903713789407,0.5105437958707777,0.03657716699132828
0.46335726051483456,0.5026676184037117,0.03397512108145385
0.44980782003811765,0.5127922005331544,0.03739997942872784
0.4196173023594954,0.5361799006317983,0.04420279700870595
0.5099823893685711,0.4449074826222999,0.0451101280091289
0.4063427073246624,0.560200586731311,0.03345670594402664
0.39843569450605526,0.554698986245993,0.04686531924795181
0.45971217577249474,0.507465671953595,0.03282215227391034
0.41794659720420824,0.5460709852686025,0.03598241752718904
0.35658631521497786,0.6050548687950142,0.03835881599000794
0.4647095287088209,0.49426774517051014,0.04102272612066897
0.45221363114787333,0.5129685781864274,0.034817790665699344
0.43271894611169,0.5304675634769581,0.03681349041135186
0.44776418969166387,0.5057224064684128,0.046513403839923285
0.5470022838098036,0.4120942106647965,0.04090350552539969
0.501818711461956,0.46175384562195015,0.03642744291609375
0.4213983785476172,0.5384817853917293,0.040119836060653204
0.5013299763543908,0.45909829576901745,0.03957172787659155
0.4284924800490471,0.5327833163637005,0.03872420358725241
0.4417455107867659,0.5182320192725697,0.04002246994066432
0.41228000094144973,0.545453260880421,0.04226673817812935
0.3972500520407846,0.569203615765652,0.033546332193563524
0.4683250291239693,0.4876569787290643,0.044017992146966264
0.39644362949776807,0.566049039526511,0.03750733097572105
0.4196993546830539,0.5451503786010324,0.035150266715913946
0.5152803596127778,0.4429664778350199,0.0417531625522023
0.4064578492743336,0.5501470658638281,0.04339508486183806
0.47100050111480607,0.4946604775499857,0.03433902133520789
0.7031053114184536,0.24981538964174374,0.04707929893980252
0.44664180117543034,0.5167856916515872,0.03657250717298236
0.4470605042196708,0.5148443018469722,0.03809519393335727
0.4921502631144384,0.4646750803096836,0.0431746565758781
0.460943949467977,0.5029453063459045,0.036110744186118704
0.4062092463138239,0.557439924395886,0.03635082929029007
0.4586392176773181,0.5015294607465972,0.03983132157608486
0.47329144647540616,0.47626120863675614,0.050447344887837677
0.4877387540141131,0.4696889188848307,0.04257232710105616
0.5617691185983167,0.3908831516978659,0.04734772970381735
0.47520326741863755,0.48806834246925357,0.03672839011210875
0.4910837189961892,0.46338183030568625,0.04553445069812447
0.45461042114131783,0.5031716243767046,0.04221795448197732
0.5039197098669427,0.4599767038437428,0.036103586289314656
0.44181204442915956,0.5151438624165101,0.043044093154330214
0.4504335809883398,0.5103336484908501,0.039232770520810076
0.45140257879598134,0.5064001307871172,0.04219729041690141
0.46827567235761547,0.4945063483658753,0.03721797927650885
0.4560142553706955,0.5059539351735574,0.03803180945574727
0.46418210016559874,0.4920247325381934,0.043793167296207816
0.38783334589202956,0.5763744574049774,0.03579219670299305
0.4533359309303754,0.5086840376738666,0.0379800313957578
0.45886120329778046,0.490694120228888,0.050444676473331486
0.46945655659804647,0.4785268036589482,0.052016639743005605
0.4912773844700067,0.46395228556166096,0.04477032996833255
0.4329215540216524,0.5287075947227191,0.03837085125562863
0.41351442484608264,0.5408209459725077,0.04566462918140957
0.4622150613243038,0.4913276739407938,0.046457264734902526
0.45532662986443245,0.5001743639297803,0.044499006205787194
0.4549841664172696,0.5034300309603943,0.0415858026223362
0.48944193677008874,0.4710149034896291,0.039543159740281976
0.46665998354681343,0.48295596027917204,0.050384056174014334
0.45846807523040023,0.5019803636251109,0.03955156114448903
0.3885882177927851,0.5710960176777867,0.04031576452942826
0.44686979619329076,0.5143715666948518,0.03875863711185751
0.41921476104539623,0.538831601809205,0.041953637145398515
0.5462142639265056,0.4093240432300552,0.044461692843439087
0.473165240829715,0.479222956613888,0.04761180255639707
0.44089789180842004,0.5177195592160675,0.041382548975512336
0.33616952330413447,0.6299400611540615,0.03389041554180406
0.3160008015365502,0.65656540880509,0.02743378965836019
0.5780874750821356,0.3700320732098635,0.051880451708000916
0.4654700314255146,0.4972263013109942,0.03730366726349114
0.44261148368041386,0.5190089660009278,0.03837955031865829
0.44970375066321405,0.5112057109299467,0.03909053840683915
0.46413052068430366,0.500360817979269,0.03550866133642744
0.4759680539869032,0.48428255103689,0.03974939497620672
0.44408683943843485,0.5056838899483825,0.05022927061318256
0.5983574340524661,0.36990169138105106,0.03174087456648273
0.4611669402667632,0.49661096898370954,0.04222209074952725
0.4679968122777412,0.4879984083819589,0.04400477934029982
0.4705639342745264,0.48541722073311,0.04401884499236338
0.4413294901948963,0.5166641462896676,0.04200636351543582
0.4519189462703196,0.5063406460999513,0.04174040762972908
0.5125726931987007,0.4453073894599037,0.04211991734139565
0.5079793269094874,0.4528418202105558,0.039178852879956906
0.4075072599315961,0.5595677055400149,0.03292503452838916
0.4707651058020177,0.49231010605580394,0.036924788142178304
0.462566106900743,0.49383169612237343,0.043602196976883445
0.43401254459986194,0.5251641963910635,0.04082325900907425
0.5898982941239592,0.3633940192359206,0.04670768664012006
0.478317338091973,0.4804840039504487,0.041198657957578384
0.40725017217437237,0.549059816965679,0.04369001085994875
0.6519149101773294,0.3077777783649203,0.040307311457750364
0.4723314737527566,0.4875204822221819,0.040148044025061294
0.5087915439812373,0.4517254311574476,0.03948302486131516
0.4768861561270753,0.4762098334159259,0.04690401045699863
0.5036945353949573,0.4509899336091621,0.045315530995880364
0.46545286115661383,0.490960548105944,0.04358659073744217
0.5779858809320156,0.37442985566295955,0.04758426340502472
0.48507436930714376,0.47783483670440063,0.03709079398845575
0.38367075448714527,0.5762848753460643,0.04004437016679023
0.45328712799902854,0.4964406162552955,0.050272255745675926
0.515722954956062,0.44634685591416334,0.037930189129774514
0.423263936758187,0.5397019216150941,0.03703414162671891
0.4621127916344524,0.5021164349883358,0.035770773377211906
0.22103703220170895,0.7633123760750723,0.015650591723218636
0.4041319042298509,0.5523180223311582,0.04355007343899094
0.4617336225493487,0.4921877959388556,0.04607858151179579
0.4341419624518217,0.5207592276948196,0.04509880985335876
0.38365454067644067,0.5794856349372319,0.03685982438632751
0.45475835621958915,0.5063823200943784,0.0388593236860324
0.4700975093890706,0.48690782221796836,0.04299466839296092
0.4530539386264788,0.5121368036920197,0.03480925768150145
0.48686014919051596,0.4611616085125325,0.05197824229695135
0.5088323637653535,0.45284372939361417,0.03832390684103223
0.45948016298252303,0.502825624887806,0.037694212129670994
0.40903122239602374,0.5525096238215209,0.03845915378245534
0.4649236051666973,0.4957261071495347,0.039350287683768144
0.379405877716837,0.5786572634380795,0.04193685884508371
0.4482716648816948,0.508662890689888,0.043065444428417254
0.3942892165843588,0.5608344002124891,0.04487638320315207
0.4756298299137365,0.4855553443193496,0.03881482576691414
0.42432442862090186,0.5346684061647214,0.0410071652143765
0.47645279602943197,0.486891687811014,0.036655516159554
0.4732712064317476,0.48899882453181176,0.037729969036440686
0.46480553093457005,0.5076751802806033,0.02751928878482658
0.4469329534614109,0.5195444835548705,0.03352256298371862
0.4763322353433624,0.4784829372245492,0.04518482743208838
0.4716671077931681,0.493258179925579,0.035074712281252925
0.467101226856531,0.4965101298597528,0.03638864328371641
0.4187456880196645,0.5377613143706405,0.04349299760969486
0.520158404902286,0.4277968332051557,0.05204476189255825
0.4158911501734655,0.5405533901388688,0.04355545968766562
0.45488056078819855,0.5001906097946002,0.044928829417201166
0.45799308412217166,0.5090964389593992,0.03291047691842932
0.4812359133364645,0.4770471142595374,0.0417169724039982
0.3845756929352332,0.5736534622388659,0.04177084482590105
0.33962167445446484,0.6275204326129075,0.032857892932627586
0.4129494524762925,0.5511291585816536,0.03592138894205378
0.4580733539707009,0.5068166899257236,0.03510995610357542
0.4693802159695344,0.48002380029875596,0.05059598373170962
0.45251362439155224,0.5113725934294365,0.03611378217901114
0.4226636860449626,0.5422817893802184,0.03505452457481878
0.4979082659742026,0.4641899527103957,0.037901781315401534
0.449037810316479,0.5288732274836685,0.02208896219985265
0.43799795549616205,0.513103367512454,0.04889867699138362
0.4539137975237355,0.501941176055289,0.044145026420975404
0.47382959565541066,0.47804598968983486,0.04812441465475457
0.5727580281714915,0.3856827073856392,0.041559264442869205
0.4544014900542008,0.5003192481316828,0.04527926181411657
0.49391405773521957,0.45541018047914594,0.05067576178563456
0.4446670182848022,0.5121031298423668,0.04322985187283108
0.4633322814847083,0.5003511672450259,0.036316551270265604
0.46417524474631805,0.49711028292979287,0.038714472323889165
0.4558679370202511,0.4995803991950612,0.04455166378468761
0.43591368212497955,0.5227682716012217,0.04131804627379873
0.44028717606156725,0.5114625570039631,0.048250266934469675
0.47670786720435787,0.48607594166339574,0.03721619113224641
0.43661097375384106,0.5220403372896848,0.04134868895647428
0.43957257890833945,0.5237254858124893,0.03670193527917104
0.45803150528363706,0.4908722070256888,0.05109628769067432
0.5096512046661197,0.45559441628411174,0.03475437904976847
0.4845271819384179,0.467997840272875,0.04747497778870701
0.46711214150382907,0.4969146924032451,0.03597316609292599
0.5115307850817314,0.4488088942344437,0.03966032068382461
0.44490741113292986,0.5196106945851444,0.03548189428192567
0.4452373591508787,0.5097747542687131,0.0449878865804082
0.4410262951092718,0.5496107900689122,0.009362914821815733
0.5082597706245378,0.44415359549344297,0.04758663388201949
0.4684438562949973,0.4950474432261705,0.03650870047883209
0.44980587911922343,0.5031278411235086,0.04706627975726788
0.5270299421202039,0.43335625218353124,0.03961380569626459
0.44413494289441724,0.5159322311854414,0.03993282592014145
0.4553717297744361,0.5100659595440268,0.03456231068153705
0.40254648314744196,0.5635415377486349,0.0339119791039232
0.4446473760599142,0.5204414889439212,0.034911134996164536
0.4658127775809975,0.49501119212955647,0.03917603028944586
0.4198104297915229,0.5427356553024837,0.03745391490599319
0.21659698821790452,0.7704205812891546,0.01298243049294066
0.5258508093490549,0.4232165244356722,0.050932666215273044
0.5197678597034258,0.44351769655249906,0.0367144437440752
0.4014997539009775,0.551166066461841,0.04733417963718148
0.4332808708502676,0.5202105842132456,0.046508544936486755
0.45115056081302557,0.5001900259978328,0.048659413189141736
0.4627250595036052,0.4928715293091716,0.04440341118722311
0.4380666850481144,0.5138856390850299,0.048047675866856016
0.36637199146981425,0.5900590114431906,0.04356899708699521
0.5463553513026232,0.41251681657479167,0.041127832122584945
0.471237232623458,0.47606486029771755,0.052697907078824525
0.5190068121790744,0.4338514530385095,0.047141734782415956
0.4200501099863197,0.5380955942875569,0.041854295726123314
0.5568701728090012,0.40766727989015683,0.03546254730084203
0.4514174084363336,0.5106899028082652,0.03789268875540129
0.4239512920397876,0.5303885560966087,0.04566015186360369
0.41721637917489385,0.5405843352255051,0.04219928559960114
0.4380119110154744,0.5103803404487548,0.05160774853577074
0.5419754966878738,0.4223208357991457,0.035703667512980444
0.4268662450481227,0.5369930777856441,0.03614067716623318
0.46079027652862076,0.4969263739396412,0.04228334953173817
0.42228089592136664,0.54262915843006,0.035089945648573165
0.42427999786937615,0.5410637536050661,0.03465624852555812
0.49940049368184186,0.45313519625867077,0.04746431005948733
0.53544102513841,0.42193870027668134,0.04262027458490855
0.40904561035470427,0.5446841796240668,0.04627021002122901
0.43275589661199776,0.515896841514731,0.05134726187327134
0.3962827835939377,0.5675784854039776,0.036138731002084576
0.4416430557436203,0.5144888244866628,0.043868119769716836
0.4487883863848457,0.5159230546412843,0.03528855897386993
0.7298021150948627,0.24416922227354826,0.02602866263158892
0.4243975938325198,0.5377773298386852,0.037825076328794824
0.5082387658622435,0.44041910652464,0.05134212761311655
0.4897852142301335,0.4614675556403497,0.04874723012951667
0.5153317303119763,0.4395477200199718,0.045120549668052005
0.38702350089346194,0.5699191420185653,0.043057357087972675
0.4751335076344539,0.480067843763476,0.04479864860207004
0.48248890551050483,0.4749226718981483,0.042588422591347035
0.4763622706249088,0.4854049435065046,0.0382327858685867
0.5343940433802996,0.42636218174320023,0.039243774876500215
0.446824221026514,0.5136383316401558,0.03953744733333033
0.43893569978635344,0.5204820672578987,0.04058223295574794
0.445572843023696,0.5040777315483417,0.05034942542796223
0.43131748599350744,0.5215327543837843,0.04714975962270799
0.4620668884816855,0.5032895267359492,0.03464358478236513
0.5456916445089722,0.40287067998127174,0.05143767550975631
0.4056637799432784,0.5530293499735432,0.041306870083178224
0.4636987930668797,0.4967652867728945,0.03953592016022573
0.40938221764674315,0.5430799623960513,0.04753781995720571
0.4576601142863609,0.4986511836759697,0.04368870203766952
0.39187357011693646,0.5797353980354909,0.028391031847572707
0.45861162774301417,0.5024563757789062,0.03893199647807987
0.4319355098503774,0.5366200533798543,0.031444436769768304
0.42425400391258605,0.5361760703972049,0.03956992569020896
0.4876449779969665,0.46852673499405373,0.04382828700897969
0.42275163681609224,0.5410358848938398,0.03621247829006793
0.4310424078405138,0.5317393218498369,0.03721827030964923
0.4787384407488141,0.48338447083532127,0.03787708841586446
0.6331390918648547,0.33876768554929826,0.028093222585847
0.4894957758558272,0.4766172714101834,0.033886952733989305
0.49808591754496195,0.4579571892323991,0.04395689322263907
0.508754215194417,0.45139405907196756,0.03985172573361548
0.4418547325599489,0.5124521492801201,0.04569311815993087
0.4510728442216478,0.5065740432997929,0.042353112478559336
0.45658889655003576,0.50685985779367,0.03655124565629402
0.39143549514394427,0.5735146361120071,0.035049868744048855
0.44397714680116435,0.518476591310741,0.037546261888094574
0.45264375195254436,0.5071630212120174,0.04019322683543814
0.44055326488296975,0.5149830533693492,0.04446368174768094
0.42818950771573283,0.5277006090905078,0.044109883193759185
0.47337710459295557,0.4867121838321297,0.03991071157491472
0.45351237065508776,0.5093230832962555,0.037164546048656835
0.47286409168799554,0.4943903659039946,0.032745542408009996
0.4500974221939346,0.5015595440595719,0.04834303374649327
0.4935246260219408,0.4724079726424785,0.034067401335580776
0.48215539956832953,0.4821106592111509,0.035733941220519566
0.4726191347182623,0.47927665337265485,0.048104211909082616
0.45825086588332997,0.5004318005571361,0.04131733355953391
0.4347093900148575,0.5143314630922233,0.05095914689291916
0.4687317602093515,0.4835597929905915,0.047708446800056994
0.20281028517822197,0.7873227771169459,0.009866937704831807
0.344363202302442,0.6168988157283022,0.03873798196925581
0.43600845822001155,0.5133800629666246,0.05061147881336371
0.4413001522278039,0.5220550337879719,0.03664481398422399
0.6964945691331098,0.2709039813215727,0.03260144954531777
0.4472630345978846,0.5059969017663142,0.04674006363580134
0.4584087750218052,0.506092811894465,0.03549841308372973
0.37137005998012207,0.5941016768832439,0.03452826313663383
0.5806824550553386,0.38062317830959264,0.038694366635068776
0.4271364982201699,0.5375636043642735,0.035299897415556225
0.4458817478328781,0.5160754312764517,0.03804282089067002
0.6139084114691208,0.349940916658902,0.03615067187197722
0.461403001293085,0.5060981852815488,0.032498813425366015
0.40294247915445736,0.552224427783791,0.044833093061751726
0.42492194719040827,0.5328497545894866,0.04222829822010502
0.46086271252607075,0.48873792386666604,0.05039936360726309
0.4473663404965864,0.5158947684616217,0.03673889104179204
0.43943549065527676,0.5147972633760246,0.045767245968698536
0.4896441765698755,0.47142322557416677,0.038932597855957665
0.38674647025112874,0.575320306300446,0.03793322344842553
0.3783470311678949,0.5816010589247517,0.04005190990735336
0.3894731797624872,0.5658051104053393,0.04472170983217342
0.43591852418668425,0.5280465561577515,0.03603491965556429
0.42548429923970077,0.5311867743227994,0.043328926437500186
0.4386955848113101,0.5198137841121601,0.04149063107652969
0.43566994006726245,0.5223708520557031,0.041959207877034665
0.7550741958247748,0.16889595115316955,0.07602985302205545
0.47004617817393374,0.49443674426276873,0.03551707756329742
0.46097916502654174,0.4978203479754805,0.041200486997977466
0.31491983421686914,0.6603586953496666,0.024721470433464177
0.44990395295097374,0.5134330779381459,0.0366629691108805
0.5497232870705346,0.40330010350035955,0.046976609429105934
0.3799340987468885,0.5769270257762072,0.04313887547690421
0.5092147503312422,0.4524818875779112,0.038303362090846636
0.3923826463327267,0.573775066197825,0.03384228746944837
0.443821514652622,0.5076338362825895,0.0485446490647885
0.5262877883725808,0.4291666156105457,0.044545596016873586
0.4280327792430469,0.5270245799872842,0.044942640769668966
0.4521190101090155,0.5105463781677106,0.0373346117232738
0.4302137708402681,0.5288314595017403,0.04095476965799146
0.4611820214348313,0.4867056199733766,0.05211235859179228
0.4382000002013905,0.5272645803977063,0.03453541940090324
0.4770133497473523,0.4782289727804425,0.04475767747220524
0.6033876690645735,0.35675725802303115,0.0398550729123951
0.4605607532905999,0.49514442826349003,0.0442948184459101
0.5381474135310257,0.42438095066691744,0.03747163580205666
0.49395098255301156,0.46180646864950914,0.04424254879747934
0.44521253823621043,0.5155474975805755,0.03923996418321401
0.5770623534008301,0.3712280585658969,0.05170958803327298
0.43352284195470076,0.5308722706295398,0.035604887415759394
0.40604747109277456,0.5532808251044052,0.04067170380282029
0.4647974111971728,0.4990115217424525,0.03619106706037471
0.4427425194643407,0.5142586846348903,0.04299879590076906
0.4557620388214523,0.5032665353539993,0.040971425824548394
0.4388447425761221,0.5139186169563439,0.047236640467534056
0.41243581659386935,0.5474720240105209,0.04009215939560967
0.4465688918507703,0.5166962380514211,0.0367348700978086
0.45988903916770185,0.5063535991978124,0.03375736163448558
0.4708592565090792,0.4921980219123743,0.0369427215785464
0.42112666007995186,0.5336931239005802,0.045180216019468
0.4295342497527452,0.534054243738943,0.03641150650831169
0.4762895184578565,0.4716884715866519,0.05202200995549145
0.4556284885052226,0.5110742862799473,0.03329722521483001
0.44707182904103043,0.5154010024843918,0.03752716847457782
0.44476665825555173,0.5198467348934711,0.035386606850977054
0.3804092212176732,0.5768771161936587,0.042713662588668086
0.44223703462339875,0.5098145964125621,0.04794836896403899
0.4624565424251202,0.4950623862821933,0.04248107129268651
0.41935214663418313,0.5451648652781018,0.03548298808771501
0.47401939510416996,0.4745471508862581,0.051433454009571625
0.5418264657643,0.4048479123108024,0.053325621924897544
0.3897799784961261,0.5741539928406598,0.03606602866321389
0.31126142877793883,0.6586879244131346,0.03005064680892655
0.41192860774302864,0.5472430588726472,0.04082833338432426
0.4136732152813762,0.5430210831198883,0.043305701598735695
0.32861922859076237,0.6493496461068143,0.022031125302423085
0.4548192996815651,0.500535296539889,0.04464540377854585
0.44674886342397807,0.514208167908511,0.039042968667511155
0.47989182894131205,0.47059089951043526,0.0495172715482526
0.5585493746964847,0.4032885598105966,0.03816206549291879
0.45661552482535733,0.5064145002067607,0.03696997496788203
0.42550838402302504,0.5402333471911278,0.03425826878584707
0.450886608326618,0.512867663353249,0.036245728320133085
0.4420025903849623,0.5165141386811543,0.0414832709338836
0.4671868742887544,0.49875238275671924,0.03406074295452653
0.44948204980732653,0.5140478545839229,0.03647009560875083
0.4507812569769356,0.5054152943670406,0.04380344865602367
0.497520592465358,0.4580083645159533,0.04447104301868867
0.44883720372980657,0.5050048248017498,0.04615797146844376
0.5484112087877878,0.40593714983690865,0.045651641375303684
0.4587665425879188,0.49188986644480015,0.049343590967280956
0.5091728640807212,0.45209822229925983,0.03872891362001896
0.43297861068688,0.5335315623387519,0.03348982697436798
0.5076612337288737,0.4560599287031569,0.036278837567969235
0.42811144182168076,0.5320728847004124,0.03981567347790674
0.44336803256794455,0.508620409511034,0.048011557921021394
0.44896515846024904,0.5109166497263409,0.04011819181340994
0.4694204946635612,0.484605707991896,0.04597379734454281
0.6348716833029566,0.3362929661596389,0.02883535053740454
0.3388685935625483,0.6370450803800977,0.024086326057353842
0.5088750917946033,0.44088428296889465,0.05024062523650197
0.4524020429468297,0.5100006698044719,0.03759728724869861
0.4054193168784732,0.550703170212723,0.04387751290880368
0.46731438993642654,0.4876703674186048,0.04501524264496843
0.45835306612476123,0.49188274880978367,0.04976418506545521
0.47727388556980216,0.4866772977347764,0.036048816695421614
0.4699067225503857,0.4902778383542003,0.03981543909541398
0.44865301243166916,0.5108340240380398,0.040512963530291296
0.43276358366770973,0.5281135714681156,0.039122844864174736
0.4352417442310878,0.5176488036581591,0.04710945211075316
0.46063585862864,0.4936767190891277,0.04568742228223243
0.6614013596107918,0.2980898185775076,0.04050882181170074
0.5298121089534131,0.41927965745647255,0.05090823359011437
0.36365206033360403,0.5888022884577137,0.04754565120868248
0.44694142189008707,0.5163256022133916,0.03673297589652132
0.4649035996122735,0.4958973613457982,0.03919903904192831
0.4765362554618685,0.4782522488674649,0.045211495670666506
0.5016856211758993,0.46547798249472516,0.032836396329375434
0.45881369489332996,0.49504820912642994,0.04613809598024
0.45119449789265426,0.5101592719237864,0.03864623018355949
0.47127699726273514,0.49393968093497376,0.03478332180229088
0.4280229886969494,0.5313092432848716,0.04066776801817875
0.4255012557452539,0.5377864681386547,0.03671227611609132
0.46534840897460894,0.4828455629429745,0.05180602808241652
0.4374451684421896,0.531735635136048,0.030819196421762365
0.4834764758465727,0.4678025389933115,0.04872098516011569
0.5063339053393451,0.45431325505130393,0.03935283960935091
0.4010786318407754,0.5570751418014618,0.04184622635776301
0.4433478545174646,0.5144714461734871,0.04218069930904817
0.5003559656543166,0.4524368859597444,0.047207148385939084
0.4246123825672385,0.5365986714503489,0.03878894598241273
0.5203833939284526,0.43114635087228875,0.04847025519925883
0.4434904833129098,0.5123700518544234,0.04413946483266674
0.4787285588197879,0.47862717432719987,0.04264426685301207
0.4671287488610239,0.49709680247021193,0.035774448668764364
0.4894829614714385,0.466787543522997,0.04372949500556448
0.43002595159154156,0.5287844078517006,0.041189640556758125
0.4857445896700444,0.47685656511727187,0.037398845212683926
0.5161254519654258,0.4371353257059595,0.04673922232861466
0.5017668895254943,0.4589107161848086,0.039322394289697124
0.7526364497860949,0.20656185840690025,0.040801691807004624
0.5172186051079185,0.4385708401114466,0.04421055478063476
0.4596076868522237,0.5051417579477941,0.03525055519998197
0.43697759968663125,0.5222141188821717,0.040808281431196934
0.4443758822586257,0.5192611933635326,0.03636292437784178
0.4259216377929828,0.5357644087577372,0.03831395344927977
0.45754315091475056,0.5008990254571686,0.041557823628080595
0.4684756338116628,0.4910808289393404,0.040443537248996596
0.4618358936874647,0.5013983867222435,0.036765719590291825
0.4612431753240356,0.4992971920727192,0.03945963260324497
0.43309709187296,0.526325422706419,0.04057748542062092
0.47491835758952006,0.4781086201794006,0.04697302223107927
0.42262225375670637,0.5348727496336221,0.04250499660967161
0.495771417439063,0.4648228535425137,0.03940572901842352
0.44974351124535494,0.5044227134088434,0.04583377534580178
0.44735563476418216,0.5148934661485453,0.037750899087272735
0.4525828090323309,0.5058229700577042,0.04159422090996505
0.45682525328307083,0.5009850323603257,0.042189714356603555
0.47219334793240186,0.48652493058661284,0.04128172148098522
0.3862240718471517,0.5683287900229653,0.04544713812988287
0.42062669382923057,0.5428787483483652,0.03649455782240417
0.4234691837751905,0.5270128159523426,0.049518000272466965
0.44316870427750826,0.5237615122727944,0.03306978344969712
0.4710861553247647,0.48752724562356714,0.04138659905166803
0.448570611203079,0.5060729753312877,0.045356413465633315
0.4745761760810627,0.4876663648821887,0.03775745903674882
0.4590400932221143,0.49390116710379967,0.04705873967408617
0.45454118438849284,0.5086146319683593,0.03684418364314807
0.446728206631449,0.5105574905329273,0.04271430283562333
0.40525481695925686,0.5508133287043555,0.04393185433638775
0.47223873713122977,0.48857753022509004,0.039183732643680184
0.5425092438613347,0.4298238443569516,0.027666911781713998
0.47223322101128484,0.4914675536899367,0.03629922529877853
0.5346833485109683,0.4258351365812352,0.03948151490779635
0.45546055276626496,0.5065161538045879,0.03802329342914716
0.4585421044284636,0.4992873895440214,0.04217050602751497
0.4362380458919853,0.518916146082985,0.044845808025029965
0.16538712449256773,0.8305509758663411,0.004061899641091207
0.4133568974916635,0.5443459444788089,0.04229715802952784
0.4196612783091494,0.5400776060995542,0.04026111559129639
0.4597978115752761,0.5033506759125962,0.036851512512127836
0.4796469131510228,0.487455447822066,0.0328976390269112
0.4713627096765039,0.48626186072620914,0.042375429597286955
0.4860707038056768,0.46964434249635195,0.044284953697971356
0.44721062063378336,0.5110748143609786,0.04171456500523816
0.47815965193353166,0.4741200489671172,0.04772029909935103
0.4854904776606332,0.46523403624903786,0.049275486090328884
0.4416285156015156,0.5167656426247753,0.04160584177370915
0.6027756745599332,0.35467633472554216,0.04254799071452454
0.46562671700665287,0.5022526091027503,0.032120673890597036
0.7207278449139694,0.24382457271261815,0.03544758237341262
0.38739825885205853,0.5790522818439946,0.033549459303946705
0.40605111058669313,0.555271356080861,0.03867753333244602
0.5032118518687314,0.4575751974925512,0.039212950638717346
0.5129961541384144,0.442232867396827,0.04477097846475855
0.4469623786941105,0.507466231054551,0.045571390251338384
0.48104972492259956,0.47896098722232433,0.039989287855075994
0.40292371991113385,0.5554992331754369,0.041577046913429276
0.4510030547488537,0.5094722200428512,0.03952472520829513
0.4540773220620788,0.5109322218194795,0.03499045611844167
0.4625319571876995,0.4894278303692765,0.048040212443023846
0.41927799711376745,0.5325539903576814,0.04816801252855134
0.4541981429333306,0.5032133613375135,0.042588495729156094
0.3841312246052679,0.5826883694486563,0.03318040594607573
0.46465516233224713,0.4938113234981653,0.04153351416958762
0.4186594382546386,0.5409815742925179,0.04035898745284343
0.4746676685685634,0.48535185648823226,0.039980474943204176
0.45344267869697313,0.5047554077781529,0.041801913524873814
0.4235343391462263,0.5422249831226713,0.03424067773110251
0.4741338106638644,0.4877583785525009,0.03810781078363453
0.4226107854333922,0.5376717609637426,0.03971745360286514
0.5176487946908023,0.44408486976106115,0.03826633554813646
0.44967746086721033,0.5135261749632051,0.036796364169584685
0.4839532820614641,0.4728040951210601,0.04324262281747605
0.522130287195272,0.4391238853187135,0.03874582748601464
0.4483407569451457,0.5130129601452237,0.03864628290963053
0.47427632390422614,0.49132420401686033,0.0343994720789136
0.4877915394519323,0.47215394310372044,0.04005451744434699
0.44175409950252303,0.5093197998756744,0.04892610062180233
0.5839698927712297,0.36954426031871207,0.04648584691005827
0.4151313919318828,0.541640085381115,0.043228522687002176
0.4724883412639791,0.4991547749494309,0.02835688378658976
0.4564900978195712,0.506690644253202,0.036819257927226685
0.4963718860044933,0.4693914909449038,0.03423662305060302
0.4425557794011499,0.5164005262336409,0.04104369436520941
0.45255840823690013,0.5102366446241372,0.0372049471389625
0.46137888480304995,0.49984713185880586,0.03877398333814427
0.4587781981533045,0.508779149790161,0.03244265205653455
0.4220133347204107,0.5351172071386057,0.04286945814098363
0.4967520287135878,0.4612860220543815,0.04196194923203062
0.4982013235138771,0.45539487817402957,0.04640379831209343
0.4587729139150727,0.504332742056859,0.03689434402806834
0.4623532748856774,0.49776709901460964,0.03987962609971297
0.4313041354991915,0.5284988554836038,0.04019700901720473
0.47864845078333446,0.49434748331608885,0.027004065900576392
0.4630957388576783,0.494057978730576,0.04284628241174562
0.4550558570416325,0.5075138691858265,0.037430273772541045
0.4549757001161211,0.49967996479030335,0.04534433509357556
0.49053745263854787,0.47152745800282925,0.03793508935862279
0.41375900156611456,0.5438280263370778,0.04241297209680768
0.7044443610425435,0.24877773419149912,0.0467779047659574
0.378757682467178,0.588397662610091,0.03284465492273108
0.4480714405912339,0.5184640439097529,0.03346451549901319
0.4915814355726912,0.46882910116194537,0.03958946326536332
0.4565159870373267,0.49498517627601585,0.048498836686657394
0.3884064600194289,0.5801880847425566,0.03140545523801472
0.4395118161717051,0.5145352243446271,0.04595295948366792
0.4406512294326755,0.5115061830862274,0.04784258748109712
0.45223910074974877,0.5080824984580831,0.039678400792168354
0.4786862213130845,0.47686515826696685,0.044448620419948605
0.3481037783469859,0.6166200489079526,0.03527617274506132
0.49547962283032987,0.46494921937827743,0.039571157791392426
0.40558715938495826,0.5560685904723728,0.03834425014266898
0.45407710809166446,0.5007785401350721,0.04514435177326357
0.4091339299953726,0.5508917527264258,0.039974317278201325
0.4736443090906368,0.48109952700920183,0.04525616390016133
0.4211201016916981,0.5427154711485785,0.03616442715972322
0.44950687572269504,0.508972377701409,0.04152074657589585
0.46520630129703106,0.500253478405028,0.034540220297940995
0.39386347923174897,0.5658036380619158,0.04033288270633534
0.42967052231932334,0.5338672031501362,0.03646227453054054
0.45798242749749374,0.5065127331031712,0.03550483939933483
0.5003730723595924,0.45775649689266135,0.04187043074774636
0.561201543956899,0.3557965248844442,0.08300193115865685
0.46810077139272593,0.48384633731272425,0.048052891294550024
0.4501700896589689,0.5077897464680637,0.042040163872967294
0.6651457479839803,0.3009590955622082,0.03389515645381132
0.45877473315032413,0.5001844419016471,0.0410408249480289
0.45741433226119166,0.49824194934616484,0.044343718392643595
0.4436551880412796,0.5208431066430604,0.035501705315659764
0.459848792178456,0.5040393010240706,0.03611190679747351
0.4517863674363007,0.5148114327585405,0.033402199805158704
0.4606259923754417,0.49377294925352166,0.04560105837103662
0.4381012718137043,0.5130426398839169,0.0488560883023787
0.42640917520065,0.5367416697169924,0.036849155082357775
0.547789628094301,0.40689417267238454,0.04531619923331435
0.47465224007361234,0.47661980673094617,0.04872795319544163
0.529945907734311,0.4284648310615972,0.0415892612040918
0.4782604295941709,0.47754403483497687,0.04419553557085234
0.43823233851576915,0.5227051300578903,0.03906253142634065
0.41141017670777036,0.5447202512335286,0.04386957205870085
0.5303960950691874,0.43031639305316755,0.039287511877645113
0.4665351475346042,0.491799199776151,0.04166565268924512
0.3993718655299811,0.5697616401957148,0.030866494274303886
0.40075859685326337,0.5602661989228267,0.03897520422390975
0.4728155137113023,0.4877005621035666,0.03948392418513107
0.42382629067105637,0.5346434633969749,0.04153024593196886
0.4490724506302347,0.499212629315172,0.05171492005459332
0.45493375273339415,0.49659865597562597,0.04846759129097987
0.4935087612195762,0.4634052084784124,0.043086030302011406
0.5161297437658171,0.4502772567225734,0.03359299951160931
0.5859778938658976,0.38345857390656507,0.03056353222753735
0.5381063774384777,0.42747852434618744,0.03441509821533504
0.4915554617662827,0.45729238887717155,0.051152149356545766
0.5184777204126352,0.4425897990324338,0.03893248055493083
0.4421927162501656,0.5219160416162085,0.035891242133625954
0.46518035969720917,0.48953974179964665,0.045279898503144185
0.46275180589503684,0.500326767244179,0.03692142686078411
0.4568293598519893,0.495439885834419,0.04773075431359159
0.5088193832494498,0.4512443067451642,0.039936310005385924
0.48989351851693863,0.4746245477719641,0.03548193371109715
0.4151423609637327,0.5480555707523447,0.03680206828392258
0.4209664358066099,0.546990638099148,0.0320429260942419
0.44916519804205784,0.5185548970437848,0.032279904914157616
0.7135339342654375,0.2379616840369683,0.048504381697594114
0.5659235017313565,0.39420143744067626,0.03987506082796741
0.4697039246699604,0.49306694434473247,0.03722913098530715
0.470223688475015,0.49362248744403314,0.03615382408095201
0.4872183122352379,0.4788583498167137,0.03392333794804851
0.44461897051067284,0.518566659361449,0.03681437012787828
0.45259641583481647,0.4994926519969357,0.04791093216824817
0.4706931401141732,0.49188140216932547,0.03742545771650148
0.4751565136043838,0.4881603870176143,0.03668309937800186
0.4992173791987441,0.45328537331116237,0.04749724749009355
0.40767015909173204,0.556080645705179,0.0362491952030888
0.509252093690564,0.45162763386322047,0.039120272446215416
0.505017828276105,0.4556088387394683,0.03937333298442686
0.4079355448191828,0.5462377017825314,0.04582675339828565
0.44919797352613017,0.5098317525759322,0.04097027389793769
0.4295791954410173,0.5352205590084887,0.035200245550493864
0.44070231566921464,0.5220806500732,0.03721703425758519
0.45598073331118116,0.5068397295162205,0.037179537172598795
0.5140151869112759,0.44558551267511737,0.04039930041360679
0.32738622347765806,0.6332787813997364,0.039334995122605534
0.5965902028108973,0.36315622195830616,0.04025357523079663
0.4454752164152433,0.5215847394987839,0.03294004408597279
0.459332751009308,0.5076340301293453,0.033033218861346726
0.45167018886485677,0.5114359002098198,0.03689391092532346
0.46563176896916575,0.4975730429052009,0.036795188125633344
0.39929215944442387,0.5602725176903217,0.04043532286525443
0.44313099890612356,0.5181807168448341,0.03868828424904233
0.49278571673508237,0.46939990280535915,0.03781438045955867
0.47437063707938737,0.4747385573405182,0.050890805580094456
0.46372612171519845,0.5053256327594156,0.030948245525385894
0.4611013875457032,0.49664999507378654,0.04224861738051014
0.46271778592876756,0.5024376237564843,0.03484459031474817
0.47673258219853465,0.4827126410034018,0.04055477679806378
0.4589759924501084,0.4991391745716154,0.04188483297827625
0.43602962061720285,0.5245269784423817,0.039443400940415624
0.4655842889049541,0.48511050173886455,0.04930520935618121
0.4589952777914195,0.5028772736076603,0.0381274486009204
0.4394256503144783,0.5252576967498382,0.035316652935683424
0.47574475698508384,0.4804429873298838,0.04381225568503241
0.537675331405392,0.4223589487938559,0.03996571980075203
0.3890846393508329,0.5707854222286849,0.04012993842048232
0.4390640073976415,0.5275409906317217,0.03339500197063696
0.439481955314509,0.5261164445737895,0.03440160011170128
0.41797367933794644,0.544545439120893,0.03748088154116051
0.46104372918461556,0.49127266575094386,0.04768360506444033
0.42243016856409604,0.5328672256038743,0.044702605832029806
0.3992319304342602,0.5532456042725102,0.047522465293229586
0.44305496924500826,0.5167171658538856,0.040227864901105914
0.5014187341107389,0.4578507317084881,0.04073053418077315
0.44423746073185405,0.518143502651347,0.037619036616798794
0.5448278593753616,0.4160439003463835,0.03912824027825479
0.4264983994532845,0.529296544505884,0.04420505604083154
0.41173056823229026,0.5526592407353836,0.035610191032325975
0.452104595293585,0.5079171343880401,0.03997827031837517
0.42743702707959813,0.5317949707194298,0.040768002200972146
0.4188294259917417,0.5314202868447621,0.049750287163495985
0.5158428102433184,0.43807511589037423,0.046082073866307215
0.4301749537504336,0.5241563670956054,0.045668679153961236
0.37903789328919474,0.5812014277434581,0.03976067896734715
0.4063249886171908,0.5573406908086013,0.0363343205742079
0.45744372062647864,0.5043934677956449,0.03816281157787647
0.47090006849122124,0.49382235728595003,0.03527757422282873
0.4389287779324089,0.5214084664449365,0.039662755622654505
0.5004032661086791,0.4614478115996587,0.038148922291662266
0.36637446610939056,0.6013220646782229,0.03230346921238651
0.4430108212874121,0.5242535754757408,0.03273560323684689
0.44598646172497747,0.5137543326021508,0.040259205672871716
0.4707753098963292,0.4829463153231665,0.04627837478050422
0.4077609122820541,0.5463581516838969,0.04588093603404907
0.4845357600166565,0.46452718062262593,0.0509370593607176
0.39536828694810405,0.5607793091038107,0.04385240394808519
0.4640384423026084,0.5008357260030978,0.03512583169429372
0.4448563112251359,0.5124326707209489,0.042711018053915334
0.48061490597587486,0.4837391825630886,0.035645911461036565
0.4113563579423818,0.5519781954020931,0.036665446655525416
0.44621028911376365,0.5215925180295098,0.03219719285672659
0.45467465564964354,0.5100885942847775,0.03523675006557883
0.4470989743629389,0.5011014064214521,0.05179961921560898
0.4448378915888779,0.5148713703664284,0.040290738044693596
0.397613394458249,0.5706702162545861,0.031716389287164755
0.42779799131164814,0.5335312364342442,0.038670772254107456
0.4651466135199468,0.49788981920898384,0.03696356727106966
0.4549410805165335,0.5027521257990161,0.042306793684450394
0.4490626963335093,0.5021772752088607,0.048760028457630146
0.4590525892801874,0.5042881869546669,0.03665922376514577
0.5044227920467258,0.4584683686893928,0.03710883926388154
0.4402246303842972,0.5156908158341794,0.04408455378152322
0.45723119659755374,0.5063102280715653,0.03645857533088096
0.46322475394932977,0.5009500262339543,0.035825219816715874
0.46186634831093476,0.505946558257429,0.03218709343163608
0.4572477528042578,0.4954552225428522,0.0472970246528898
0.45585753503952786,0.5073782329917452,0.036764231968726954
0.4582485912806838,0.4995470276517318,0.04220438106758407
0.4896735984135262,0.4665219748423673,0.04380442674410642
0.4626898595476304,0.5061876676672171,0.031122472785152448
0.4695248952899693,0.49349777236301523,0.036977332347015474
0.4698718267843026,0.48185394945810184,0.04827422375759565
0.36873749415820345,0.601145205786598,0.03011730005519847
0.47034483297404095,0.4934890970059617,0.03616607001999741
0.438753780793049,0.5212405662566962,0.040005652950254496
0.5538212306254174,0.4083409083487541,0.037837861025828264
