0,1,2
0.446933465134451,0.5427270620633021,0.01033947280224789
0.49146846027600205,0.47122693691106887,0.03730460281292969
0.5069489499360139,0.47046132797855283,0.022589722085432813
0.48478136103017516,0.505851515866986,0.009367123102839582
0.5318649523269473,0.4473379445769944,0.02079710309605887
0.4843443236380092,0.4965394205765414,0.019116255785448795
0.5571918382460257,0.4061023672124407,0.03670579454153281
0.5326261812539159,0.41404934337606825,0.05332447537001639
0.10292259555675332,0.10498491609849328,0.7920924883447532
0.5076284953526902,0.42314289164305435,0.06922861300425474
0.3270537281247627,0.3430071998022588,0.32993907207297923
0.5023483579246597,0.49203016651826215,0.005621475557078836
0.4916084419190415,0.48786657909858305,0.020524978982375743
0.511820842121639,0.47769286543994205,0.010486292438419342
0.47272740455394485,0.5030851858828227,0.02418740956323168
0.2890314870595088,0.6512512787597039,0.059717234180788975
0.4763594757502096,0.5119290313642084,0.011711492885581478
0.5626294156309233,0.4226458626096427,0.014724721759433694
0.471443806322164,0.5180783264291773,0.010477867248659255
0.5031983147214995,0.47711273003346194,0.01968895524503916
0.26764243569923885,0.22852505964186068,0.5038325046589
0.4896433560917973,0.49340679440818735,0.01694984950001573
0.5173677470943419,0.44730988262207894,0.03532237028357899
0.4820156438348808,0.5047757407435411,0.013208615421577847
0.48561705014656414,0.4931262114751167,0.021256738378318714
0.5467492952088608,0.42325766321091224,0.029993041580227343
0.4117810654375509,0.46463021488734024,0.12358871967510884
0.5829040626246097,0.40736105612787493,0.009734881247516034
0.3327761472945467,0.6305439595504859,0.0366798931549676
0.5422993740707612,0.44047205879791285,0.017228567131325416
0.5153152495609571,0.4752846869405707,0.009400063498472055
0.4169435100089181,0.5708017353212198,0.0122547546698625
0.5014190706968412,0.48628898078567706,0.012291948517481862
0.5145738226179136,0.47805175551260193,0.007374421869483672
0.3875757277706581,0.5788043921810442,0.03361988004829824
0.49178924180644956,0.4986156417871511,0.00959511640639879
0.4625958372519187,0.49373657312383235,0.043667589624248465
0.4684226693696656,0.5253595423224128,0.006217788307921737
0.47134648937614776,0.5124613480112727,0.01619216261257986
0.5215926357273235,0.47175172535025506,0.006655638922421481
0.4804596688903912,0.507655272601197,0.011885058508410954
0.4525999444937241,0.5214212194610042,0.02597883604527231
0.42906258518939433,0.5639485525007895,0.006988862309815581
0.48010714881899114,0.4816130476770626,0.03827980350394687
0.5040693592699584,0.45950862875107784,0.03642201197896463
0.522485182794038,0.46827410272248665,0.009240714483475215
0.42733848507950445,0.5550832000615059,0.01757831485898991
0.5231158228388925,0.44993651758101,0.02694765958009791
0.488138885880592,0.47591819268625474,0.03594292143315275
0.5004080724315889,0.49490005876117044,0.004691868807240878
0.47203954646709145,0.5114904984238947,0.016469955109013865
0.5097797049490219,0.4622636131898832,0.027956681861095328
0.5321444297786694,0.4643305795913656,0.0035249906299642943
0.5028416755456302,0.48938462277982486,0.007773701674545366
0.5476139326126314,0.4316662646138804,0.0207198027734879
0.500699955433365,0.4916703395360795,0.007629705030555014
0.4133579045390369,0.5795301444458204,0.007111951015143493
0.14127284063189677,0.14310284368131698,0.715624315686786
0.3905367266566474,0.31628375571784406,0.293179517625508
0.47265609711483364,0.5135851329500497,0.013758769935116127
0.4872591859314808,0.4882210840980435,0.02451972997047609
0.5010675193570956,0.4893487940166824,0.0095836866262225
0.4625558612975202,0.5305991397503123,0.006844998952167104
0.4401810655713484,0.5420435141356842,0.017775420292968414
0.08812106100336695,0.9014839053544099,0.01039503364222376
0.4784685844554516,0.5136787632138311,0.00785265233071722
0.4081865990773486,0.5822013410790509,0.00961205984360068
0.4542580589053709,0.5384375055866982,0.007304435507930116
0.5299822914203914,0.4017624859673107,0.06825522261229708
0.4906086538381283,0.5049982756643051,0.004393070497567364
0.5255250994981089,0.4650077885597896,0.009467111942100958
0.4028184627962003,0.5863236041426338,0.010857933061165469
0.48167152417079373,0.4577436296845535,0.060584846144652746
0.48422716160530965,0.47121395099736507,0.04455888739732513
0.31315683362692415,0.44428007381634516,0.24256309255673117
0.4945341412295912,0.4958110179107485,0.009654840859660547
0.38055577088005066,0.5967769305514666,0.022667298568483228
0.49266126856541603,0.4931158240688513,0.014222907365732982
0.49809141458141515,0.45822144632305206,0.04368713909553224
0.4864410825251478,0.4996344934661538,0.01392442400869913
0.498533825620848,0.49135441548395375,0.010111758895198258
0.4950964491712345,0.48606967204619345,0.01883387878257261
0.5498598846520257,0.4374004300415561,0.012739685306418416
0.4669149882992767,0.5129055651236637,0.020179446577059612
0.49447180760128484,0.49288318879475335,0.012645003603962156
0.47365848798484866,0.49607143816972143,0.030270073845429856
0.4969838118138825,0.49137696355243005,0.011639224633686624
0.3986849223397654,0.5735045735783408,0.027810504081893367
0.3830470023935989,0.2810861390165481,0.3358668585898521
0.5183075973327664,0.4729099350573723,0.008782467609861441
0.5507429936834259,0.4468369540743815,0.002420052242193445
0.4975058212917563,0.4933990390810544,0.009095139627189991
0.49531346088573325,0.5019935856321462,0.002692953482120306
0.4892976476643984,0.4909373927194696,0.019764959616132328
0.5195960238108942,0.47967575825115016,0.0007282179379549034
0.32625185443651816,0.6063226914323341,0.06742545413114684
0.5633542495422795,0.4259068470448048,0.01073890341291586
0.4768985161412521,0.519363868108178,0.003737615750569554
0.5193797459125038,0.4768158313296028,0.0038044227578939776
0.3395172529730576,0.6523237998251564,0.008158947201786972
0.49923706097047715,0.47636364695510075,0.02439929207442155
0.5634200118078213,0.4262875952429517,0.01029239294922646
0.5646177946715213,0.43314281478996763,0.0022393905385112416
0.483284812055156,0.5083091229662632,0.008406064978581535
0.49926974181323447,0.4792913583522805,0.021438899834484666
0.4588517407053488,0.4004043035869851,0.1407439557076663
0.38007467024379876,0.5999189754576774,0.020006354298523453
0.4797049081306409,0.5138354499066197,0.006459641962739338
0.41593856514449173,0.5678508717024582,0.016210563153050115
0.4828481212246118,0.5017888041415266,0.015363074633861796
0.48569338086107083,0.5060185248533037,0.008288094285625807
0.5211882405622841,0.46790921733786583,0.010902542099848618
0.46953416949674553,0.5089323392679436,0.02153349123531079
0.525239876978221,0.4559238884201523,0.018836234601627207
0.4942563189810705,0.4421680150468363,0.0635756659720926
0.4821110519272995,0.5049161034410437,0.012972844631656913
0.22209979016685633,0.23248732222202906,0.5454128876111142
0.5062389373512598,0.4867943016509947,0.006966760997745461
0.3684660804263689,0.6118627970324104,0.019671122541220293
0.5446452679857131,0.4316269691339682,0.023727762880319192
0.47053037609644577,0.4214195173872231,0.10805010651633053
0.45346015226582226,0.5252680633798941,0.02127178435428436
0.5365293134080212,0.43939325167040966,0.02407743492156874
0.451409711298797,0.5378747869274123,0.010715501773791101
0.47621135274718357,0.5039691945705638,0.01981945268225194
0.446243130705895,0.5186639576900001,0.03509291160410417
0.41190714860391237,0.5631925649229023,0.024900286473185405
0.50856485086548,0.48625011567604265,0.005185033458477802
0.4800188300387188,0.5146235690306742,0.005357600930607314
0.4708329196370791,0.518313018357104,0.010854062005816923
0.5303827031059717,0.46050057802011823,0.009116718873910946
0.3525404147611788,0.3588436754485263,0.2886159097902945
0.477010132953974,0.5100121597055162,0.01297770734050976
0.5592104175367172,0.4125552001148151,0.028234382348468205
0.48317132392903256,0.50329067171936,0.013538004351606897
0.4788361033565421,0.4918158856508844,0.029348010992572737
0.4985311561739872,0.463113178605754,0.038355665220258024
0.4686821599464464,0.5234084891923039,0.007909350861250435
0.4783230180126178,0.5120182293000229,0.009658752687359535
0.24637225082480954,0.22263635582453664,0.5309913933506546
0.3846449669234065,0.4646030929751889,0.15075194010140539
0.5029086852135207,0.47342757295354604,0.02366374183293233
0.49162341983412167,0.4938077958673431,0.014568784298535604
0.527398055030899,0.4647438117781174,0.007858133190984015
0.3800418236016238,0.6101644768171612,0.009793699581214826
0.5109002532735641,0.4716561351218368,0.017443611604598203
0.5234191681373358,0.4213242786702688,0.055256553192395044
0.47615943919073833,0.4613083560373725,0.06253220477188877
0.4729049196053593,0.4751666114302515,0.051928468964389365
0.5059319805433871,0.4692735964217809,0.024794423034832532
0.3917344549108007,0.5844159999118276,0.023849545177372287
0.4888805096307063,0.4892697628845068,0.021849727484787685
0.5239441314100399,0.455646831567707,0.0204090370222534
0.4352493648493549,0.5459091048067227,0.018841530343922427
0.4658092658964205,0.44266679344793514,0.09152394065564365
0.4187484910331571,0.5347134568838238,0.04653805208301835
0.3111211350476953,0.6736262412365522,0.015252623715753182
0.49209350890752374,0.472628355468847,0.0352781356236287
0.4734705588756267,0.5110820857488569,0.01544735537551593
0.5151454802341346,0.47819936559375076,0.006655154172115147
0.5041322143049842,0.48836086841594434,0.0075069172790713755
0.47553606733843845,0.47331352712033986,0.05115040554122252
0.5170763238754313,0.42405496396783854,0.0588687121567301
0.5291029936256898,0.46222431020365295,0.008672696170656802
0.4933369265320484,0.4880249511506785,0.018638122317272587
0.33186637133827657,0.6292282509248923,0.03890537773683143
0.5154067296644369,0.4651470240212669,0.019446246314296794
0.47060764838483127,0.5119842405676102,0.017408111047558197
0.360728317291855,0.625030319556453,0.014241363151692096
0.5555724657982728,0.43121539729802777,0.013212136903698811
0.49634904367098565,0.47527089433134967,0.028380061997665112
0.42931867920819405,0.5611073592320989,0.009573961559707626
0.37533495468583905,0.36978204978718066,0.2548829955269802
0.34593351204171324,0.3193837198214034,0.334682768136884
0.004245659897734243,0.00406443075021529,0.9916899093520504
0.5086557128547807,0.4382976200375853,0.05304666710763391
0.5114173588164375,0.46613903761024666,0.02244360357331604
0.47527510632137127,0.4837497632374485,0.040975130441179945
0.23476719760791293,0.21538906424171764,0.54984373815037
0.4495857482166697,0.5470602858805098,0.003353965902821125
0.512444284365417,0.4531833034734715,0.034372412161110755
0.45899433673466405,0.5036662918346269,0.037339371430708965
0.43167487316885983,0.45678288513242055,0.11154224169872004
0.5228766222737457,0.46237730989734266,0.014746067828911894
0.460896502900494,0.4804065802965602,0.05869691680294646
0.523521546409429,0.4579436821581242,0.018534771432445984
0.5126026888780846,0.47873177534065636,0.008665535781260017
0.3824713676458652,0.6110918499302643,0.006436782423870905
0.4498636658955049,0.530814726392847,0.019321607711647478
0.4708971493900177,0.4883022936794928,0.04080055693048938
0.46898959085295394,0.4838110694759167,0.04719933967112883
0.10515468586672479,0.11810798461855904,0.7767373295147174
0.45807535360496854,0.5063613560806794,0.03556329031435161
0.5124624146489564,0.4821588506460042,0.005378734705039557
1.9754298181059906e-06,0.9999980245137055,5.6481607607732555e-11
0.5065067233836456,0.471397843497371,0.022095433118984147
0.3206337700125096,0.2757392417291816,0.40362698825830956
0.3766571397008003,0.5644274661843814,0.05891539411481789
0.3621920831205747,0.40321261914571666,0.2345952977337081
0.4814353024580718,0.503992152076623,0.01457254546530469
0.4941101691688465,0.4882739872038031,0.01761584362735047
0.5271363874115522,0.4480449361693233,0.024818676419123917
0.5310904084366104,0.4611056301770333,0.007803961386356142
0.4255174896861011,0.3688745554835449,0.20560795483035454
0.5236356936891098,0.47068961795392933,0.005674688356960795
0.4796532026031893,0.4951274387035817,0.025219358693228545
0.5134252941706952,0.47671999809779203,0.009854707731513387
0.49686760131129953,0.4682126338087114,0.03491976487998873
0.543135759205413,0.45234742397002164,0.0045168168245654575
0.48832160521672147,0.4883769131473595,0.023301481635919327
0.4848198636757973,0.4574604344887232,0.05771970183548005
0.35456430808469297,0.634559987435896,0.010875704479412407
0.5055923512255831,0.47390145488695645,0.020506193887461072
0.5376684268866206,0.4503093036788313,0.012022269434547627
0.5001507575272915,0.49081245112041744,0.009036791352291846
0.46279501803040374,0.5040789734619311,0.033126008507664596
0.4363571346212309,0.47135508873688065,0.09228777664188971
0.47859295739444463,0.5050471014774722,0.016359941128083304
0.4530551829750449,0.530005233535842,0.016939583489113473
0.4735405609418091,0.3725682543869648,0.15389118467122628
0.5159714911588112,0.4756269366523446,0.00840157218884406
0.37721810337838824,0.60986062338482,0.01292127323679209
0.5263394486370019,0.4458780974698601,0.02778245389313843
0.513279865693208,0.47638642417034677,0.010333710136444327
0.5034896676258339,0.4270491330313453,0.06946119934282079
0.5460623843604203,0.44085637534105643,0.013081240298523119
0.3878015936387564,0.5955368340220449,0.016661572339197857
0.35399658882171053,0.6323793510338115,0.013624060144477708
0.43385419120681906,0.5573322507332528,0.008813558059928603
0.5020888653700883,0.48761801896959317,0.01029311566031804
0.5099728109153939,0.47145814216695664,0.018569046917648987
0.44906790569666477,0.5424009652615078,0.008531129041826705
0.4612816870296776,0.4909451113757275,0.047773201594594146
0.5384859322782454,0.45704748502936077,0.004466582692393469
0.23186834031438436,0.4443074782542981,0.32382418143131697
0.41083542073395135,0.4493260980049484,0.13983848126109943
0.44213216322942056,0.5431336518799681,0.014734184890611405
0.3505574641467988,0.3102132694164133,0.3392292664367876
0.4947674964167187,0.49166102538464024,0.013571478198640772
0.3643933815340404,0.2659603978599846,0.36964622060597446
0.4483249465150003,0.43847381597950097,0.11320123750549799
0.4543315520911909,0.44063300655369486,0.10503544135511511
0.3596479273053953,0.4534162159063712,0.18693585678823402
0.5626572207712665,0.4313335832206877,0.006009196008045154
0.2503419875488756,0.7404712787246557,0.009186733726467194
0.40658926626103203,0.57338860876826,0.020022124970707347
0.4920911775687854,0.47467666809578835,0.03323215433542651
0.4359835682915995,0.547797384760476,0.01621904694792492
0.402144892232039,0.5710982303440856,0.026756877423875714
0.48482586734769123,0.48871329837436045,0.02646083427794772
0.35132700104542164,0.6399339254576972,0.008739073496881744
0.5014348926042529,0.46373689855671746,0.03482820883902939
0.5099868874350905,0.48339816516273293,0.006614947402177367
0.526272741740877,0.46505582743059826,0.008671430828525492
0.5092906707228563,0.4723652494566767,0.018344079820467703
0.3446957367817909,0.6519064861998838,0.00339777701832543
0.447596255753565,0.47426758361780313,0.07813616062863174
0.49142502990749926,0.4968924718870811,0.011682498205419504
0.3932164998812354,0.5971972518322975,0.009586248286467008
0.48180828361160544,0.5130616535914292,0.005130062796966143
0.46029790124171727,0.518918232272975,0.020783866485307136
0.435034912941363,0.5470368233042144,0.017928263754422333
0.46580041125169336,0.5238749989119366,0.010324589836369386
0.3638831720382031,0.6234103059826418,0.012706521979155666
0.47746079563284166,0.5095859349342107,0.012953269432948302
0.4743167245613362,0.49662691092082556,0.029056364517837625
0.5582604341610734,0.42945918816729595,0.012280377671630678
0.4880846663530277,0.5064264946389683,0.005488839008004328
0.5127417279217855,0.48247797078978666,0.004780301288427001
0.4843593939261751,0.43557090007591703,0.08006970599790765
0.4983244032655768,0.4969139417337464,0.004761655000676461
0.5184938206804651,0.46909522223092315,0.01241095708861198
1.4274683951760676e-05,1.7403907063460925e-05,0.9999683214089846
0.4309886231224032,0.5593182436073241,0.009693133270273161
0.5219327117068671,0.46108196625240844,0.016985322040723748
0.5213182382872102,0.4529550691325034,0.0257266925802862
0.45730003241592293,0.5321559482873712,0.010544019296705573
0.4432966167324642,0.39891219444406895,0.1577911888234669
0.4886535358311963,0.5004596621491018,0.01088680201970206
0.47189609051712433,0.49021173590077427,0.03789217358210051
0.5294180311451403,0.45916407049987185,0.011417898354987532
0.4608495870555085,0.4870246950553083,0.05212571788918323
0.45758288279134496,0.5178351853589078,0.02458193184974682
0.530208590149602,0.4546131152982889,0.015178294552109582
0.3954107645450716,0.5829633200834323,0.021625915371496898
0.4813599444539811,0.4269562361229752,0.09168381942304445
0.4598831128957125,0.4774610571467102,0.06265582995757822
0.5129108102587077,0.4698979641522433,0.01719122558904948
0.49320698500722226,0.48819514600717,0.01859786898560823
0.5001586582583997,0.4835370964589573,0.0163042452826437
0.4203353323907946,0.561950993335852,0.01771367427335355
0.5212879266228635,0.4750201490980193,0.0036919242791165967
0.4458380157763509,0.5506737431080578,0.003488241115591883
0.21531557528719217,0.6128781738021327,0.17180625091067384
0.45830180896745293,0.5374664395855867,0.00423175144696083
0.5444446260559843,0.41075455860969246,0.04480081533432289
0.3800237010870033,0.42362552868125997,0.19635077023173592
0.5051495284179848,0.47946817955216486,0.015382292029850827
0.4889708542548051,0.48907931129435184,0.021949834450842517
0.47710582675434543,0.5103405777161704,0.012553595529483383
0.4792791239538592,0.4875347778043155,0.03318609824182563
0.5059964995224435,0.4850184285509069,0.008985071926650153
0.4699826607958447,0.5099448413784591,0.020072497825695253
0.5492833108851566,0.4398138130524178,0.010902876062425983
0.41977888872905017,0.5578497611556347,0.022371350115315155
0.4216009349983515,0.5687735072588493,0.009625557742799409
0.4727805535306277,0.5116380245479143,0.015581421921458952
0.44531268662608575,0.5124109898528973,0.042276323521017366
0.5028324863406819,0.48463331752478556,0.012534196134531949
0.44648819131315237,0.5317642451107739,0.021747563576074137
0.45020331250619866,0.474968288134738,0.07482839935906394
0.46909143515910273,0.5126006266492463,0.018307938191650715
0.48531121364292307,0.5011247389142138,0.01356404744286288
0.49287045460748774,0.4985542524750819,0.008575292917430472
0.4316702798216101,0.43518291429816885,0.13314680588022162
0.5542340679105191,0.44026824289506405,0.005497689194417505
0.46688545417736205,0.4887979088165124,0.04431663700612521
0.49053373546654505,0.48907677691957235,0.02038948761388171
0.48513913290874183,0.48719237796105547,0.027668489130202343
0.4144779096545842,0.5767209236215837,0.008801166723831745
0.382920481779054,0.5986345929054178,0.01844492531552853
0.19257991233075902,0.6959791134757759,0.11144097419346642
0.5241018748636814,0.4716367710120335,0.004261354124285789
0.23948454845899997,0.3410125782479721,0.4195028732930272
0.48918550796668925,0.4520927966401397,0.0587216953931719
0.48129662850037236,0.3898921418480441,0.12881122965158348
0.45767978727404096,0.5239159296950521,0.018404283030907506
0.5145644166256825,0.48326536490284594,0.0021702184714708175
0.48535882702116806,0.5025550297510494,0.012086143227782566
0.36256863460243943,0.6278821553049992,0.009549210092561228
0.4885579250608578,0.4890503954782326,0.022391679460909503
0.5466904813231737,0.44528527007972935,0.008024248597097218
0.4843334887903722,0.5061140319722977,0.009552479237330129
0.4433700450334999,0.5363645822275802,0.020265372738919228
0.4531914770302656,0.519731888929319,0.027076634040415496
0.4897725876478388,0.4588147356931417,0.05141267665901915
0.4712210220378411,0.5170907642863776,0.01168821367578084
0.5211667508327321,0.4464382532713727,0.032394995895895715
0.5376037585725763,0.4487161920731406,0.013680049354282726
0.45034121434039814,0.5453780648424342,0.004280720817166925
0.3390342836368452,0.41503660965947675,0.2459291067036787
0.48669307259331407,0.4871013486400656,0.026205578766620476
0.44694905190715795,0.5417166621505045,0.011334285942337444
0.48239595261073914,0.4972175115824943,0.020386535806766987
0.43956913155388344,0.5376157940833034,0.022815074362812267
0.4920401738451515,0.48243252791458807,0.025527298240259753
0.49049814850871515,0.4933398346869119,0.016162016804373572
0.3733660339112275,0.4603613081084235,0.16627265798034985
0.4959682841235349,0.4952933172447806,0.008738398631684827
0.4335936831329114,0.5573914172771719,0.009014899589917028
0.06715082107458697,0.9308517230326956,0.0019974558927159333
0.4149019616458599,0.4982223468058406,0.08687569154829969
0.42731320292594804,0.5598419396234833,0.012844857450567885
0.4668498810707011,0.5283505369293601,0.004799581999939386
0.5907444341811147,0.4042896205495214,0.004965945269364506
0.3189834103319091,0.6783116156424744,0.0027049740256158707
0.42634272363343695,0.40554016977938845,0.16811710658717513
0.489124094213894,0.4874123765324732,0.023463529253632567
0.3661211103761872,0.6238860846946087,0.009992804929203692
0.5018759075475583,0.41834687738710713,0.07977721506533356
0.5127384668225388,0.48256283961123914,0.004698693566221649
0.5153545551572367,0.461802314303349,0.02284313053941359
0.4947938123879481,0.49614740027378607,0.009058787338265638
0.4904041145623919,0.4884067933415639,0.021189092096044984
0.37663250255579145,0.6150450137223786,0.008322483721829501
0.43220290011354995,0.4729432989180092,0.09485380096844104
0.499477487193911,0.4432405086741361,0.057282004131952995
0.5501857561764752,0.42378814924016867,0.026026094583355815
0.4724972669131897,0.514737584850132,0.012765148236677943
0.4856796838401674,0.5108801454748317,0.0034401706850012165
0.41073510336723545,0.5162102919022704,0.07305460473049342
0.4700336452723736,0.5184105047902511,0.01155584993737466
0.5092516350964934,0.4672378299947838,0.02351053490872368
0.4113764080972148,0.5749585134934381,0.013665078409347003
0.4492750928483578,0.5439263573188279,0.006798549832813538
0.4812238796738271,0.5032531618963404,0.015522958429832841
0.5082528320268085,0.47869913844876816,0.013048029524423209
0.4841115516902418,0.4680085031821948,0.04787994512756275
0.5146644908874389,0.4678758546107805,0.01745965450178092
0.5037299660558725,0.4848191617119846,0.011450872232142544
0.44714469764609943,0.4669279622864765,0.08592734006742428
0.4876759916474676,0.4756897723202794,0.03663423603225329
0.3705941121717935,0.5796665495598897,0.0497393382683177
0.0016644012529424884,0.0017720824514935326,0.996563516295564
0.4458078175449234,0.5471716439570601,0.007020538498017027
0.4725396133156786,0.48533777685238666,0.04212260983193484
0.3396401572265527,0.39470195183106244,0.26565789094238396
0.49798759731706915,0.49632593206452735,0.0056864706184028705
0.19741262417116426,0.7629275187738003,0.039659857055035476
0.4549457593496699,0.43358509915767784,0.11146914149265155
0.3892284613749666,0.521305179159345,0.0894663594656879
0.4825101790535313,0.5154125839964514,0.0020772369500171996
0.5116616302310296,0.4744293795208477,0.013908990248122963
0.5305815839475786,0.4564131567808371,0.013005259271584788
0.46850153358279223,0.5141174625490947,0.01738100386811237
0.5076386952407826,0.3834864281930162,0.10887487656620039
0.4993580380925621,0.461161545299883,0.03948041660755507
0.5203953161687477,0.4705548348892324,0.009049848942019578
0.37375458045692905,0.5874856993869698,0.038759720156101324
0.4992888498734667,0.49162676696973745,0.009084383156795923
0.4767040536658716,0.4681735150279378,0.05512243130619049
0.4904511061651602,0.49598388274854954,0.013565011086290579
0.4763739586753854,0.48251193186049557,0.041114109464119204
0.47428415395891255,0.42308720134683114,0.10262864469425538
0.5088271189154523,0.47425993862993737,0.016912942454610162
0.3505967247742329,0.40794171879670166,0.24146155642906536
0.5219955634945236,0.4683775129769395,0.00962692352853686
0.5053548011299038,0.45959763909502827,0.03504755977506865
0.4767681228284889,0.5030673601981135,0.020164516973397967
0.5776576034289754,0.4162938021427901,0.00604859442823475
0.5901345331311225,0.4052145691945989,0.004650897674277716
0.32264800853877607,0.6608146741059113,0.016537317355312758
0.5451908453566214,0.44046730413690416,0.014341850506475217
0.5033473800388528,0.4893838813504233,0.007268738610724239
0.47369536467955026,0.49287617720331606,0.03342845811713448
0.5344257204457368,0.44284908827086655,0.022725191283396017
0.5623900758483784,0.4251059966518633,0.012503927499757391
0.5176803356011679,0.47450202928190893,0.00781763511692395
0.41182598657379826,0.5817665116891515,0.0064075017370494895
0.49841386270578236,0.4961010803254639,0.005485056968754601
0.45901841818484135,0.5311324978827786,0.009849083932379439
0.5192484326367967,0.471146360099441,0.009605207263762813
0.4866184037675275,0.4979348958273225,0.015446700405150436
0.5485411333781507,0.44585620990499164,0.0056026567168578996
0.5291479529198387,0.44775504916637665,0.023096997913783824
0.49579292666446056,0.4305134944290513,0.07369357890648838
0.5051554295320997,0.47060613144442165,0.02423843902347926
0.3096279399801152,0.6708753915811715,0.019496668438713123
0.40975707371646775,0.5506624776329285,0.039580448650602944
0.5243073588111593,0.470564654363135,0.005127986825706703
0.4445946010440632,0.5522067825647138,0.003198616391222636
0.4876430447644244,0.5003997628502942,0.011957192385281167
0.29516422009102417,0.4062066188365594,0.29862916107241805
0.5234637324516435,0.4418547976831289,0.03468146986522759
0.3885082940245207,0.6070957316304825,0.004395974344996273
0.45363841906722857,0.532208149598805,0.014153431333966465
0.4758062916382395,0.38071693292325964,0.14347677543850063
0.4828324272772569,0.5135377765557588,0.003629796166985064
0.47388266956778535,0.5073963685286654,0.018720961903548494
0.4567226705610225,0.5393059300092337,0.003971399429744101
0.49685025079914624,0.4963632525224988,0.0067864966783558215
0.4571662309149512,0.5306401902260429,0.012193578859006281
0.5402040992761863,0.4315728039437925,0.028223096780022074
0.5084629695339683,0.48086686014872654,0.010670170317304472
0.49500245226397344,0.47240664833140233,0.03259089940462396
0.4751349284982238,0.5143599399021622,0.010505131599613268
0.4481974660841245,0.5325817758452158,0.019220758070660246
0.4819178619076563,0.4747445695372045,0.04333756855513997
0.4769328118439354,0.5107136478246964,0.01235354033136864
0.4909758693139576,0.3731534023129196,0.1358707283731221
0.5007553325175771,0.49010375784374405,0.009140909638678134
0.4838148953256848,0.5098925320578153,0.0062925726165002655
0.484125606459934,0.4997674275135386,0.016106966026526552
0.43639866316615056,0.4237744495074301,0.13982688732641976
0.4457730232058947,0.5357628000908357,0.018464176703269015
0.4469822539154409,0.5192696487622462,0.033748097322312924
0.4566737944442409,0.5323077437374942,0.011018461818265789
0.36353260147460537,0.6334204755627456,0.0030469229626482017
0.489549004286885,0.49368630449866885,0.016764691214446018
0.5049411449794651,0.48230433926360616,0.012754515756929641
0.47969722166751005,0.4977053607062764,0.02259741762621522
0.48115853214729865,0.5008813566467676,0.0179601112059339
0.43996427953401984,0.45072003414469125,0.10931568632128823
0.48103512115761454,0.4561336314964171,0.06283124734596786
0.5330278467012951,0.46014400750568485,0.006828145793020001
0.5068362076433987,0.47255083042816654,0.020612961928434648
0.5026090556619855,0.4819813656532187,0.015409578684795417
2.8128895328282046e-05,0.9999718709609469,1.4371901399667342e-10
0.5277988550452473,0.46722200438710737,0.004979140567645404
0.4297287148983025,0.4774079164160047,0.0928633686856914
0.5090352572080754,0.48164593787400545,0.009318804917919768
0.5237917773896258,0.4577439709299951,0.01846425168037982
0.4749564883215448,0.5171733578241494,0.007870153854305135
0.5181082701472235,0.460138373244251,0.021753356608525495
0.5071696889646793,0.47613003773744733,0.016700273297872936
0.44551992466255724,0.5486264412588802,0.0058536340785628905
0.4919832438402221,0.49571660851542343,0.012300147644354229
0.4332905653397952,0.5608303977207864,0.005879036939417786
0.48293124783176045,0.5007930903189689,0.016275661849270606
0.49970458579116495,0.46769069950449377,0.0326047147043413
0.4377440980563089,0.5031733041873561,0.05908259775633456
0.5112426489374874,0.47367557113808983,0.015081779924423203
0.49546276804803646,0.47986421568572796,0.024673016266235446
0.538308235964961,0.45718296020815946,0.004508803826878704
0.5544493337260847,0.4298783671854927,0.015672299088421895
0.4444789598375471,0.5434493122300342,0.01207172793241782
0.49764259580333575,0.4790496116450708,0.023307792551594316
0.4920034890518542,0.47186114774506627,0.036135363203079765
0.4834331222549735,0.500756566706048,0.01581031103897914
0.3270179291451221,0.38453136965517787,0.2884507011997004
0.5084545671492406,0.47154621633964083,0.01999921651111766
0.4331509635862179,0.5481801683812175,0.018668868032563735
0.45131249788161787,0.5313108959127243,0.017376606205658767
0.5539578167595881,0.4379432806027684,0.0080989026376429
0.43624329041378346,0.37814259414029977,0.18561411544591727
0.5241893719523076,0.4207770001042145,0.055033627943478276
0.5489065564240247,0.4470535016789838,0.004039941896992122
0.5045080207055562,0.47959587061853654,0.015896108675907048
0.3019923899678223,0.680055341132376,0.017952268899802407
0.45473222824618986,0.526158742011768,0.019109029742041598
0.4466521939654793,0.43977674371793507,0.11357106231658504
0.47380864790944976,0.5146680694470699,0.011523282643479705
0.4361432757448166,0.553894041466281,0.009962682788901682
0.4776653950271194,0.49808019839063755,0.02425440658224334
0.5181473653606357,0.44268002533825174,0.03917260930111235
0.46525539731896987,0.5001279846189495,0.034616618062081474
0.5500481271789842,0.44489910141249134,0.005052771408523899
0.45972864336204833,0.47227115578455503,0.0680002008533962
0.33421703629565647,0.6162676936728273,0.0495152700315179
0.4531328071069352,0.5100387515870698,0.03682844130599488
0.46640519499307287,0.5126235959524965,0.020971209054431485
0.4480270738703264,0.539824537589277,0.012148388540396826
0.4997199890100985,0.4732031896619793,0.027076821327922617
0.38033156599972334,0.3890921205802707,0.2305763134200055
0.506333505199984,0.47025646395852305,0.023410030841493193
0.43444177498789993,0.5493741346522122,0.016184090359888274
0.520681774780816,0.4732363524348993,0.006081872784285065
0.4041432096746212,0.5620176056978798,0.033839184627499574
0.49114678272733736,0.4480454327245677,0.060807784548095024
0.38885363911376664,0.6080589413974634,0.0030874194887693194
0.16890816442998757,0.17257531225625436,0.6585165233137572
0.48354001889867254,0.49834579109503285,0.018114190006294762
0.4571866311452973,0.5253760999609974,0.017437268893705785
0.4811468079132732,0.5002256231379137,0.018627568948813636
0.5018040650892526,0.48624860482664334,0.011947330084103576
0.4083468813140706,0.5792604726758463,0.012392646010082806
0.4352057740057846,0.5544062589019115,0.010387967092303904
0.41418503782299415,0.5833982140611983,0.0024167481158076324
0.3679805475357504,0.41156661576000614,0.22045283670424262
0.3847877487466263,0.39459277874436954,0.22061947250900368
0.45166878568475055,0.504436874124735,0.04389434019051403
0.5220816272799386,0.4653922959081591,0.01252607681190152
0.5157667164083393,0.460228666855163,0.024004616736498334
0.47589390887604843,0.5196239292011874,0.004482161922763782
0.5225766570891662,0.46605699406783263,0.011366348843001061
0.4901534244953204,0.4722333787348213,0.037613196769858616
0.5338110519375396,0.4447649566693228,0.021423991393137273
0.3299872850945523,0.38241700143177215,0.28759571347367596
0.4598958392862978,0.5078701608326678,0.03223399988103426
0.5115487862106686,0.47223310357962267,0.016218110209709546
0.4950774472559078,0.48218941440284063,0.02273313834125086
0.5572116767650094,0.4390147394832064,0.0037735837517847673
0.43920282716424913,0.5087669450591845,0.052030227776566164
0.4960452584430536,0.4970652390625172,0.006889502494428732
0.40285065258140024,0.4809443006058004,0.1162050468128001
0.4189376765579515,0.5615686168850689,0.019493706556980156
0.3792603356300036,0.6147647337189762,0.0059749306510208725
0.4777053671015881,0.5141710366706967,0.008123596227714637
0.471210987893344,0.44480460911519576,0.0839844029914605
0.4878108920461422,0.5033864478637544,0.008802660090102624
0.45814801183992543,0.4648944133014818,0.07695757485859257
0.482200996121772,0.5081024413936583,0.00969656248456927
0.49748982380838974,0.47505641659904435,0.027453759592566126
0.3176195008893539,0.6716678775569201,0.010712621553727254
0.514226714612298,0.47872911036185367,0.007044175025848021
0.4428573764282102,0.5311184495231864,0.026024174048603348
0.44925115317440184,0.5440907763292173,0.006658070496380789
0.43788762956068017,0.5427708114736502,0.019341558965669046
0.5276011932198096,0.45770122746596326,0.014697579314226402
0.3777453139917858,0.3447795836027249,0.2774751024054887
0.5097507867760241,0.4628603747181186,0.02738883850585654
0.49386613425441594,0.45166374990733554,0.05447011583824868
0.4776220248819112,0.5054962060877282,0.016881769030360254
0.5172311763173897,0.4398381473592149,0.04293067632339592
0.48120587213732957,0.5093385426160254,0.009455585246644218
0.5124485346934489,0.4827135795756432,0.004837885730908154
0.5114802084373784,0.48339888886249893,0.005120902700123301
0.4358777552844146,0.5349310416627505,0.029191203052834333
0.37406553739326087,0.6012834748562347,0.02465098775050429
0.43986249242478953,0.5549480305720089,0.005189477003201658
0.545934154868345,0.44295368537009977,0.011112159761554507
0.46605107658027156,0.5198891446654836,0.014059778754244625
0.3597024920616902,0.46507073355567236,0.17522677438263695
0.4799692708518115,0.5045169983084793,0.015513730839709552
0.27847165859971595,0.45964472607413176,0.2618836153261531
0.3246030787453157,0.4734827935712519,0.201914127683434
0.4994680528317455,0.497232723843675,0.0032992233245795395
0.509545962498309,0.4479094219956375,0.04254461550605413
0.5348756231247855,0.44536324168485725,0.019761135190356646
0.48995415689498867,0.4979412474450618,0.012104595659948874
0.37416600130682975,0.5641798498600961,0.06165414883307495
0.450445405462868,0.5392610448341206,0.010293549703010814
0.485781545012036,0.5036951902947158,0.010523264693247386
0.4971821071075191,0.49561564194002844,0.007202250952453192
0.47505546982487945,0.4589086883054099,0.06603584186970986
0.43493462840305663,0.5545166170519344,0.01054875454501029
0.5288591921996642,0.4448116048895076,0.026329202910828946
0.5142594686316537,0.4737927863825491,0.011947744985796213
0.4937598984409197,0.498259540617565,0.007980560941515046
0.45035329366356464,0.5046699941721334,0.04497671216430129
0.4847640195363239,0.48787351301595816,0.027362467447718
0.2828475013192084,0.6876833519433636,0.029469146737428273
0.519271943442733,0.47348214089483537,0.00724591566243167
0.46449450698037065,0.5172610951276082,0.018244397892021074
0.4568420624540968,0.513392605907057,0.02976533163884605
0.45704742289583794,0.5322715562853326,0.010681020818830133
0.42522154194616557,0.5690722497626611,0.005706208291172845
0.5210840873102961,0.4633047563093636,0.015611156380339657
0.5201949092187323,0.47531284195432943,0.004492248826937791
0.44722571793909355,0.4947540750720946,0.05802020698881253
0.42790504509225,0.5621530404842503,0.009941914423500295
0.5018461558416081,0.47894017574156594,0.019213668416825227
0.4668046889686495,0.5159302944049642,0.01726501662638628
0.4862834997186731,0.4991675409068115,0.014548959374515124
0.41210423959572795,0.48682016021827257,0.10107560018600008
0.5056923119538933,0.48449186839801084,0.009815819648095647
0.07821997345220438,0.9211635201890257,0.0006165063587695772
0.4259659249160073,0.5129248930083651,0.061109182075626586
0.441727831826815,0.5546217181010841,0.0036504500721006587
0.47515311912358343,0.47497607180390766,0.049870809072509646
0.46320077539853294,0.46631887532527916,0.07048034927618714
0.49259100442289155,0.49028471023478265,0.017124285342324935
0.458501668386277,0.5129951854343463,0.028503146179376288
0.5245342772292974,0.47162510804180263,0.003840614728900362
0.49397321971654956,0.49107689418624045,0.014949886097209826
0.48345494804372363,0.49487597521785637,0.021669076738419606
0.4803309370022068,0.5054438530833791,0.01422520991441482
0.4850310090893688,0.5082373523505026,0.006731638560128298
0.5079876692236565,0.48598074840074607,0.006031582375597046
0.38332323239307675,0.4927865218874535,0.123890245719469
0.42490689605335435,0.5453393208831848,0.029753783063461416
0.3845235743879458,0.48045549590361547,0.1350209297084381
0.41749259110762504,0.5753814893573225,0.007125919535053172
0.5148514564493153,0.46746864203025146,0.017679901520433073
0.3819161844127433,0.5940309962819311,0.02405281930532555
0.49648699065075513,0.4277583285503003,0.07575468079894485
0.5069362384258553,0.4758114309599053,0.017252330614239326
0.5051905742676869,0.4757334498226924,0.019075975909619784
0.2815345723648277,0.7153328657769266,0.003132561858246385
0.5413009116275987,0.43413456612615897,0.02456452224624285
0.4347618198923495,0.39110373840914214,0.17413444169850784
0.5183736924281416,0.46634060483449813,0.01528570273736026
0.31785068989412146,0.6074976386453241,0.07465167146055403
0.49040392641956687,0.4841316046583205,0.025464468922113147
0.541032221448694,0.4443555705633567,0.014612207987949424
0.25911487245155085,0.23229083928101016,0.5085942882674384
0.5122124630134979,0.4697578872878576,0.01802964969864516
0.4157669940968751,0.5815480103855111,0.0026849955176136203
0.49302069204986737,0.48547545097719147,0.021503856972941385
0.4625120775428208,0.5273741507502931,0.010113771706886163
0.4565603245174509,0.5402021551299266,0.0032375203526232737
0.4721775820398789,0.4856300979574816,0.04219232000263936
0.5296798946292929,0.45501940284332165,0.015300702527385492
0.4604482114390631,0.48823536514789273,0.051316423413044515
0.5175137207771076,0.46195634366386035,0.020529935559031414
0.4917041423753243,0.46301725815485784,0.04527859946981706
0.5200121557464623,0.43661723304144917,0.04337061121208879
0.4618268671724204,0.5030196338511048,0.03515349897647443
0.5002094084224236,0.48863685416305336,0.01115373741452323
0.49919837830820735,0.4802555855832173,0.02054603610857498
0.4160172519184307,0.5561201706640995,0.027862577417469746
0.45316205672497534,0.4982728224065655,0.04856512086845857
0.45198138182563835,0.4791556106056523,0.06886300756870908
0.495576077074985,0.49340279304738116,0.011021129877633202
0.49243115036396373,0.4967816126366815,0.010787236999354945
0.45604766546541387,0.5350725866513734,0.008879747883213029
0.4866356334865981,0.49403984226027203,0.019324524253130484
0.4836564377254361,0.4727481774365539,0.043595384838009864
0.49774253760227877,0.4893575247800898,0.012899937617631944
0.46006625076880775,0.5367394663778925,0.00319428285330066
0.42155799377937697,0.5771414247398005,0.0013005814808217323
0.4183072881495025,0.5570078589582294,0.024684852892268527
0.49714278085924213,0.4878585264452029,0.014998692695555132
0.4975282847644785,0.49673505027628545,0.005736664959235942
0.36223466747410615,0.6286656395869655,0.009099692938928539
0.5334569688895634,0.4603446876012836,0.006198343509152692
0.38874221726691693,0.520009997143434,0.0912477855896508
0.4632904412331182,0.5246148872315489,0.012094671535333505
0.4221541526943656,0.39531524664351697,0.18253060066211677
0.44194166280123637,0.5462721276491067,0.011786209549656635
0.12264845796024347,0.12165140720334917,0.7557001348364081
0.4479408709387146,0.5305540917180739,0.021505037343212314
0.24139161220647334,0.7557563995395271,0.0028519882540002342
0.5464248054426922,0.4327021418956565,0.020873052661651636
0.509994490988055,0.4831570904556932,0.006848418556251128
0.5017427317868027,0.46898926334999297,0.02926800486320379
