0,1,2
0.47466318928144063,0.4950659524194292,0.030270858299130125
0.4240655822430311,0.5379337382858603,0.03800067947110857
0.42203270733008774,0.5414464087527108,0.036520883917201416
0.5497734515136506,0.4166652914913512,0.03356125699499817
0.4140164713893511,0.5554335783088259,0.03054995030182289
0.5544682200939046,0.42044470987876775,0.025087070027327664
0.4286170031455636,0.5294306401315815,0.041952356722854856
0.48399222825727634,0.47839981560250905,0.03760795614021462
0.47124787538871693,0.501463886911956,0.027288237699327002
0.4692928116992778,0.4927799515546841,0.037927236746038144
0.4623934995960688,0.4964644995126518,0.041142000891279396
0.4603828671294048,0.5008462732970062,0.03877085957358905
0.41619861804237157,0.5487411355690285,0.03506024638860009
0.4224262085616096,0.5391385625877377,0.03843522885065244
0.4563745357404106,0.5013809741374184,0.04224449012217097
0.4597689757212538,0.5037808169612471,0.03645020731749927
0.4870582204831685,0.47482878599975903,0.03811299351707233
0.5329253738129264,0.4344782086434228,0.03259641754365097
0.5072294969384771,0.4644468924868906,0.028323610574632372
0.48003409117501916,0.48465683518483527,0.03530907364014562
0.4896687318742023,0.4681739927299981,0.042157275395799595
0.42699200526339304,0.536582045081201,0.036425949655406
0.42660093504020874,0.5341332872233278,0.03926577773646349
0.4532996975072925,0.5131847221746445,0.03351558031806308
0.42516235728787555,0.5027082528981199,0.07212938981400467
0.4119303539756621,0.568888107781796,0.019181538242541964
0.45631276935311327,0.5059679646410324,0.03771926600585422
0.4339222214347601,0.45323839925870546,0.11283937930653433
0.43290092297744304,0.5345173413245067,0.03258173569805021
0.47584598881358964,0.48207163278651827,0.04208237839989201
0.42416069996127914,0.5462592971829112,0.029580002855809705
0.4631388346646308,0.5108388063415299,0.026022358993839523
0.42489507941139837,0.5344352021950595,0.04066971839354233
0.4616581823794091,0.49841887564652926,0.039922941974061904
0.46534669732818895,0.49320766180039566,0.04144564087141546
0.44213524170762936,0.5163682286683231,0.041496529624047776
0.4493058527087074,0.5096696705027808,0.04102447678851179
0.2624808998383469,0.5985656347595233,0.13895346540212983
0.46494014820935414,0.49405621069542655,0.0410036410952194
0.4706508610733685,0.49219260329005193,0.037156535636579495
0.44008463567208855,0.518666134526039,0.04124922980187248
0.4301453208166008,0.5305341374459756,0.03932054173742369
0.4488885322350034,0.5138307246932174,0.03728074307177914
0.24407628204758533,0.5562222359162952,0.1997014820361193
0.48291005949016064,0.48568427815038057,0.03140566235945871
0.42063414620010914,0.5377076714330761,0.041658182366814726
0.5121829424692435,0.45605718095106595,0.03175987657969032
0.44848044187908553,0.5119515433632792,0.03956801475763542
0.4336801254328008,0.5263506438159363,0.03996923075126281
0.4018386192780773,0.5576358396920501,0.04052554102987253
0.5362736649172863,0.43291607494086604,0.030810260141847713
0.48779403458530707,0.47643645114642286,0.03576951426827047
0.4222013190866085,0.5394080219342849,0.038390658979106644
0.4407347159329577,0.5140393094280001,0.045225974639041974
0.43537858692312736,0.5283765173798183,0.03624489569705427
0.43132540496899835,0.5281129397273653,0.04056165530363621
0.42175711581679504,0.541211482578317,0.03703140160488773
0.4396755886538498,0.529541584711339,0.03078282663481127
0.45884253661043717,0.5134457717270522,0.027711691662510526
0.5097835311965128,0.44997607939547507,0.040240389408012056
0.4415950922070525,0.5195210723656332,0.03888383542731423
0.39842401349191364,0.5662513397477188,0.03532464676036772
0.4331207786654992,0.5286394687993169,0.03823975253518403
0.4341985906647319,0.5246406487503512,0.04116076058491663
0.41177719256803574,0.5493442803906954,0.03887852704126885
0.42475729154314507,0.525323904252379,0.04991880420447604
0.49145096595036425,0.4748873727447504,0.03366166130488529
0.4364657398289062,0.5211428031723613,0.04239145699873263
0.4202310457364837,0.5379788539791382,0.04179010028437822
0.5220168469312932,0.43531949527516545,0.0426636577935413
0.434728835030642,0.5263762199386062,0.038894945030751873
0.4770962444341916,0.4863408075108216,0.03656294805498697
0.4700934703031517,0.49326112552785156,0.03664540416899682
0.41829676238837277,0.49469500980869324,0.08700822780293405
0.4172634172323552,0.544847650253145,0.03788893251449963
0.4351026621145842,0.5402777607844601,0.024619577100955675
0.5069910004574766,0.44620492237148734,0.0468040771710358
0.4442389354276214,0.514883006698761,0.040878057873617556
0.4241896515726219,0.5358536865098543,0.039956661917523666
0.5246418910467003,0.4420148742106474,0.03334323474265234
0.382456312477076,0.5773033568317709,0.04024033069115317
0.4234124491969566,0.5436378688073527,0.03294968199569089
0.4121343297765583,0.5535305012379155,0.03433516898552631
0.4746673119832495,0.4835936561025909,0.041739031914159536
0.43499910663973224,0.5278687524232392,0.03713214093702845
0.3641198327530909,0.6011147509863727,0.0347654162605363
0.4413785433131971,0.5153616214817915,0.04325983520501118
0.452617374675811,0.5072115537959615,0.0401710715282275
0.48410602093166377,0.4928307226332157,0.023063256435120538
0.3560225722161611,0.6139479209249594,0.030029506858879368
0.4597822743999794,0.5124568065364795,0.027760919063541206
0.43926757512539943,0.5293929776805029,0.031339447194097515
0.4411234736370564,0.5354815778870916,0.02339494847585186
0.4926317188258669,0.4704284717672716,0.03693980940686131
0.47068894422328345,0.4955993394675474,0.033711716309169186
0.5377974884352672,0.44109522216804475,0.021107289396688017
0.44764768023304286,0.5141090412979717,0.03824327846898569
0.45672172489170876,0.5069661312375361,0.03631214387075502
0.4572183283577601,0.5038502860347612,0.038931385607478684
0.4191744974576331,0.544671009746712,0.036154492795654844
0.4074116295052909,0.5560681899406115,0.03652018055409769
0.4028731564054605,0.5286327207087357,0.06849412288580412
0.4547639018538237,0.5037027876423082,0.04153331050386808
0.39904625216494855,0.5669064234121975,0.03404732442285376
0.4119898737939218,0.5676471464598309,0.02036297974624719
0.4308718813359081,0.5129927161533236,0.05613540251076833
0.5686679675839348,0.39555570677224383,0.035776325643821154
0.494584294190431,0.4659594506383772,0.03945625517119181
0.5146081687136189,0.45506057069291567,0.030331260593465484
0.4769660088526031,0.4881885004254217,0.0348454907219753
0.4127633971538855,0.550246237654294,0.03699036519182058
0.4962703505519489,0.48335641950768365,0.020373229940367287
0.23082164040543332,0.17213901413499222,0.5970393454595746
0.5064241907710096,0.45509496894314727,0.038480840285843164
0.42950446369109807,0.5380139137969128,0.03248162251198892
0.41556639431110515,0.5456845414142912,0.03874906427460333
0.4188692254871846,0.560757755213234,0.020373019299581314
0.41519734549994525,0.5467371410011501,0.03806551349890466
0.467093196444528,0.49453514583261043,0.03837165772286168
0.4181396840948009,0.5450202478427068,0.03684006806249222
0.45411957452475116,0.49925854456420715,0.04662188091104163
0.4089692061387204,0.5419289620789322,0.04910183178234731
0.47600854410995186,0.4875041432606602,0.036487312629387994
0.47921689809183626,0.48918359881769213,0.031599503090471645
0.43049816403685487,0.5278117676492734,0.04169006831387162
0.5011288692788207,0.47024871372838745,0.028622416992791628
0.4273269319618014,0.5313479965148525,0.04132507152334615
0.47136035858580766,0.48128078792506945,0.04735885348912287
0.48166986040380355,0.48537424182250793,0.032955897773688694
0.42887016096214936,0.529695888371192,0.04143395066665867
0.44012220997863294,0.5181645517769277,0.04171323824443954
0.4315303201118806,0.5262901416191325,0.042179538268987134
0.4368478846394551,0.5250108227309744,0.03814129262957031
0.41913358172567905,0.544503519826687,0.03636289844763382
0.4127595330735134,0.5492282842133195,0.03801218271316707
0.5419995640345481,0.4153675709201615,0.04263286504529021
0.4311958223664992,0.5285643576073602,0.04023982002614032
0.44629110624695933,0.5127407585274943,0.04096813522554628
0.43840416465410004,0.5207309877889558,0.04086484755694426
0.438766099679434,0.5259790066977393,0.03525489362282663
0.4544215519814202,0.5077957322853333,0.037782715733246555
0.4153450977923224,0.5442299636597928,0.04042493854788466
0.4773423722400218,0.48169654117653615,0.04096108658344189
0.42027843576274143,0.5423907950481052,0.03733076918915335
0.5226899733504867,0.44623638159625245,0.03107364505326093
0.46580158599330895,0.4943675841390618,0.039830829867629154
0.4398275592540028,0.5251120173207915,0.03506042342520583
0.42168020423541475,0.560494652970577,0.017825142794008163
0.5367731559089561,0.4294320326023399,0.033794811488704085
0.4762301822195224,0.4878073689374507,0.03596244884302686
0.44417667286897367,0.5227748713657531,0.0330484557652734
0.4619351349462372,0.4979224024728294,0.040142462580933576
0.4937105313624302,0.47117860540818735,0.03511086322938244
0.4882823925827861,0.4839070987519626,0.027810508665251477
0.5030355171005222,0.47004813384763644,0.026916349051841443
0.4333619997910853,0.52777045416427,0.038867546044644576
0.44472841020810844,0.5153154023688828,0.039956187423008514
0.4363435911836596,0.5264725384154226,0.037183870400917675
0.41326397350278554,0.5467526314695458,0.03998339502766876
0.3990787188299767,0.5001874566372976,0.10073382453272588
0.44533607009706894,0.515074850010912,0.03958907989201899
0.42919917685931264,0.5370790274173441,0.033721795723343266
0.42591636185338755,0.5365312440751745,0.0375523940714381
0.4099967507690201,0.5577600581924185,0.03224319103856151
0.43182259448999116,0.5272286444973383,0.04094876101267059
0.445175910153419,0.5176374970555487,0.037186592791032105
0.4333120125491921,0.5289463683603791,0.03774161909042888
0.38771641730873563,0.577515242008177,0.034768340683087436
0.5353918809074963,0.43538236855149975,0.02922575054100392
0.5396079236391483,0.43486156669330134,0.025530509667550473
0.45386933063942736,0.5078294890672239,0.03830118029334873
0.4662408516290692,0.47684023283296695,0.056918915537963896
0.4172194575964773,0.5439565636926545,0.0388239787108682
0.4414846514701199,0.5173533594431703,0.04116198908670992
0.47687275190937095,0.48159663377920264,0.04153061431142641
0.4161395901391363,0.5451830134230972,0.038677396437766715
0.47355173055401834,0.48529516002555545,0.041153109420426014
0.41913112015754017,0.5395021941352348,0.04136668570722476
0.4795492533368837,0.4796035290551544,0.040847217607961735
0.4193632277624567,0.49948803269992054,0.08114873953762278
0.5031338726682805,0.4562677989999994,0.040598328331720224
0.43749590144288963,0.5203856554846179,0.04211844307249241
0.4404761108133673,0.5292561430727165,0.030267746113916152
0.540610819936063,0.4281303354130346,0.03125884465090234
0.49799944744543384,0.47689399389760073,0.02510655865696548
0.42285184805601506,0.5439972927485331,0.03315085919545165
0.48403362799298505,0.477212395490782,0.03875397651623302
0.5210173915479968,0.44710967578010496,0.03187293267189818
0.4299952214113317,0.5283418904288384,0.041662888159830005
0.4643331520805805,0.4972649138881297,0.03840193403128947
0.43524677415364715,0.5242774718011641,0.04047575404518838
0.4429336073734256,0.5173982848953272,0.03966810773124738
0.48317225993192164,0.4805531892963628,0.03627455077171556
0.4538192189211189,0.5173802858250867,0.028800495253794463
0.5011693906589081,0.4652060617764302,0.03362454756466164
0.39450444797004836,0.5590757070336685,0.046419844996283155
0.4762027213561636,0.4583035747321801,0.06549370391165639
0.38085102105383595,0.5784675504311253,0.040681428515038844
0.4867439411465648,0.4884861038277617,0.02476995502567338
0.45455858189945303,0.5083117536693965,0.037129664431150296
0.40345848814206253,0.550817235606198,0.045724276251739276
0.4277105291342307,0.5328752071442519,0.039414263721517226
0.46457697388370545,0.49425631475976967,0.041166711356524895
0.44853577798114813,0.5134611596492032,0.03800306236964861
0.45010227076363474,0.479437181491032,0.07046054774533336
0.4911490897001583,0.4650027885239075,0.043848121775934
0.506197052210621,0.4526174066848919,0.041185541104487175
0.39177680561696593,0.5678887086243197,0.04033448575871454
0.5064181879254296,0.4600571959998718,0.033524616074698366
0.4884900009109894,0.47302802764798485,0.03848197144102582
0.42733659148053693,0.5391869336403773,0.03347647487908577
0.39226796099793454,0.5283167402488054,0.07941529875325995
0.42347766182752683,0.552937539506576,0.02358479866589725
0.5015804447373017,0.4655045979640886,0.0329149572986096
0.4735182091814155,0.48022359003595594,0.046258200782628746
0.514000257479422,0.4590082465385703,0.026991495982007577
0.41205879069495904,0.5508755691378296,0.03706564016721139
0.41587494475020825,0.5345069230793724,0.04961813217041931
0.4476404701264026,0.5172803736575659,0.03507915621603144
0.4144521016514498,0.5435101677238569,0.04203773062469325
0.40680491329604923,0.5558389973862992,0.03735608931765155
0.46253467300297635,0.5085805202146324,0.028884806782391182
0.5684625198173877,0.4099797116892651,0.021557768493347326
0.4219522991551239,0.5411288382233103,0.036918862621565685
0.41673400999120236,0.5408301566273801,0.04243583338141759
0.4706490887798906,0.5066488763119159,0.02270203490819333
0.45098188017774904,0.5077580528533453,0.041260066968905634
0.42448622324377827,0.5160724597621215,0.059441316994100095
0.46697499351175104,0.4988389977060779,0.03418600878217077
0.48231728238418764,0.4760668505636705,0.041615867052141736
0.420752552100363,0.5554406456594342,0.0238068022402028
0.4215519728839642,0.4957075359146723,0.08274049120136365
0.4274331160110354,0.5343059467454894,0.03826093724347545
0.4309433333962951,0.5269001936853487,0.042156472918356155
0.45300903277101373,0.5062834093238736,0.04070755790511288
0.4709692421097945,0.4784774802464345,0.050553277643770995
0.4372282850387404,0.5222980911046107,0.04047362385664887
0.3267685701027196,0.5160171758486974,0.15721425404858286
0.4285099077557345,0.5314700643304915,0.04002002791377404
0.4370454553721264,0.5239612757489569,0.03899326887891674
0.42951055504760277,0.5471594740178791,0.02332997093451807
0.4068938264204403,0.561135169148224,0.031971004431335666
0.4326784016303573,0.5270929204532258,0.04022867791641699
0.4776235338548284,0.4864909324044087,0.03588553374076268
0.4889333440648769,0.4724437336015578,0.03862292233356511
0.45759369425648144,0.5011369635582644,0.0412693421852538
0.47670854761732984,0.4929161297336521,0.03037532264901786
0.44899523692783005,0.510630434811883,0.04037432826028712
0.45055403434753416,0.4843081148974617,0.06513785075500407
0.5137451338206525,0.44355474371126835,0.042700122468079235
0.44342153522903827,0.5167952408001611,0.039783223970800655
0.4506658509344696,0.5084940364201328,0.04084011264539763
0.5407120115280631,0.42713140691494944,0.03215658155698732
0.4229351897799002,0.5380711231744597,0.038993687045640116
0.4367987801907985,0.5233827766312387,0.03981844317796243
0.4501124489392859,0.5151323404642199,0.034755210596494404
0.44343505262659255,0.518102475191457,0.03846247218195026
0.4483377873742719,0.5152729271138657,0.036389285511862296
0.5634705465501678,0.3853339197874552,0.0511955336623765
0.4535077090884791,0.5076658104392612,0.03882648047225978
0.4744191936761956,0.4877808669114547,0.03779993941234966
0.4298221655052553,0.5361406400286363,0.03403719446610826
0.5246278101664373,0.43536919025461707,0.04000299957894565
0.4963834211644942,0.4636723148300285,0.039944264005477174
0.4531799025728473,0.5094415825142712,0.03737851491288128
0.4918705693685829,0.46753630953760145,0.04059312109381546
0.4348407811588411,0.5243431456859833,0.040816073155175554
0.41971363697065944,0.5415815699093264,0.0387047931200141
0.47610030758806937,0.49312107342086736,0.03077861899106315
0.4686791158812414,0.49017254983042513,0.04114833428833342
0.4550755020365422,0.5109916609476323,0.03393283701582563
0.42855068821092945,0.537275999326489,0.03417331246258165
0.4178040424992988,0.542004048190068,0.04019190931063295
0.4600095449717501,0.5012493104079163,0.038741144620333526
0.467213635038055,0.4942117754050389,0.038574589556906146
0.4526192750249341,0.5076046834249429,0.03977604155012302
0.461590607576397,0.49950175078342685,0.03890764164017618
0.4135797334255612,0.5444856843258896,0.04193458224854921
0.43806031235868276,0.5277100582313545,0.03422962940996276
0.4039500835505719,0.554750203462412,0.041299712987015944
0.41496362770752554,0.5445228959710372,0.040513476321437265
0.4555704664104001,0.5081249852769355,0.03630454831266442
0.4461764832241399,0.521507579314175,0.032315937461685026
0.44923748997279267,0.5136924839964879,0.0370700260307196
0.46373662156386675,0.49987715450960435,0.03638622392652906
0.4150897341385168,0.5273737280181279,0.05753653784335536
0.46121923467673076,0.505049870920295,0.03373089440297426
0.42261301192771245,0.5344156147212774,0.042971373351010346
0.4102825083588732,0.5511439337224564,0.0385735579186704
0.4323084036302891,0.527956760417493,0.039734835952217815
0.39715030150001207,0.5648372835370494,0.03801241496293858
0.4232193348676663,0.5461784626698019,0.0306022024625319
0.46729900439288535,0.4956474008642604,0.037053594742854114
0.5488677668433387,0.41104761872119866,0.04008461443546258
0.5046947066136283,0.45313945692002205,0.04216583646634967
0.44721388893502073,0.5147087769475822,0.0380773341173968
0.43709881876486656,0.5258258423908372,0.037075338844296105
0.4013086038601624,0.5560757891430349,0.042615606996802786
0.47792082318634727,0.484681247838257,0.03739792897539559
0.4851432136470022,0.47907638990692,0.03578039644607773
0.4238841757983752,0.5482867092741601,0.027829114927464788
0.45827645056760596,0.5106514579132161,0.031072091519178106
0.45289997379803654,0.5083804704288845,0.03871955577307901
0.5318402764041777,0.36392926228343786,0.10423046131238417
0.456858671312961,0.5093963874438517,0.03374494124318727
0.4376064589317331,0.5213267116331762,0.041066829435090615
0.47465297981711996,0.48192856766816816,0.043418452514711804
0.42049517383822654,0.5447896563475718,0.034715169814201405
0.4771982529842244,0.4768596490611474,0.0459420979546282
0.4230608941972923,0.5369191066264006,0.0400199991763073
0.4800622860988049,0.4830495676076772,0.036888146293517936
0.5454539756902524,0.4228700074212394,0.03167601688850797
0.45121872335809177,0.5102757268579209,0.03850554978398726
0.4346383570681159,0.5247826541974379,0.0405789887344463
0.42987217659611016,0.5331730639815193,0.03695475942237066
0.4513870353626285,0.5097251443564628,0.03888782028090851
0.36331602905095284,0.5971581615605264,0.039525809388520766
0.48320908337871893,0.47658172858838493,0.04020918803289603
0.4188722022523463,0.5429943297420546,0.038133468005599185
0.487007341355382,0.4738854999880279,0.03910715865659014
0.4006506604544352,0.5363513183558056,0.06299802118975915
0.44242886468900205,0.5234016816411611,0.034169453669836834
0.5016363202921579,0.45162740251981937,0.04673627718802265
0.46287948332298107,0.49275282283065036,0.044367693846368586
0.45562604546946317,0.5057419058609879,0.03863204866954883
0.45436866289625344,0.5072685232574714,0.0383628138462752
0.4754717875654615,0.4965174731128822,0.0280107393216562
0.4333861987556455,0.535759835404793,0.030853965839561723
0.44141679409748913,0.5221118402540598,0.03647136564845101
0.46104457326715304,0.4979878221394059,0.04096760459344116
0.40761892867523547,0.5221913608199772,0.07018971050478731
0.5346264087595253,0.42479582079321054,0.040577770447264135
0.43787794216552434,0.5335395192063176,0.02858253862815789
0.41609374459526755,0.5656456033667355,0.018260652037997253
0.310594582209318,0.47087921599564947,0.2185262017950324
0.4233415556261223,0.5275165423623276,0.049141902011549936
0.4493244391001339,0.5241140386086429,0.026561522291223424
0.5292417048436445,0.4280142652799084,0.04274402987644712
0.4527414506285783,0.5108400599637516,0.03641848940767002
0.5096923922456202,0.4565063161515338,0.03380129160284623
0.49940022433662296,0.46572322349699036,0.034876552166386555
0.41698128500688053,0.5464217800969138,0.03659693489620545
0.45875644383918546,0.5007456129020447,0.040497943258770035
0.47884327082862005,0.497334974896934,0.02382175427444581
0.5288456333047955,0.43772508991078407,0.033429276784420474
0.40236422255042403,0.5512343855320992,0.04640139191747674
0.42951451372474836,0.5352657195789869,0.03521976669626468
0.4375804737883541,0.5213204705762154,0.041099055635430495
0.40940943204505276,0.5505640756811363,0.04002649227381073
0.38192532741903634,0.580120134465534,0.03795453811542948
0.4408432279713796,0.5328852349998352,0.026271537028785222
0.4441518726726384,0.5157040202162569,0.04014410711110449
0.3889858433955744,0.5729488589965405,0.03806529760788526
0.4674749101448288,0.493314838446448,0.03921025140872322
0.45775688738498926,0.5009567047905287,0.04128640782448211
0.4276390034925224,0.5308712621411383,0.04148973436633924
0.4161083690484776,0.5464478128543262,0.03744381809719645
0.4540545460053339,0.5088059808956706,0.03713947309899531
0.5030346524827835,0.45620296043636294,0.040762387080853335
0.4572326957680482,0.50383138103824,0.03893592319371171
0.4400062996724727,0.5178536208601807,0.04214007946734663
0.49708997920082376,0.4652670987945548,0.03764292200462127
0.46186012649204317,0.49772343009926856,0.040416443408688406
0.4587361273725577,0.5021836424702562,0.0390802301571862
0.46315662205835034,0.4980468484565437,0.038796529485106215
0.5083748442015716,0.46522263010068643,0.026402525697742072
0.46401365711338144,0.4962830457522327,0.03970329713438614
0.4555592357174278,0.5063811648660751,0.038059599416497114
0.4513754587775511,0.51617357082533,0.03245097039711896
0.5529287182401199,0.4166151047032699,0.030456177056610245
0.6327197054847382,0.3133857649488168,0.053894529566445054
0.42032923041823106,0.5411295313613279,0.0385412382204411
0.45616202538128986,0.5026894775052485,0.041148497113461656
0.5389247977911901,0.4311274592123599,0.029947742996450123
0.4340692131931258,0.5286036233346506,0.037327163472223854
0.43436370990301176,0.5293820323863456,0.036254257710642654
0.4604549965222301,0.5026876490130403,0.03685735446472948
0.4480385461382873,0.5170755443540512,0.03488590950766137
0.4946861990453945,0.4622481183195679,0.04306568263503747
0.5595850224670854,0.3979197691250799,0.04249520840783483
0.4889224520571377,0.48005534922449405,0.03102219871836817
0.46415429723746165,0.5018436101378595,0.03400209262467901
0.41551583142343995,0.551916973447075,0.03256719512948485
0.4888610083740355,0.47397699312325764,0.03716199850270695
0.5223933804069361,0.45628950731713547,0.02131711227592854
0.47381609560370325,0.4218793891435105,0.1043045152527864
0.46045930230358784,0.49834725477753494,0.04119344291887718
0.43492260822913387,0.5287434664943012,0.03633392527656494
0.4252047451492442,0.532039412509167,0.04275584234158859
0.4324834074839849,0.5273425018202267,0.04017409069578848
0.43518368744088054,0.5276515107419552,0.03716480181716398
0.4594355186540155,0.5025961924810255,0.03796828886495872
0.4014430657073956,0.5589040577289963,0.03965287656360816
0.44142403365469246,0.5290470858324884,0.029528880512819152
0.46804106741915324,0.4886733415033104,0.04328559107753617
0.4296402488064305,0.5335889112052216,0.03677083998834806
0.46295272631646023,0.498532544494173,0.038514729189366555
0.48405631286271333,0.4739772135110786,0.041966473626208124
0.5676792612880003,0.3958564077572231,0.03646433095477663
0.42237282839309115,0.5459210258515345,0.03170614575537432
0.3959848582676911,0.5615640208403031,0.04245112089200585
0.3804952963589577,0.5264087980655853,0.09309590557545686
0.4314840809054024,0.532363837544837,0.03615208154976067
0.45629687847279765,0.5116908360435527,0.03201228548364977
0.4599448881943482,0.5031674164632328,0.03688769534241875
0.5460240703173986,0.4161197216695814,0.03785620801301976
0.4653900137508654,0.4974919920175985,0.037117994231535896
0.4978785600785291,0.4721328563441382,0.029988583577332837
0.45557085867204833,0.5039432096679952,0.04048593165995641
0.42384308314553726,0.5065434132714184,0.06961350358304405
0.39610930202396843,0.4634763353471812,0.14041436262885026
0.40212878747792724,0.5578494571205298,0.04002175540154285
0.4998036866893292,0.47426396195794873,0.02593235135272213
0.47429690526668494,0.4843628164473222,0.04134027828599279
0.39784929185541906,0.5688048921020841,0.033345816042496895
0.42181458240137115,0.5353093173407504,0.04287610025787832
0.49379918822604313,0.47344868526384476,0.03275212651011218
0.4237953616971731,0.5360442130197507,0.04016042528307612
0.40829895478165695,0.5267898175066723,0.06491122771167085
0.4143327479715882,0.5598359797162025,0.025831272312209087
0.44777111468251235,0.5150827302357037,0.037146155081783955
0.49069910784971604,0.47684610629744933,0.03245478585283484
0.5462297531874402,0.41628153122337663,0.03748871558918338
0.4085674850776473,0.5653014628693551,0.026131052052997785
0.4728017817422686,0.49728044089653484,0.02991777736119648
0.42188068991649535,0.538099021450301,0.04002028863320371
0.4145933630595074,0.5486138851060329,0.036792751834459674
0.380635606261223,0.5679589266193679,0.051405467119409284
0.4465865967821551,0.5134470371357729,0.03996636608207221
0.4344583864030114,0.5314667124704396,0.03407490112654902
0.43454174345189095,0.5278903086004998,0.03756794794760907
0.42932694935990245,0.5338667498153261,0.0368063008247715
0.4179852123852798,0.5488873769779282,0.033127410636792066
0.43031451066074283,0.5311468256586405,0.0385386636806167
0.5369066718609327,0.4303800557429974,0.03271327239606999
0.44506824041174514,0.5052543029205282,0.04967745666772671
0.40264903335759566,0.5595334268253732,0.03781753981703111
0.416751528948665,0.5417399209397253,0.04150855011160953
0.43030926662684554,0.5442310025760817,0.025459730797072734
0.4484388389754782,0.5197890552292105,0.03177210579531128
0.4458726670277911,0.5265930051018817,0.027534327870327245
0.45845231071104975,0.5066189494308067,0.03492873985814372
0.42649211116452773,0.5327309701256849,0.04077691870978743
0.2454037723743981,0.5563074276047688,0.1982888000208333
0.5319196483629871,0.44475365806140515,0.023326693575607786
0.4409535026725058,0.5248500849706016,0.0341964123568925
0.41454905330104647,0.546227647240967,0.03922329945798687
0.4156497950743844,0.5445514662975544,0.039798738628061096
0.4366002537674469,0.5213283058630436,0.04207144036950956
0.44070182104262723,0.5159475425858616,0.043350636371511285
0.44975212203702697,0.5166925901381345,0.03355528782483842
0.38759372205069476,0.49761838575430567,0.11478789219499937
0.4561636235942091,0.5035884932439757,0.040247883161815295
0.4856586165422914,0.4879661335918138,0.02637524986589491
0.42577914950715934,0.5333961447028371,0.04082470579000359
0.44943665371431374,0.5123069168335733,0.03825642945211279
0.4824042628338957,0.4798614193047918,0.03773431786131257
0.39771486462030536,0.5670039431493207,0.03528119223037385
0.44528889533648314,0.5150815305497419,0.03962957411377495
0.4254640171756204,0.5394774248301367,0.035058557994242956
0.4893506471568228,0.473126894283908,0.03752245855926928
0.44190232030947196,0.5211900264155325,0.03690765327499544
0.43384573337571614,0.5297872297849164,0.03636703683936736
0.5193168224481773,0.46194312447627356,0.018740053075548994
0.4996226499199062,0.47644177599245474,0.02393557408763895
0.36736670951441575,0.6111322539424593,0.021501036543124942
0.4084884612411682,0.560693918986195,0.030817619772636903
0.4732253614130311,0.48145574125071555,0.04531889733625309
0.4328344778171381,0.5259264325255407,0.04123908965732114
0.42428889864462843,0.5389914645284288,0.036719636826942785
0.5232524934818261,0.45641752782170925,0.02032997869646464
0.456384452981363,0.5015961377384305,0.04201940928020665
0.42690703401399055,0.5327694832739004,0.04032348271210898
0.44586708712581996,0.5131311821040672,0.041001730770113015
0.43717052149104657,0.529529716822551,0.03329976168640235
0.4368777334828482,0.524354638629042,0.03876762788810977
0.42242751487843727,0.5368391267722575,0.040733358349305235
0.42131693727673636,0.536265078657342,0.042417984065921496
0.4206843949220832,0.5396307654738971,0.03968483960401968
0.4097402852775547,0.5301713654379905,0.06008834928445476
0.45634763423954433,0.49487377177016445,0.04877859399029126
0.4243331762260055,0.5373645956880094,0.038302228085985
0.43719430551990335,0.5220981757544756,0.040707518725620825
0.4351000315306355,0.5282274991887547,0.03667246928060965
0.5287807924067686,0.4322281349605692,0.03899107263266237
0.4613437866144705,0.4978823452233737,0.040773868162155835
0.493345104306694,0.4658050188184053,0.04084987687490067
0.44572986359171374,0.5165495458247055,0.03772059058358086
0.5119664519933814,0.4579349932234238,0.030098554783194693
0.5745799094777713,0.40501561891874893,0.020404471603479666
0.5619175850163914,0.3980101656030084,0.040072249380600417
0.4692996342700349,0.48888226354452485,0.04181810218544038
0.48188586621535007,0.4305393276941347,0.08757480609051528
0.4494136956829812,0.5088518314646946,0.041734472852324046
0.4351893213499941,0.5227223630873766,0.04208831556262927
0.46418835004574766,0.5079513665683673,0.02786028338588507
0.4333797431333165,0.5247622133711617,0.041858043495521635
0.48822247136303176,0.473306012359796,0.0384715162771721
0.4940261638181213,0.46561305436180284,0.04036078182007622
0.44790339448019223,0.5102155351072114,0.04188107041259626
0.4324004024267334,0.5370124365064923,0.03058716106677404
0.4229659480366311,0.5356781880433966,0.04135586391997213
0.5524322895983099,0.4080283215157618,0.03953938888592833
0.5380013917233564,0.42193161266673335,0.04006699560991034
0.4490748834067358,0.5140759201716335,0.03684919642163079
0.45034726712960016,0.5101540874642371,0.039498645406163026
0.547937561420313,0.42495790508247144,0.027104533497215675
0.44654544763931087,0.5184874741835039,0.03496707817718485
0.4212198936645812,0.542401806700633,0.03637829963478595
0.44292939346004234,0.5225628675637812,0.0345077389761766
0.42606265795449133,0.5432202876269147,0.030717054418594007
0.42802327551681224,0.5310020234151898,0.04097470106799781
0.4304158714089656,0.527204852808593,0.04237927578244139
0.4316029209903656,0.5377220646373215,0.030675014372312997
0.4354932217673384,0.524029515703213,0.04047726252944872
0.4555602375054843,0.501924420782656,0.042515341711859535
0.5014640053349642,0.46145210643877216,0.037083888226263656
0.4205613000166626,0.5391761027489083,0.04026259723442909
0.49713303219433136,0.4659268970189129,0.03694007078675571
0.44783493992281115,0.5112256357479644,0.04093942432922437
0.4713508022781982,0.4875361211518469,0.04111307656995508
0.4706491859323988,0.5086843617843335,0.020666452283267644
0.522496220164144,0.4456721349228185,0.03183164491303784
0.5361953989374283,0.43996508622313996,0.023839514839431777
0.5186081042496434,0.4491643720771466,0.03222752367321021
0.4204609584782013,0.5386192401523405,0.04091980136945813
0.41278357851400227,0.5339760838889919,0.0532403375970056
0.5930268060878264,0.37205074588851345,0.03492244802366011
0.49614571687662645,0.4672110474407332,0.03664323568264029
0.45266559297512554,0.5087769444540219,0.038557462570852394
0.46083216698749657,0.4999894252153229,0.03917840779718067
0.47707149294284823,0.4850589070521239,0.03786960000502777
0.4285911012017505,0.5304237012942506,0.04098519750399878
0.4304361515579205,0.5304555457487493,0.03910830269332993
0.4775816740184151,0.4802324441780644,0.042185881803520425
0.42219299039279634,0.5450351381088632,0.03277187149834052
0.4719480104803827,0.5009726634814583,0.027079326038159067
0.5208776772476745,0.4381467239483458,0.04097559880397955
0.44941874480971467,0.5126364447224507,0.03794481046783449
0.4381892186754902,0.5209174525862452,0.04089332873826454
0.4650468235916772,0.5047158957159742,0.03023728069234865
0.4337836140693186,0.5243376271899814,0.04187875874069976
0.48739048400269214,0.4791058441460507,0.03350367185125722
0.41948370373353927,0.5455417648617035,0.034974531404757196
0.49026784415094254,0.47171094754508597,0.03802120830397129
0.38796822661104063,0.5627430913782611,0.04928868201069825
0.4400393625178769,0.5212402499530302,0.03872038752909289
0.45812817139701645,0.5015350595886312,0.04033676901435232
0.43742455270510344,0.5246810390318022,0.03789440826309412
0.44570697031883233,0.5308019539346626,0.023491075746504938
0.4185105249645778,0.5430311806400474,0.0384582943953748
0.45694380505979665,0.5055767330055154,0.03747946193468802
0.4597090224378029,0.5044206978109155,0.03587027975128176
0.42436047851707875,0.5402715382463452,0.035367983236575945
0.4712780523852677,0.4958411251920819,0.032880822422650426
0.4250657042333314,0.5342492516539716,0.04068504411269698
0.43316451809492756,0.5316495139456049,0.0351859679594675
0.5005140975115127,0.45816805528914756,0.04131784719934015
0.4377807912155063,0.5204465893515275,0.04177261943296633
0.4852816154035989,0.4804870148072536,0.0342313697891474
0.438618267072224,0.5272853082745242,0.03409642465325171
0.4610841205482104,0.4975326710910484,0.04138320836074118
0.41485811064772,0.5519895843357375,0.0331523050165424
0.5404248943752298,0.4233166071688037,0.03625849845596636
0.49270162400305617,0.45535776700888936,0.051940608988054526
0.4391874021427879,0.5341004373153874,0.026712160541824948
0.46677020137937286,0.4912472294356227,0.041982569185004336
0.42632985530365375,0.5482717841370701,0.02539836055927604
0.4111411470077733,0.5699936817277652,0.018865171264461425
0.48235053793796895,0.4759565259998884,0.04169293606214278
0.43045892083711684,0.5416406600361965,0.02790041912668658
0.43527176151493135,0.5339510383047664,0.030777200180302024
0.45206505825543575,0.5100221820296605,0.03791275971490371
0.5063858045275468,0.45809842259546435,0.0355157728769889
0.4453697568272349,0.5102663272291228,0.04436391594364217
0.08786319342202654,0.25000039012744885,0.6621364164505243
0.42146415574312984,0.543724520241355,0.034811324015514934
0.5613448240107602,0.40691639307813154,0.03173878291110808
0.47273212398247483,0.48802668978566016,0.03924118623186503
0.4480421217535048,0.5101656524319715,0.04179222581452347
0.5108325322560504,0.44774314758880407,0.04142432015514536
0.45288458567819057,0.5084320257136017,0.03868338860820774
0.4131323451590375,0.5469339902421122,0.0399336645988502
0.48965622850816104,0.4741781898436527,0.03616558164818611
0.4370281146827974,0.5222734852779571,0.04069840003924533
0.4441939778154728,0.4815544584411127,0.07425156374341466
0.48860622036702345,0.4748739085739425,0.036519871059033995
0.37719640710841185,0.43556792600459565,0.18723566688699247
0.4362606079436775,0.5362010369190472,0.027538355137275358
0.5027346530682227,0.46200602016597214,0.03525932676580523
0.4293067442586597,0.5344219912973659,0.03627126444397441
0.4069273295473417,0.41475930618186224,0.17831336427079644
0.41916185344901674,0.5404812371699638,0.04035690938101925
0.5119333743454331,0.44739462948995967,0.04067199616460752
0.4538809017407523,0.5109177164993239,0.03520138175992377
0.4410086166687667,0.5219202391525999,0.03707114417863321
0.49486918603107544,0.47038660760699536,0.03474420636192908
0.459791674417551,0.5135331735609775,0.02667515202147169
0.44506079469000653,0.5167224395091328,0.03821676580086073
0.45007925039764785,0.5081079233680714,0.04181282623428059
0.42869008507749606,0.5399204395564443,0.031389475366059745
0.4373551542502823,0.5240721520500582,0.038572693699659245
0.45534624639511107,0.5062051141668558,0.03844863943803349
0.453730368171206,0.5108264916823718,0.03544314014642232
0.4722962688238184,0.4938272563418416,0.033876474834340156
0.42094711490369247,0.5364857278246573,0.042567157271650155
0.4976480712274717,0.47061770442597595,0.03173422434655237
0.42723511117078933,0.5352029422892816,0.03756194653992914
0.4334240396472932,0.5261012071018305,0.04047475325087626
0.46826128733979216,0.49021369529789904,0.04152501736230861
0.4929964822795022,0.48116344758270396,0.025840070137793728
0.49689590747934104,0.46017396196488997,0.04293013055576892
0.45775716181923953,0.5005714244145306,0.041671413766229994
0.4330344279641359,0.5276288640287518,0.039336708007112316
0.45177226768095863,0.5166932683020775,0.031534464016963824
0.44022989564673337,0.5135429890365114,0.04622711531675527
0.4474478345826924,0.3428763490100491,0.20967581640725863
0.5344874498435929,0.43079572183137244,0.034716828325034484
0.4191360476231268,0.5392874100179466,0.041576542358926556
0.4239719402828841,0.5402424815118552,0.03578557820526067
0.4234688288557047,0.5364947067243576,0.04003646441993734
0.4887426532239178,0.473462207343716,0.03779513943236618
0.4507668808327236,0.4531137828417313,0.09611933632554505
0.5718353625993974,0.37099572318624313,0.05716891421435943
0.46799448584151215,0.4931682811847058,0.03883723297378197
0.45542586486069336,0.5089817356198101,0.03559239951949639
0.48042273345231995,0.4929223214625673,0.026654945085112878
0.4367151205361017,0.5225935355894135,0.04069134387448497
0.47946742586818625,0.48486439931617165,0.035668174815642086
0.44708140341157154,0.5040711726665768,0.04884742392185165
0.48781036952162476,0.4766372964604758,0.03555233401789963
0.46610693794919167,0.503202003733769,0.030691058317039138
0.4781532760128027,0.4865780281696094,0.03526869581758784
0.45836451654851196,0.5012085261281347,0.040426957323353184
0.4708165224343089,0.47969723487552696,0.04948624269016423
0.49815006069684675,0.47282005369160496,0.029029885611548047
0.43502344354785705,0.5112685238276261,0.05370803262451705
0.4346650617024052,0.5250418562768375,0.040293082020757195
0.47466937408051446,0.48819622494843296,0.037134400971052486
0.4508105806095127,0.5090403764378482,0.04014904295263909
0.4251347713811705,0.5490968134177926,0.025768415201036787
0.4451574175424224,0.49917283256051287,0.05566974989706443
0.4138060515861286,0.5345478212458207,0.05164612716805102
0.47313897889960127,0.48922336971404473,0.03763765138635399
0.4708669750975711,0.5030645106022206,0.026068514300208193
0.4430376800822891,0.519904863559281,0.03705745635843008
0.4627822869135103,0.4968469686089639,0.04037074447752575
0.47480194558149874,0.48591560566565634,0.039282448752845
0.4333858543627846,0.543456430940909,0.023157714696306387
0.44017200708757853,0.5327312921025985,0.02709670080982297
0.5446695986803408,0.43386741998290446,0.02146298133675491
0.45428903211927446,0.5062437866664187,0.03946718121430701
0.4108936045536666,0.5464493165666392,0.042657078879694166
0.5254633944604817,0.43597202626178316,0.03856457927773528
0.4323017291024031,0.5319699941309607,0.03572827676663626
0.43153547168532164,0.5273649396993253,0.04109958861535286
0.4353866701414663,0.5287888963963017,0.035824433462231985
0.4452644110516074,0.52160193061365,0.033133658334742584
0.4764836454391093,0.4831594569171147,0.04035689764377618
0.5130357439582951,0.45585321072363894,0.031111045318065775
0.5001658181879843,0.4751389704888111,0.024695211323204572
0.4163918901521954,0.5504237892336535,0.03318432061415093
0.5497237075127719,0.4177584680333004,0.03251782445392787
0.443724367614428,0.5273768632369557,0.02889876914861609
0.43197187031907247,0.5266266134530115,0.041401516227916026
0.42112165743830865,0.540300978108191,0.038577364453500324
0.6326413527415634,0.33085761322551793,0.03650103403291878
0.44297388166356955,0.516458343979882,0.04056777435654815
0.48695971439968805,0.4748383473173078,0.038201938283004395
0.5107629890038963,0.4468209979196816,0.042416013076422274
0.4578453343550814,0.5149599239498869,0.02719474169503164
0.4519191251098746,0.50913390412461,0.03894697076551537
0.4495217870542583,0.5135992849239273,0.03687892802181431
0.4382784089936419,0.5231858056119916,0.038535785394366695
0.4319076632367718,0.5315460344498356,0.036546302313392676
0.3752789882195816,0.5139859816426512,0.11073503013776731
0.4423884789705038,0.4641648045992457,0.09344671643025065
0.4743292734178853,0.4881302906708405,0.03754043591127425
0.4209589334256565,0.5559485953646782,0.023092471209665125
0.4519198279585074,0.5098424713268738,0.03823770071461879
0.5400359529708947,0.42565832543370324,0.03430572159540179
