0,1,2
0.45769171875831843,0.5006752776956126,0.04163300354606876
0.45763282358488255,0.5004938311138125,0.04187334530130513
0.4577652069755059,0.5005832212402455,0.0416515717842487
0.45771849699916844,0.5007007534446726,0.04158074955615889
0.4577732136103049,0.5006052941175003,0.041621492272194936
0.4576148047350601,0.5005040066132137,0.041881188651726
0.45768104190770675,0.5004497977403085,0.04186916035198461
0.45777847831872903,0.5006084943805538,0.04161302730071738
0.45775084578520814,0.5004655450169351,0.04178360919785685
0.4578113732482432,0.5006958682004915,0.04149275855126533
0.4577661012646497,0.500484052682926,0.04174984605242447
0.45772989240562806,0.5005625321439457,0.04170757545042657
0.45768952288698456,0.5006624109914373,0.04164806612157799
0.4579933005053031,0.500409444717641,0.04159725477705579
0.4576277353734804,0.500707061675026,0.04166520295149351
0.457796303485765,0.5006446167807032,0.04155907973353177
0.4577400702457031,0.5006876927981224,0.0415722369561744
0.45777969917263905,0.5006067918658293,0.04161350896153147
0.4577305310555873,0.5006956998599486,0.041573769084464245
0.4577026270515928,0.5005886580407525,0.04170871490765498
0.4577577018738267,0.5006634710401429,0.0415788270860302
0.45776653024247815,0.5006454576230293,0.04158801213449257
0.45768895844610513,0.5006525384491854,0.041658503104709345
0.4577289557125716,0.5005211863238195,0.041749857963609006
0.4578150236255048,0.5007018910131821,0.04148308536131311
0.4577840464412961,0.500547064581604,0.04166888897709965
0.4577675814144692,0.5005934316411098,0.04163898694442092
0.4576897906665627,0.5006647963036098,0.04164541302982752
0.4577305390233383,0.5006956945955972,0.04157376638106433
0.45778093339028514,0.5006608765281185,0.04155819008159642
0.45781597283592235,0.5007057206734264,0.041478306490651436
0.45776652921118793,0.5006454600464909,0.04158801074232122
0.4576900991649869,0.500667066788272,0.04164283404674109
0.4578157672820476,0.5007066682061303,0.041477564511822
0.4580007739988914,0.500419922018053,0.041579303983055885
0.4576918238202016,0.5006756892639947,0.04163248691580374
0.45771412618226465,0.5005714900313382,0.0417143837863969
0.45769715044656695,0.5004472126013513,0.041855636952081776
0.4578114319613196,0.5006071273558986,0.04158144068278182
0.4577611219477151,0.5005781520553675,0.04166072599691746
0.4579624689844225,0.5005528332335047,0.04148469778207288
0.45774682331642014,0.500679949560767,0.041573227122812854
0.45764859569103733,0.500419500929807,0.041931903379155686
0.4578466735624566,0.5006320662385677,0.04152126019897581
0.4577615324810474,0.5004773215628859,0.041761145956066406
0.4576095106107415,0.5005294394969427,0.04186104989231561
0.4577476354228068,0.5005542125671788,0.041698152010014373
0.45770332859168084,0.50058728217438,0.04170938923393917
0.4576059541071906,0.5004187713409735,0.04197527455183578
0.4577842307039938,0.5005509112460008,0.04166485805000542
0.45771830888467446,0.5004487473947372,0.04183294372058843
0.4577197307058689,0.5006841501239996,0.04159611917013145
0.4577598417969554,0.5005767055193499,0.041663452683694695
0.4577064625290604,0.5004471595701907,0.041846377900748924
0.45781300764132743,0.5006947045696254,0.04149228778904717
0.4576172539828001,0.500406136246767,0.04197660977043291
0.4577823811638793,0.5006121154382698,0.041605503397850845
0.4577848778713342,0.5006022153613731,0.041612906767292755
0.45799383319761744,0.5003946868102658,0.04161147999211656
0.4576073636234508,0.5004140722447038,0.04197856413184551
0.4577823993220491,0.5006121525104943,0.04160544816745672
0.45769038980928706,0.5006300416551441,0.0416795685355687
0.45780130873518204,0.5006583060451522,0.04154038521966561
0.45771313392398744,0.5005728213073439,0.041714044768668725
0.45797979187141746,0.5004246747434751,0.04159553338510721
0.45779740381602463,0.5006475347704005,0.041555061413574915
0.4576280925186273,0.5005619065695099,0.04181000091186267
0.4578057920600051,0.5006714829896184,0.041522724950376386
0.4579933365080945,0.5005010517583024,0.041505611733603086
0.45768959903670464,0.5006631419371973,0.041647259026098234
0.4577766340191692,0.5006126769636022,0.04161068901722856
0.45760795716293723,0.50044274891997,0.04194929391709277
0.45780912944721364,0.5006818796384744,0.04150899091431196
0.45761463873183017,0.5005043848586243,0.04188097640954542
0.4576106957436944,0.5005938558880396,0.041795448368265924
0.45779793790881107,0.5006619093760236,0.04154015271516528
0.4578450633867343,0.5005237320273905,0.041631204585875145
0.45781288931124,0.5006942980400255,0.041492812648734605
0.4576119090177463,0.5005117737098281,0.04187631727242567
0.4576057042527787,0.5004203032728676,0.041973992474353725
0.4577001590415988,0.5005939814150469,0.041705859543354415
0.46112858120199834,0.4982785785784264,0.04059284021957535
0.45771709142422684,0.5005689791236885,0.04171392945208467
0.45793179452224714,0.5003574318602375,0.04171077361751541
0.4578145977324594,0.5006074795639571,0.04157792270358348
0.45761971017088404,0.5004059482556602,0.041974341573455747
0.45773761759159065,0.5005624854135323,0.04169989699487681
0.4578108776887775,0.5006945921722499,0.04149453013897274
0.4577583602524382,0.5005751160096187,0.04166652373794309
0.4576062576672108,0.5004349891328989,0.04195875319989032
0.457693044982485,0.5006158545458521,0.041691100471662905
0.45761515544556036,0.5005485464409121,0.04183629811352756
0.45780824019773,0.500679057662171,0.041512702140099035
0.45778400166345506,0.5005705618599271,0.0416454364766178
0.45952065972505,0.4995400746598869,0.04093926561506302
0.4577197558461281,0.5005061793899072,0.041774064763964724
0.4742879281823203,0.4816180949946203,0.04409397682305938
0.45780687825493105,0.5006843098257451,0.04150881191932389
0.45772918947220487,0.5005215783475044,0.04174923218029056
0.45778625441248955,0.5006203368714809,0.04159340871602961
0.45800958914475526,0.5003860401819124,0.04160437067333243
0.45788301678198,0.50060212032216,0.04151486289585994
0.4576098833000257,0.5005335484479674,0.04185656825200682
0.4577256061445744,0.5004507492698368,0.04182364458558873
0.4576944720213672,0.5006837169050631,0.041621811073569756
0.4577438311587033,0.500459947204754,0.04179622163654236
0.45781153951594095,0.5006962959583742,0.04149216452568478
0.45763134219313917,0.5005639473095419,0.04180471049731879
0.4578702176310285,0.5006051397091199,0.04152464265985148
0.4578154904790247,0.500706099744244,0.041478409776731166
0.45778237714977327,0.5006253870620611,0.04159223578816545
0.4577807044330093,0.5005977381468873,0.041621557420103296
0.45772490587827996,0.5005640427830305,0.041711051338689714
0.4576899975504748,0.5006663617424711,0.04164364070705381
0.45780906026243856,0.5006899099545842,0.04150102978297726
0.45780640240250603,0.5005425455367382,0.04165105206075577
0.4595152306624937,0.4995441075022536,0.04094066183525272
0.4578161737852024,0.50070696050274,0.04147686571205754
0.4577316352692275,0.5006949473076263,0.041573417423146256
0.4580154497146105,0.5003729604799935,0.04161158980539606
0.45762995592662903,0.5004895188417178,0.04188052523165307
0.4576891972566155,0.5006419564754663,0.041668846267918384
0.45781274226937524,0.5006937945429984,0.04149346318762625
0.4576952239193069,0.5006076813043937,0.04169709477629944
0.457815372670017,0.5007032228441003,0.04148140448588283
0.4576500960521519,0.5005508101330297,0.04179909381481825
0.45780892174580035,0.500681216993793,0.04150986126040683
0.4578064071551418,0.5006733601175629,0.0415202327272951
0.45766056905196284,0.5005732962262879,0.04176613472174935
0.45769057214857556,0.5006287732938202,0.0416806545576042
0.45778269185184467,0.500601655753776,0.041615652394379296
0.45771755339246345,0.5007008854033703,0.041581561204166215
0.45761731008023065,0.5004061276349095,0.04197656228485977
0.4577621258418252,0.5006550749489338,0.04158279920924082
0.4576891216115468,0.5006571943990891,0.041653683989364185
0.4580173942801945,0.5003634043095275,0.04161920141027786
0.45773856353343817,0.5004565813638576,0.04180485510270427
0.4577597818542776,0.5004574125340744,0.04178280561164793
0.4577436520074598,0.5005650018785169,0.041691346114023274
0.4578144356184437,0.5007036315426555,0.04148193283890062
0.457618365119214,0.5005530965084287,0.04182853837235717
0.45791746514590903,0.5004783795503597,0.04160415530373131
0.45772474124534496,0.500698874703308,0.041576384051347295
0.4577103684620019,0.5005761198203966,0.04171351171760148
0.4615920263832967,0.49946264957321723,0.038945324043486045
0.4577322882439093,0.5005622271598408,0.04170548459624967
0.45769585394658135,0.5004710339187919,0.041833112134626795
0.4576755315407656,0.5004513901361378,0.04187307832309659
0.45771621128055223,0.500700999070288,0.04158278964915995
0.4575752344350837,0.5006470424954274,0.041777723069488834
0.45760637938682297,0.5004356894539461,0.04195793115923107
0.4579889190129848,0.5004146414545431,0.041596439532472544
0.4578151436098764,0.500702343563677,0.04148251282644633
0.45768922755924835,0.5006589186601546,0.04165185378059727
0.45779150618043324,0.5006464334060114,0.04156206041355554
0.4577907255045254,0.5004354136049258,0.041773860890548874
0.45761030041869566,0.5005360066807203,0.041853692900583994
0.4577803088900627,0.500520028599312,0.04169966251062549
0.45777810835670774,0.5006100677776949,0.04161182386559738
0.4576814925747503,0.5004526622157012,0.04186584520954855
0.4577540448903792,0.500669616379801,0.041576338729819855
0.4576891484230277,0.5006428108230361,0.04166804075393627
0.45768894064631976,0.5006504196179062,0.041660639735774
0.4650983252368821,0.4959634580943986,0.038938216668719154
0.4576472013791614,0.5004184232047533,0.041934375416085294
0.45777769965116477,0.500615005301846,0.04160729504698914
0.4576585720372014,0.5005258326633941,0.041815595299404415
0.45780441327634297,0.500667336849502,0.04152824987415507
0.45780906948729133,0.5006899336994476,0.04150099681326093
0.4576197587480204,0.5004059481372171,0.04197429311476252
0.4576132274387151,0.5004581583272266,0.04192861423405821
0.4577633374438669,0.5006525667779341,0.041584095778198944
0.4577104557702877,0.5004474790268651,0.04184206520284737
0.45780094604326177,0.50065727816623,0.041541775790508405
0.45780626557829257,0.500682744720135,0.04151098970157203
0.45761022534175916,0.5004096864701777,0.04198008818806345
0.45761939142968777,0.5005543069613698,0.041826301608942004
0.45773731373853344,0.5004744401238169,0.04178824613764951
0.45769746998138566,0.5006896743560549,0.041612855662559296
0.4576976404585739,0.5004734666330592,0.0418288929083669
0.45776736616514097,0.5006434633392235,0.04158917049563561
0.45774189682427735,0.5005436966179967,0.0417144065577261
0.4577079033583972,0.5006994994227164,0.041592597218886654
0.45772252487204257,0.500565200288199,0.041712274839758486
0.4577613025328511,0.5006567252162867,0.04158197225086217
0.45795972068859203,0.5005764104645728,0.04146386884683516
0.4577977876610046,0.5004306217499038,0.04177159058909143
0.4577305126197356,0.5005238073597851,0.041745680020479466
0.4577462939349243,0.5004617555536557,0.04179195051142007
0.4580072305392346,0.5003900920770912,0.04160267738367421
0.4577522075459127,0.5005694874254298,0.04167830502865711
0.45761264991515016,0.5005436419765423,0.04184370810830757
0.4577843626669817,0.500559843806481,0.04165579352653763
0.4576192960545511,0.5005541983703856,0.04182650557506316
0.45777850104098244,0.500512915407772,0.04170858355124529
0.4576789747178927,0.5004503526978191,0.041870672584287984
0.45769792721756664,0.5005995693571824,0.041702503425250836
0.4578160594085472,0.5007071282597668,0.041476812331686035
0.45760911850728647,0.5004109942059596,0.041979887286754045
0.4576891978271974,0.5006419469939047,0.041668855178897804
0.4577094530380903,0.5004903464272638,0.041800200534646066
0.4578131037428105,0.5007002992506001,0.0414865970065892
0.4577887306652265,0.5006399222763498,0.041571347058423816
0.45781611536064437,0.500707160664032,0.041476723975323836
0.4577299706447243,0.5005228922667924,0.041747137088483044
0.4577418440583889,0.5005436014648618,0.041714554476749384
0.45771399345769886,0.5005719024913599,0.04171410405094108
0.4576391447045548,0.5004128609994316,0.041947994296013584
0.45774248125182976,0.5005870776191343,0.04167044112903597
0.45788982734916595,0.5003762420988966,0.0417339305519375
0.4576908823813822,0.5006267664776712,0.04168235114094675
0.45768903095352553,0.500645411170529,0.04166555787594553
0.4575748264057585,0.5006479188666699,0.041777254727571614
0.45778505657417595,0.500617726912475,0.04159721651334909
0.45762485183638735,0.5004065623336668,0.041968585829945955
0.4577959892580718,0.5003429240127126,0.041861086729215784
0.4577352786165745,0.5004547955549701,0.041809925828455496
0.4577909123776214,0.5006310608444011,0.041578026777977575
0.4577478955486904,0.5005664809268712,0.04168562352443842
0.4576094800767298,0.5005263353258023,0.041864184597467755
0.45781365348511727,0.5006969468665893,0.04148939964829348
0.45795546541558785,0.5005602620005769,0.04148427258383507
0.457778233797401,0.5006161774744473,0.04160558872815137
0.4576700067845158,0.5004395635791511,0.04189042963633283
0.4576344944635749,0.5004763208562242,0.04188918468020091
0.4578151667135663,0.5007024312766436,0.04148240200979015
0.45770389758574453,0.5004470646464314,0.04184903776782403
0.4607737260326573,0.5000729199575289,0.039153354009813665
0.4576100346889521,0.5005345482533354,0.04185541705771258
0.4576567280056568,0.5005238481491301,0.0418194238452132
0.4577684643843583,0.5005952675299337,0.04163626808570797
0.45766013646123893,0.5005732346827733,0.04176662885598768
0.45767142794721916,0.5005302991332242,0.04179827291955664
0.4576423005602633,0.5004148976429,0.04194280179683691
0.4576761539024199,0.5005430069835147,0.04178083911406548
0.4576094679868678,0.5005277158996233,0.04186281611350894
0.45769192187912516,0.5006760645515567,0.04163201356931835
0.45796662506146785,0.5004377891307964,0.04159558580773557
0.4577495327072551,0.5005675309410822,0.04168293635166267
0.4576687625324896,0.5004382353471086,0.041893002120401646
0.4577418615464624,0.5005436330000258,0.041714505453511845
0.45770381348476474,0.5005863632593546,0.041709823255881046
0.4576283993497061,0.5004870883396448,0.041884512310648866
0.45778236767204344,0.5006120879017661,0.04160554442619033
0.45761999398679326,0.5005549759705715,0.041825030042635145
0.4576671099388623,0.5004364998634115,0.041896390197726126
0.4578112209322678,0.5006886800139672,0.04150009905376512
0.4577432668341344,0.500684246999638,0.041572486166227676
0.45768895194608655,0.5006521000762831,0.04165894797763023
0.4576981107602013,0.500690683733908,0.04161120550589079
0.4577630418859638,0.5005804485691012,0.04165650954493517
0.4578152461290367,0.5007027343343753,0.041482019536587915
0.45771836123291615,0.5004487588300368,0.0418328799370472
0.4577194126266624,0.5005671639005725,0.041713423472764966
0.4577835008244979,0.5005400337508216,0.04167646542468061
0.4681957969212744,0.49193327460210007,0.03987092847662564
0.45769924835657855,0.5005961616053709,0.04170459003805032
0.4578588546118547,0.5006069924473677,0.04153415294077761
0.45797634285891575,0.5005347328168156,0.04148892432426847
0.45777081840229755,0.5005982021207492,0.04163097947695326
0.45766681173715523,0.5005346142239406,0.041798574038904135
0.45777150851240944,0.5004940551608548,0.04173443632673587
0.4579242910606729,0.5003230283945528,0.041752680544774066
0.4577821849594412,0.5005297625244677,0.041688052516091055
0.45770079656992624,0.5004470620296918,0.041852141400381924
0.4579542939701902,0.5004490175497903,0.04159668848001948
0.45800926097441835,0.5003866279154107,0.04160411111017111
0.45761912190755205,0.5004956674280531,0.04188521066439503
0.45771627898928147,0.5007009954653889,0.04158272554532988
0.4576947863213551,0.5006091783424754,0.04169603533616952
0.45776087116445385,0.500579762083899,0.04165936675164712
0.45770184739090247,0.500695291363472,0.04160286124562563
0.45786211207980415,0.5003165999842611,0.04182128793593474
0.4576225456889968,0.5004772651542556,0.04190018915674758
0.45776293528599243,0.5005803170626374,0.04165674765137036
0.45772317043968885,0.5005116535329674,0.041765176027343455
0.45780508887335347,0.5006797497003685,0.041515161426278153
0.45778478663935546,0.5006171470902073,0.041598066270437106
0.4578161543303716,0.5007071333814562,0.04147671228817218
0.45760539706397807,0.5004241794122406,0.041970423523781275
0.45776527947921236,0.5006483342916687,0.04158638622911884
0.45983347838948213,0.5006394612718565,0.03952706033866125
0.45780643023895234,0.5006831649879704,0.04151040477307706
0.45773160491186465,0.5006949686133946,0.04157342647474074
0.45768902213036905,0.5006456619937752,0.041665315875855896
0.45787549490380547,0.500315328385339,0.04180917671085496
0.4577770145310177,0.5005080134652936,0.04171497200368864
0.4576897529129736,0.500635244566371,0.041675002520655285
0.4579175489216288,0.5003206831985135,0.041761767879857456
0.45776371785829517,0.5006517588906759,0.04158452325102883
0.4578808741876396,0.5003808164111254,0.04173830940123496
0.45801743964733704,0.5003621208005675,0.04162043955209549
0.45767430688056826,0.5004442933093289,0.041881399810103095
0.45775542639387945,0.5006673727607106,0.04157720084540979
0.45781597094886267,0.5007070194496573,0.041477009601479674
0.45777091028087985,0.5006342730667784,0.04159481665234147
0.45774176149884327,0.5005655053127986,0.041692733188357985
0.45778549293275783,0.5004390185518219,0.04177548851542014
0.4578046012392495,0.5006785130323181,0.04151688572843228
0.4576893905268651,0.5006610041058425,0.041649605367292696
0.4580174391729715,0.5003615409188322,0.04162101990819597
0.4578991921797018,0.5003716504997138,0.041729157320584236
0.45789011280359965,0.5004971776655268,0.0416127095308734
0.5208200116435473,0.32476187531121176,0.15441811304524097
0.45770977242268834,0.5005769029452777,0.04171332463203405
0.45777917700211684,0.5006057904669986,0.04161503253088462
0.45763697285685334,0.5005668267047072,0.04179620043843943
0.4577424435229655,0.500685171683528,0.04157238479350653
0.45765981634581315,0.5004292460056803,0.041910937648506265
0.45760003607573213,0.5006073827965075,0.041792581127760374
0.4577604016665395,0.5005773298195618,0.04166226851389886
0.45777331611109817,0.5006272061443945,0.041599477744506945
0.4578053130887581,0.5006803192261909,0.04151436768505115
0.45762684825684413,0.5004845968643865,0.04188855487876896
0.4577912698753777,0.500435041230435,0.041773688894187096
0.4577037368166459,0.5006969659389199,0.041599297244434376
0.4576129796187674,0.5005443974372685,0.04184262294396405
0.45769195688025277,0.5004658386828963,0.04184220443685089
0.45789272776365886,0.5003157286961197,0.04179154354022141
0.4578160057813321,0.5007058778180757,0.04147811640059221
0.4577364725683956,0.5005623229676229,0.041701204463981685
0.4578143878507331,0.500703514552506,0.0414820975967612
0.45778341893611185,0.5005781479706795,0.04163843309320869
0.4577159155641405,0.5005001576131067,0.041783926822752844
0.4576156484644769,0.5005493405520139,0.04183501098350929
0.45761434292310216,0.5004607955845414,0.0419248614923566
0.4577717276867,0.5006319580921242,0.04159631422117577
0.45779981434962896,0.5004292621864807,0.04177092346389032
0.45770326151285534,0.5006965794356169,0.04160015905152771
0.45812374630971797,0.5004865324545295,0.04138972123575241
0.45787047293595373,0.5005093878092433,0.041620139254802895
0.4576752234942056,0.5005421700462347,0.041782606459559786
0.4912837498116975,0.4673535720184577,0.041362678169845
0.45769277317079493,0.5006170265248651,0.04169020030434015
0.4577137727494694,0.5005721337994459,0.04171409345108469
0.45771701430265344,0.5007009416622614,0.04158204403508482
0.4580058320579799,0.5003923355536526,0.04160183238836777
0.45770203871321147,0.5005898562134751,0.04170810507331354
0.4577091955780126,0.5004899639580092,0.04180084046397823
0.457765643330858,0.5004833175297223,0.04175103913941966
0.4577055971710339,0.5005831929290856,0.04171120989988043
0.45769119181979573,0.5006249179369667,0.041683890243237536
0.4578138642473276,0.5006976883178018,0.041488447434870394
0.45770842981925236,0.5004888301974717,0.04180273998327589
0.4578146405913236,0.5007004735787552,0.04148488582992118
0.4576911542289242,0.5006251354290716,0.04168371034200417
0.45769003444810874,0.5004633326960705,0.04184663285582092
0.457606100616112,0.5004180565264218,0.04197584285746623
0.45770236790186436,0.5005891806951529,0.0417084514029827
0.45780477203752995,0.5006789458777048,0.04151628208476514
0.45780345858797933,0.5006645151667986,0.04153202624522215
0.45784246601495515,0.5004022830135175,0.04175525097152734
0.45791899842409406,0.500321148466151,0.04175985310975522
0.45762789209196547,0.5004862814728382,0.041885826435196345
0.45761512081529393,0.5005484890285329,0.04183639015617305
0.4577293635379394,0.5005218706069379,0.04174876585512281
0.4577112760955219,0.5007006056932686,0.04158811821120955
0.4576219441529613,0.5004912340216505,0.04188682182538813
0.45774505541355154,0.5006821479315945,0.041572796654854006
0.4577693008926597,0.5006386049160012,0.04159209419133914
0.4576337435899642,0.5005652659850064,0.04180099042502936
0.45772750426042763,0.5005631050361039,0.04170939070346844
0.4576949496020281,0.5006086125354079,0.04169643786256399
0.45781326769610065,0.5006956024728751,0.04149112983102417
0.4576286818102126,0.5005623010393238,0.04180901715046348
0.4578158911646973,0.5007053481266837,0.041478760708619236
0.4578059684993939,0.5006819871831579,0.041512044317447865
0.45761862233701245,0.5004699013909485,0.0419114762720391
0.4580022945666562,0.5004622575986666,0.04153544783467715
0.45774347329473924,0.5005642086190181,0.04169231808624262
0.45774137719871094,0.5006863308244495,0.04157229197683958
0.4642779715423062,0.49556210590820493,0.04015992254948877
0.45768102511465086,0.5005215226043227,0.04179745228102641
0.45761934923811004,0.500495287213853,0.04188536354803672
0.4577954536788557,0.5006045893673273,0.041599956953817
0.46127804113215437,0.4997081197877254,0.03901383908012024
0.45794600764772647,0.500334097423051,0.04171989492922251
0.45771862661980744,0.5005043938889951,0.04177697949119746
0.4577804770415033,0.5005989648125826,0.04162055814591402
0.45781093829175445,0.5006947482846096,0.04149431342363588
0.4578003841893992,0.5006556969849518,0.0415439188256488
0.45760539272377493,0.5004243502518455,0.0419702570243796
0.4577760833427051,0.5006000916137461,0.04162382504354845
0.45772657527201094,0.5005634021017319,0.0417100226262573
0.4576152033539081,0.5005486255022361,0.041836171143855815
0.4599777694645117,0.49919415601334977,0.040828074522138366
0.457807096136405,0.5006848672814919,0.04150803658210308
0.45780761974989836,0.500677111494143,0.04151526875595854
0.4577198012213815,0.500566889884878,0.04171330889374059
0.4577226161128245,0.5005107571806718,0.041766626706503496
0.45763766049182375,0.5004119720897817,0.041950367418394585
0.4576919533835051,0.5006761833786888,0.041631863237805974
0.46721102369040746,0.49285326141930147,0.03993571489029143
0.45781511726927265,0.5007022437952002,0.04148263893552713
0.45768726809504495,0.5005281636525502,0.0417845682524048
0.45774454366174044,0.5005880279343701,0.04166742840388939
0.45773042891393523,0.5005624406288883,0.04170713045717645
0.4577332715251852,0.5005621785794775,0.041704549895337326
0.45765937125929407,0.5005731216741892,0.04176750706651661
0.4577811076866909,0.5005237710642305,0.04169512124907851
0.45760721188196524,0.5004397462045985,0.04195304191343613
0.45769151923117907,0.5006230957304494,0.0416853850383716
0.4576893009534069,0.5005540828290925,0.04175661621750072
0.4577271508746062,0.5005632130819254,0.04170963604346848
0.45800787339396576,0.5003461193200208,0.041646007286013365
0.45766136602157625,0.500573405248019,0.04176522873040495
0.45771082513600475,0.500569525600272,0.04171964926372316
0.4576742052940902,0.5005744592578971,0.041751335448012857
0.45778821677121895,0.5006387276232496,0.04157305560553144
0.45780705288421164,0.5006753493116146,0.041517597804173585
0.4577809911204704,0.5006093186278509,0.04160969025167873
0.45777517721961425,0.5006211348564746,0.0416036879239111
0.4578838856912491,0.500601877754147,0.04151423655460385
0.4577890334231999,0.5006266248351513,0.04158434174164898
0.4577086594545748,0.5006998138779087,0.041591526667516455
0.4577662597453207,0.5005906999158451,0.04164304033883411
0.4576958416261016,0.5006056668097413,0.04169849156415732
0.4577892173651602,0.5006410568359452,0.04156972579889474
0.45763218230501207,0.5004091164185672,0.0419587012764207
0.45774228004160156,0.5006853522053764,0.04157236775302218
0.45776308009264866,0.5005592021745482,0.041677717732803085
0.4577720331046173,0.5006310714289676,0.041596895466415186
0.4576421662127667,0.5005689108255928,0.04178892296164051
0.45790717602708925,0.5005934297685647,0.04149939420434595
0.4577819306616368,0.500611200131056,0.04160686920730725
0.4577813897437443,0.5005252164481263,0.04169339380812929
0.45770207958948245,0.5005897716156742,0.04170814879484319
0.4580106506634763,0.5003840742883,0.04160527504822377
0.4577351628487079,0.5005317772016193,0.041733059949672906
0.4575712500459609,0.5006934202367643,0.04173532971727482
0.4577276121731327,0.5005630732500078,0.041709314576859294
0.45770902721583395,0.5004897141965292,0.04180125858763665
0.45769504609171313,0.5006082822670861,0.04169667164120092
0.45775012009418564,0.5005679350051563,0.041681944900658206
0.4577642769795012,0.5005820064966103,0.041653716523888655
0.45777833766109,0.5006042047375789,0.04161745760133086
0.457599476129709,0.5006081284641345,0.04179239540615652
0.45771703177943684,0.5007009400597465,0.04158202816081678
0.4576330278707654,0.5004941307100835,0.04187284141915099
0.45771226801971104,0.5005737967688333,0.041713935211455694
0.45764566147528896,0.5004668282282185,0.04188751029649217
0.4576799814502085,0.5005463734977799,0.041773645052011726
0.45777823314976956,0.5006095424634812,0.04161222438674895
0.45780620619560053,0.5006825932259762,0.04151120057842326
0.4577357331571304,0.5004550292794662,0.041809237563403476
0.4579119580170954,0.500365734372645,0.04172230761025973
0.458834628579698,0.5000321778770174,0.04113319354328467
0.4577004679308697,0.5005932702876514,0.04170626178147888
0.4681731140417824,0.49196568786757694,0.0398611980906407
0.45778156290618627,0.5005927282040824,0.04162570888973121
0.45795395505215303,0.5003397637083626,0.04170628123948427
0.4577083345723229,0.5006996837204505,0.0415919817072266
0.45781514632940185,0.5007023538777909,0.0414824997928073
0.45766430381781703,0.5004336294067119,0.041902066775471244
0.45762733805565076,0.500407239451061,0.04196542249328856
0.45777341561450363,0.5006639483678094,0.04156263601768727
0.4578611269005076,0.5005148496678626,0.04162402343162969
0.4577061858334152,0.5005822145968744,0.04171159956971048
0.4577665446671164,0.5006454237106205,0.0415880316222631
0.4577770833129064,0.5006018898945414,0.041621026792552154
0.4578725894493056,0.5005081202677107,0.04161929028298355
0.45763560169951173,0.5005661915418472,0.04179820675864104
0.4578384022553186,0.5006085001268721,0.04155309761780943
0.4577779121981033,0.5006154713216686,0.04160661648022778
0.4578297452958183,0.5005316183788905,0.041638636325291106
0.4579029850347034,0.5005952422204053,0.041501772744891606
0.4577763032908048,0.5006171374798698,0.04160655922932561
0.4577741374580535,0.5005000786976601,0.04172578384428635
0.4577163134849492,0.5007009935406955,0.04158269297435528
0.4579261813309376,0.5005935761619483,0.04148024250711394
0.45775016583883216,0.5004649393440934,0.04178489481707457
0.4577613165666035,0.5005806541466656,0.04165802928673064
0.4578145486121582,0.5007001382419471,0.04148531314589463
0.4578161741750876,0.5007069857328709,0.041476840092041584
0.4578161737425532,0.5007070197803114,0.04147680647713559
0.45770644567815855,0.5005817928955077,0.041711761426333684
0.4577472827033225,0.5006793578437028,0.04157335945297446
0.45781383251283025,0.5007021377210323,0.041484029766137416
0.4577797911901084,0.5006196147057603,0.0416005941041311
0.4576492308275791,0.5005710702544348,0.04177969891798613
0.4580007520290577,0.5004197995170306,0.04157944845391168
0.45777893638331685,0.5006053328617075,0.04161573075497572
0.45951882284254725,0.49954143935617296,0.04093973780127993
0.4577913992528921,0.5006322346217926,0.041576366125315185
0.45784134579257246,0.5006084224480959,0.04155023175933144
0.4577801483740466,0.5005193293502667,0.04170052227568688
0.45771212070488165,0.5005739678122696,0.041713911482848705
0.4576381951477671,0.5005673611538297,0.04179444369840302
0.45769853769304797,0.5006913153839514,0.04161014692300075
0.4577784177207997,0.5006087554615288,0.04161282681767174
0.45778288470848166,0.5006131486012514,0.041603966690266884
0.45770218481349284,0.5006956183726687,0.04160219681383836
0.4577068130088904,0.5005812071122279,0.04171197987888163
0.4577141924632906,0.5005716966346546,0.041714110902054805
0.45766328052064,0.5004562567847064,0.041880462694653654
0.4576058540913906,0.5004193253056157,0.0419748206029937
0.45763321546422725,0.5004096001285502,0.04195718440722277
0.45793163406743986,0.500357494157176,0.04171087177538422
0.45800679037317843,0.5010020908074762,0.04099111881934562
0.4576892594470013,0.500640976281117,0.041669764271881925
0.4576895297077814,0.5006624785175059,0.04164799177471258
0.45801019290894207,0.5003849349142492,0.04160487217680868
0.45767227089696766,0.5004525040686706,0.04187522503436175
0.45784274432727495,0.5003208160505704,0.04183643962215458
0.4576926755111689,0.500678702217681,0.04162862227114999
0.4577884457962938,0.5006252680899587,0.04158628611374754
0.45781572152500927,0.5007065792968162,0.04147769917817456
0.4577613622590137,0.5005807457826214,0.04165789195836505
0.4577696666097729,0.5006376452291506,0.04159268816107653
0.45775730766899486,0.5005740418901398,0.04166865044086547
0.45763125382301933,0.500563895919245,0.0418048502577358
0.4588270433084973,0.5010210338409635,0.04015192285053918
0.45776403544495137,0.500581696865327,0.0416542676897215
0.4576898457818537,0.5006343852236661,0.04167576899448012
0.45776919234084607,0.5005571527757332,0.04167365488342072
0.45776658491994315,0.5006453289856669,0.04158808609438983
0.4578087957635709,0.500680816121818,0.04151038811461097
0.4577586677591325,0.5005753804978731,0.04166595174299423
0.4577054911872394,0.5006982096165934,0.04159629919616711
0.45778199626035637,0.5005286098772063,0.0416893938624374
0.45771935000400793,0.5005672088459662,0.0417134411500259
0.4577871675911603,0.500636299074239,0.04157653333460073
0.45770083248031557,0.500694227547401,0.04160493997228347
0.45781288308660534,0.500694276687639,0.04149284022575581
0.4577638761889264,0.5005858224476267,0.041650301363446836
0.4577136720878543,0.5005722403496927,0.04171408756245284
0.45772073049950535,0.5005077304052615,0.041771539095233116
0.4577898952893498,0.5006034104863859,0.04160669422426453
0.45777812149689934,0.5005115970246578,0.04171028147844292
0.45768204892586284,0.5005745392920141,0.041743411782123103
0.45809898886968753,0.5005006366344612,0.04140037449585146
0.4710020984912745,0.48917710243450496,0.03982079907422055
0.45780569933071646,0.5006712014859187,0.041523099183364935
0.45775784040538636,0.5006632248577552,0.04157893473685855
0.4576102878702403,0.5005184774057568,0.04187123472400292
0.45770922212941906,0.5007000220584329,0.04159075581214803
0.4578109725303615,0.5006878594295353,0.041501168040103384
0.45799122467845715,0.5003882884701365,0.041620486851406076
0.45768915000528654,0.5006427816906982,0.04166806830401522
0.4579713828118771,0.5005418252612269,0.041486791926896235
0.505647864926641,0.35398879516702336,0.14036333990633543
0.45770897975023805,0.5005683207369346,0.04172269951282739
0.4579627149641463,0.500441445712877,0.041595839322976835
0.4577157874697153,0.5004378338778946,0.04184637865238982
0.4577673973374377,0.5005862237472068,0.04164637891535544
0.4580058005675183,0.5003452342228168,0.041648965209665004
0.45778101202049976,0.5005960173018308,0.04162297067766947
0.4577232377089839,0.5006994799221794,0.04157728236883681
0.4577280643857875,0.5006972127847531,0.041574722829459086
0.4578107101456033,0.5006941605133124,0.04149512934108451
0.45760822652544103,0.5004123555810612,0.041979417893497656
0.45775366714345167,0.5005706806409455,0.041675652215602856
0.4577329458486074,0.5005279511189314,0.04173910303246121
0.45771263827778874,0.50049513153525,0.04179223018696118
0.45777329523184646,0.5005952980480876,0.04163140672006602
0.45765166053860656,0.5004219785813949,0.041926360879998424
0.4578440222375832,0.5005242860106134,0.04163169175180319
0.4578129397975688,0.5006944713394804,0.04149258886295061
0.45778432373208444,0.500554064028351,0.04166161223956451
0.4576336753319551,0.5005677525615846,0.04179857210646031
0.45762234191179835,0.5005573368518118,0.041820321236390026
0.5099707041468465,0.4444862686284899,0.04554302722466338
0.45773660226933716,0.5005623384608127,0.041701059269850245
0.45761029579571855,0.5005943433220001,0.04179536088228089
0.4576593763496844,0.5004288303724851,0.04191179327783064
0.45762911611655244,0.5004078488164861,0.04196303506696117
0.45776935076811126,0.500597726424231,0.041632922807657714
0.4577736236743706,0.5006262432687684,0.041600133056860916
0.46073496220566446,0.500099351239127,0.03916568655520884
0.4577000634818223,0.5006933352477358,0.041606601270441926
0.4577239219527924,0.5005128734909743,0.04176320455623333
0.4576891297995203,0.5006431621957681,0.04166770800471142
0.45766203319883364,0.5004568591617555,0.04188110763941081
0.457812872972341,0.5006997122793828,0.041487414748276094
0.4576938512922172,0.500682146212344,0.04162400249543869
0.457915254167467,0.5003642757761326,0.0417204700564006
0.4577705939204386,0.5005909625310988,0.04163844354846249
0.4577257275440012,0.5006984274481671,0.041575845007831756
0.45772326822873666,0.5005648075851328,0.0417119241861305
0.4576889896174644,0.5006467281818433,0.041664282200692244
0.4577388108431609,0.5006889444682958,0.04157224468854323
0.4576728139158912,0.5005744036313062,0.04175278245280239
0.48545892384753253,0.4491502941807428,0.06539078197172477
0.4576937117518546,0.5006131438156628,0.041693144432482586
0.45778391013319036,0.5005449344967708,0.04167115537003877
0.45788320138687055,0.5003152175537866,0.04180158105934276
0.45769478384813267,0.5006844532641189,0.04162076288774848
0.4575726963722584,0.5006528045154754,0.04177449911226601
0.45766160813887674,0.5004570691442463,0.041881322716877216
0.4577259599729721,0.5004508680522759,0.04182317197475222
0.45793401585447013,0.5003565783021088,0.04170940584342116
0.45786504063692446,0.5006060772936217,0.04152888206945377
0.45767377633403694,0.5004519737612984,0.04187424990466474
0.4576889872142957,0.5006468193401592,0.041664193445545165
0.45780177267237293,0.5006713957623736,0.04152683156525351
0.45772876574744703,0.5005627685103123,0.04170846574224049
0.45777444772965425,0.5006235870873434,0.041601965183002576
0.45773062915423496,0.5004526372077464,0.041816733638018765
0.4577452842247826,0.5006818703871634,0.04157284538805368
0.45773209647612295,0.5005622417899235,0.0417056617339534
0.4577495173125807,0.5005902271606867,0.04166025552673256
0.4576910330990968,0.5006258491024255,0.041683117798477644
0.4577138032079578,0.5005721016895148,0.04171409510252724
0.45768944233953024,0.5006385392271805,0.041672018433289236
0.4577763129158693,0.5005059150059497,0.04171777207818086
0.4577665344816167,0.5006454476583482,0.04158801786003502
0.45796017105934617,0.5004437748449572,0.04159605409569673
0.4576947493210977,0.5005739207329966,0.04173132994590584
0.45769212747423393,0.5006199979191037,0.04168787460666245
0.45760616585583375,0.5004344326551625,0.04195940148900381
0.45771927721254246,0.5007006128327501,0.041580109954707366
0.45778856645597027,0.5006255454867359,0.04158588805729398
0.4577508248822233,0.5006745025254802,0.041574672592296434
0.4577298320730881,0.5005625432813551,0.041707624645556836
0.4579161058871214,0.5005890951736782,0.0414947989392001
0.4576392440162661,0.5004719577714587,0.0418887982122751
0.45764127342044897,0.5005054994825942,0.041853227096956956
0.4576221795228279,0.5004908894051473,0.041886931072024895
0.45776961942344085,0.5004902502967855,0.041740130279773656
0.457801401568485,0.5006585700472493,0.04154002838426571
0.4576851883324388,0.5005744676371253,0.04174034403043587
0.45784089669162703,0.50040321928606,0.04175588402231296
0.4577163022493541,0.5007009941737839,0.041582703576861946
0.45769794224023247,0.5004471659600142,0.041854891799753415
0.45763184462713496,0.5004790052539926,0.041889150118872426
0.4578104228500777,0.5006934201723671,0.04149615697755512
0.4576949235282804,0.5006921964234474,0.04161288004827223
0.45777808513878127,0.500615850903929,0.04160606395728975
0.45763255831509186,0.5005646333969019,0.04180280828800622
0.4577231511335626,0.5005648675382238,0.041711981328213674
0.4576177937098036,0.5005523792174301,0.0418298270727662
0.4576824133418504,0.5004494575433451,0.0418681291148042
0.4577969196925746,0.5006462445851944,0.04155683572223086
0.45778164921272124,0.50052661587679,0.04169173491048878
0.45799769674731305,0.500343384613642,0.04165891863904499
0.4577995872160679,0.5006659658775601,0.04153444690637194
0.45760538681525026,0.5004246485750855,0.041969964609664484
0.45779808579394965,0.5006050944017157,0.04159681980433458
0.45781583441433343,0.5007050993189922,0.04147906626667442
0.45787532359120736,0.5006040573073851,0.0415206191014074
0.45765657381930996,0.500459743057181,0.04188368312350903
0.45769072600903843,0.500670776765694,0.04163849722526754
0.4577071264176296,0.5006991331340669,0.04159374044830346
0.45777502477541543,0.5005982334501361,0.041626741774448354
0.4576980988560782,0.5005991088060072,0.041702792337914574
0.45769952921027424,0.5005954754604762,0.041704995329249685
0.4576902122528371,0.5006313545143178,0.0416784332328452
0.4577651934859959,0.5005832033652445,0.04165160314875936
0.4576345586525194,0.5004102685704448,0.041955172777035706
0.45781374836200933,0.5007019269269778,0.041484324711012745
0.4576348948467837,0.5004968251799142,0.04186827997330202
0.5060646983669527,0.44951430179041074,0.044420999842636436
0.4577694337876628,0.5006382577907074,0.041592308421629455
0.4577210069450137,0.5005081720011152,0.04177082105387121
0.4576960379476873,0.50068711505549,0.04161684699682256
0.4577709520255996,0.5006341568151277,0.04159489115927279
0.45768916960569606,0.5006580273029172,0.04165280309138672
0.45769038378886107,0.5006300848336985,0.04167953137744029
0.4576728614200079,0.5004426796076996,0.04188445897229224
0.4577321859751589,0.5005622347520517,0.04170557927278929
0.45766544066460396,0.5004552616450997,0.04187929769029621
0.4577218357607322,0.5005655902018885,0.04171257403737921
0.45771148775622283,0.500700650831866,0.041587861411911266
0.4577940550412785,0.5006388136219606,0.04156713133676072
0.4576174837716403,0.5004676081563346,0.04191490807202485
0.4577828604352995,0.5005834044709839,0.041633735093716706
0.4577312685109185,0.5006952023835306,0.04157352910555082
0.4575810441003611,0.5006358847250506,0.04178307117458822
0.4577047827269101,0.5006977406885973,0.041597476584492594
0.45772289391569726,0.5005650017319884,0.04171210435231427
0.4577261796360828,0.5006982093447633,0.041575611019153795
0.4578160405166077,0.5007071091612059,0.04147685032218655
0.4577086097132836,0.500699794428003,0.04159159585871354
0.4576172556417005,0.5004989790405964,0.04188376531770338
0.45801042970483896,0.5003475968883058,0.04164197340685535
0.4577003148956406,0.5006936356096093,0.041606049494750094
0.45778431145242837,0.500553524247819,0.04166216429975257
0.45764271772357257,0.5004151810833417,0.04194210119308562
0.4577829670598442,0.5005352446649063,0.04168178827524957
0.45774790410557864,0.5005664861224377,0.041685609771983476
0.45780782483650156,0.5006777527601187,0.04151442240337944
0.4577862567197355,0.5008499268643917,0.04136381641587256
0.45775733954118447,0.5006641101374701,0.04157855032134501
