0,1,2
0.5552923108952057,0.4296044810932021,0.015103208011592291
0.4493347843004775,0.48037063549094255,0.07029458020857991
0.44956620594039676,0.5367067744372016,0.013727019622401469
0.4995852302922337,0.49483457121926283,0.005580198488503446
0.45564453788594,0.527106463268475,0.01724899884558493
0.5107738159891727,0.4807796522845996,0.008446531726228071
0.4077175749591424,0.44477026775609796,0.1475121572847595
0.4985437914963019,0.43337864946409954,0.06807755903959888
0.4300390996960045,0.554866826990845,0.015094073313150429
0.5445372066979667,0.446417704726673,0.009045088575360148
0.4428675395590489,0.5436751672852639,0.013457293155687038
0.4937793113235121,0.48636038792321007,0.019860300753277695
0.4582570184789245,0.527171177579603,0.014571803941472089
0.45244776445925217,0.5042086630949493,0.04334357244579882
0.5051040232563493,0.4856540392246728,0.009241937518978244
0.48154033611691405,0.5066309717093485,0.011828692173737575
0.4863998048540981,0.4749505061360391,0.03864968900986259
0.5261750143855655,0.44822706858396116,0.025597917030473302
0.4861847247745496,0.4905595478416838,0.02325572738376652
0.4604143229132987,0.45703084901320906,0.08255482807349247
0.5399149203241282,0.42903996864230615,0.031045111033566015
0.5200573910580573,0.47202840158304726,0.007914207358895533
0.48488893966248,0.49631958167117024,0.018791478666349427
0.570236562094235,0.42688770142063664,0.002875736485128165
0.22968437986527965,0.22489176401589675,0.5454238561188233
0.35978638928970796,0.6196043868657325,0.020609223844559543
0.4901196468354144,0.4898293080112456,0.020051045153340257
0.3090864914295102,0.3253291333527818,0.3655843752177081
0.3342964775097712,0.5200248757722508,0.1456786467179778
0.5652898203726875,0.4180462552001765,0.016663924427136347
0.48994317972600443,0.5020234883262046,0.008033331947791149
0.4993585961392851,0.4914638377664069,0.009177566094307713
0.49246918020749825,0.4998880432671195,0.007642776525382525
0.4922149710444663,0.4793199260968834,0.028465102858650487
0.48628551272494286,0.5044698748237455,0.009244612451311073
0.4712121040160754,0.5071851263538104,0.021602769630114465
0.531393933415642,0.45868382493277265,0.009922241651585185
0.3145799960172957,0.520895499351047,0.16452450463165733
0.48376716423148763,0.5011455113386724,0.015087324429840452
0.47288529722949135,0.48806514436017473,0.039049558410334126
0.4782432612521522,0.49114986599297467,0.0306068727548728
0.4912516519785736,0.5052090381324409,0.0035393098889854465
0.49125194646392467,0.4927541153594482,0.015993938176626848
0.07830900844994328,0.08302481198516501,0.8386661795648916
0.5042441926654644,0.48010567343316835,0.015650133901366964
0.4715934677295567,0.5004565159432697,0.027950016327173716
0.3689228993948846,0.49553231149174465,0.1355447891133709
0.4623705091674101,0.5139811193443599,0.02364837148823002
0.48866776621768154,0.5000826506524771,0.011249583129841444
0.4469958474102981,0.4984390661201711,0.054565086469530885
0.5429661416383472,0.44864017485819596,0.008393683503457053
0.4647249974100783,0.5129872436751433,0.022287758914778463
0.46151819916393705,0.4930046777876317,0.04547712304843117
0.42758357595201446,0.46334835082375203,0.10906807322423337
0.478457968203979,0.5036933561116465,0.01784867568437415
0.5139047234192435,0.4783326054880166,0.007762671092739737
0.48260723889628426,0.503850986911462,0.013541774192253372
0.4910834519646196,0.5047338354497287,0.0041827125856519105
0.47290801347512135,0.5191218688649475,0.0079701176599314
0.5487625436891359,0.42762688221995054,0.02361057409091355
0.5271262436501173,0.46831878921984305,0.004554967130040023
0.4422540490403529,0.5299947745106525,0.027751176448994976
0.47704594346381757,0.493408808458539,0.029545248077642947
0.4817176145971847,0.5073811925850825,0.010901192817732485
0.4084935849425144,0.5602903574474642,0.031216057610021074
0.41924030002690943,0.4185017049647073,0.16225799500838337
0.22254116602682422,0.3091724850182628,0.46828634895491283
0.43893765556409686,0.44446433239504224,0.11659801204086086
0.46270319427210105,0.508789744166606,0.028507061561293307
0.4782790733426865,0.4543923568221249,0.0673285698351886
0.5367406308826406,0.45134547468317654,0.011913894434182757
0.5121330196262253,0.44815315362776026,0.03971382674601401
0.4625902160543944,0.49768340724636706,0.03972637669923923
0.3653235821528568,0.5866941780604166,0.047982239786726714
0.4716531976097782,0.4921987233039522,0.03614807908626974
0.4873804920289833,0.49784761115386883,0.014771896817147894
0.24101613543211467,0.2754265691046638,0.4835572954632216
0.4501694671913376,0.5366843816282588,0.013146151180403094
0.5000389170684442,0.48137674477637477,0.01858433815518121
0.5696066748692361,0.38633666947002887,0.04405665566073493
0.32441299001557694,0.6641853753018828,0.011401634682540358
0.27794058231628016,0.6061456022916161,0.11591381539210407
0.4250306320622351,0.5582961777973892,0.016673190140375674
0.5186803493752665,0.4691395790274648,0.01218007159726913
0.5013654320501094,0.45427552424211926,0.04435904370777116
0.2487918061549836,0.7499726282479038,0.001235565597112505
0.40441365822584413,0.5883738050613068,0.007212536712849544
0.5217013255433806,0.4649339850075646,0.013364689449054917
0.5279365417574581,0.46804837954890144,0.004015078693640157
0.2606930559299961,0.7357806001800876,0.003526343889916359
0.44397172089447534,0.5397481983958248,0.016280080709700055
0.49353864594417396,0.4884911370994612,0.0179702169563653
0.4004994841399994,0.5811160569114098,0.018384458948590886
0.6910843094553871,0.29932194235846693,0.009593748186145987
0.47195008752628054,0.5064560738886115,0.02159383858510784
0.4933684287254719,0.3969153138438845,0.10971625743064357
0.4832666176920257,0.5013391251143758,0.015394257193597561
0.5029370687731528,0.48362541926908065,0.013437511957766119
0.47523398959888463,0.5093487072415915,0.015417303159523353
0.4540358861486507,0.5291242329193567,0.016839880931992644
0.277603012040802,0.6372630303818352,0.08513395757736268
0.3732201889551509,0.3964742709589342,0.23030554008591486
0.3924882929787513,0.5436499860016687,0.06386172101958014
0.40186385023222854,0.5900131605798641,0.008122989187907182
0.4549505005152599,0.5361072311039659,0.008942268380774167
0.3809917928368742,0.39384504999956094,0.2251631571635652
0.7516111567494395,0.2479149273647768,0.0004739158857840598
0.42206801644425007,0.37556257922377456,0.20236940433197548
0.49828520593316733,0.4671568381946599,0.03455795587217266
0.5126319879433531,0.47659989134455916,0.010768120712087327
0.4464730025674109,0.5194133178101927,0.03411367962239648
0.3286258468878602,0.5730995136058643,0.09827463950627545
0.013924738109166388,0.015147427226654648,0.970927834664179
0.5046144349566245,0.4420618555293181,0.05332370951405733
0.5608858938168978,0.4089578819105978,0.03015622427250434
0.48849059552540514,0.44634237101836766,0.06516703345622708
0.4091613285537625,0.5621108866341625,0.028727784812074834
0.46679373828125775,0.5194595216663953,0.01374674005234686
0.4927368781827521,0.4238203725126506,0.0834427493045972
0.3982701879580512,0.597597697274525,0.004132114767423768
0.47727129454901535,0.5177845939648831,0.004944111486101512
0.46572986412062767,0.529174764308875,0.005095371570497393
0.46856920300539284,0.4837741375572259,0.04765665943738149
0.4876708863552626,0.5094034696757928,0.0029256439689446306
0.4462316604494076,0.5356334885685824,0.018134850982010134
0.45206614314885996,0.5407628751438068,0.00717098170733299
0.4637869449948364,0.5008315141070768,0.03538154089808661
0.4104335195863348,0.5528444190743613,0.03672206133930407
0.394965089611341,0.4452855967708289,0.15974931361783026
0.4247986562807977,0.5266175723818409,0.048583771337361206
0.4772091290768454,0.4958411526145528,0.026949718308602086
0.47663419433288684,0.4788767443470098,0.04448906132010315
0.3339165405534272,0.4066560446120127,0.25942741483456
0.506019617389269,0.47222273859907654,0.021757644011654594
0.4506165637746589,0.5221141954684384,0.02726924075690236
0.5105650984054925,0.44827116080130985,0.041163740793197685
0.45706366917683694,0.5296930887360031,0.013243242087159917
0.5062807640970293,0.45851546474665356,0.03520377115631704
0.5139967715416663,0.4702533842584963,0.015749844199837253
0.3792990051329358,0.5238033302973023,0.09689766456976207
0.4908585900643087,0.4834517285623995,0.025689681373292188
0.4727831643100709,0.5089807907706375,0.01823604491929143
0.5342264337329109,0.4597831735891293,0.005990392677959765
0.268135162896622,0.7289976917779317,0.002867145325446277
0.4859172964206057,0.4562793638873604,0.05780333969203376
0.5009495851672915,0.4914973032518292,0.007553111580879485
0.4693052849197506,0.5181782808585897,0.0125164342216595
0.3946284297756437,0.5719290619053479,0.03344250831900847
0.4987504862528716,0.4959228373254938,0.005326676421634967
0.4831343097406173,0.4749983560642023,0.04186733419518028
0.5090052894697635,0.4750078187377926,0.015986891792444096
0.4714712477476559,0.5155216620011057,0.013007090251238442
0.5338411740075273,0.4620854951017493,0.004073330890723583
0.41936503939962805,0.578162532307784,0.002472428292588108
0.38717834775380205,0.6029633578254013,0.009858294420796792
0.418028112449613,0.4611936213658766,0.12077826618451083
0.4792875676658549,0.4868496596072578,0.03386277272688708
0.41095865343787563,0.5764620595551081,0.01257928700701597
0.49826041936057397,0.4706252081731306,0.03111437246629567
0.42741832268519464,0.4588921630808604,0.11368951423394504
0.4551550004934661,0.5292735303372542,0.015571469169279595
0.3568191526717146,0.6348709413664658,0.008309905961819635
0.4819911983148035,0.4941869298684841,0.023821871816712123
0.3677533227589791,0.6290539590684495,0.003192718172571454
0.480843537852861,0.4999705512707771,0.01918591087636197
0.499498004373307,0.48277743340024626,0.0177245622264472
0.3002094607839385,0.6687988716366308,0.030991667579430712
0.3475424720738703,0.640412631403366,0.01204489652276358
0.47321203869016154,0.5231832649416904,0.0036046963681480703
0.5033891066556607,0.48639104853063886,0.010219844813700115
0.28079862890750734,0.6861677029939874,0.03303366809850507
0.48877348318146085,0.4406455184683119,0.07058099835022735
0.4604363068961181,0.5192951322420079,0.020268560861874407
0.5284721598963759,0.46301255374152805,0.008515286362096544
0.4638562159763489,0.5195794406759543,0.016564343347696936
0.4975750245440912,0.49489110322503016,0.007533872230878737
0.47967485014473193,0.49882359585789027,0.021501553997377767
0.42147953064744126,0.5331787042022046,0.045341765150354506
0.5018706047825464,0.4943908186181211,0.00373857659933222
0.25879470740790067,0.3519239368328075,0.3892813557592917
0.4692159529366504,0.48270785570521085,0.04807619135813881
0.4762665142989277,0.46679442628243634,0.056939059418635606
0.528508327401765,0.45197383582352746,0.01951783677470729
0.5073842362975319,0.4726600069156275,0.019955756786840733
0.5209105399418033,0.47573086371434437,0.0033585963438523747
0.45429839076659934,0.5301255640552397,0.015576045178161298
0.5181985750061187,0.4643543774425825,0.01744704755129907
0.5012927555722897,0.4728505757027845,0.02585666872492558
0.5030073094718467,0.4376957134729048,0.05929697705524825
0.4588322622889882,0.5289333342652113,0.012234403445800702
0.5138635147070607,0.4725848294225981,0.0135516558703414
0.47484201936033626,0.5142979629019142,0.01086001773774949
0.4824879261308731,0.5143190608159438,0.003193013053183137
0.5161363374168361,0.48085698442446595,0.0030066781586981107
0.530900225260506,0.4529604270950854,0.016139347644408237
0.3562699944400996,0.6401114455810942,0.0036185599788062066
0.31661935653520706,0.4058904107905923,0.2774902326742008
0.08088045200630004,0.9191192522111687,2.957825301982837e-07
0.48591660892860566,0.5054018007347736,0.008681590336620781
0.4662083648168253,0.5136695458946576,0.020122089288517032
0.4361482397389844,0.5384013362959409,0.025450423965074822
0.5074008228566809,0.4843568133473093,0.008242363796010236
0.4873459524780106,0.4802090317000174,0.03244501582197234
0.40467616757001584,0.5841100280047996,0.011213804425184302
0.34223116708389745,0.6515233050362993,0.006245527879803506
0.481629030280773,0.4575752897295914,0.06079567998963599
0.4634343702928179,0.46632321353635575,0.07024241617082613
0.36277535869497735,0.6286105632056652,0.008614078099357578
0.4517764487621751,0.5336681954149345,0.014555355822889934
0.49676708911627093,0.49180804261179545,0.011424868271933489
0.4478566061466983,0.5217082563982693,0.03043513745503257
0.24694218205916124,0.4505519139627248,0.3025059039781141
0.39313210416831756,0.5787507758511109,0.02811711998057161
0.508227303244414,0.4778816358428066,0.013891060912779753
0.4566642424342289,0.45001618777802066,0.09331956978775068
0.4664024636174513,0.5298160870543367,0.003781449328212016
0.44078304099266785,0.5347724134889423,0.02444454551838954
0.33326426968432005,0.5357901455327226,0.13094558478295704
0.3793865567851318,0.5134701167089931,0.1071433265058751
0.4487164251073068,0.5279043236118101,0.02337925128088267
0.43278161750345834,0.5421034312936945,0.025114951202847343
0.5014416494498298,0.48609855062521823,0.012459799924952443
0.4977012555197589,0.495455517190222,0.006843227290019054
0.5231202646700629,0.4470466036592084,0.02983313167072843
0.4661624353266258,0.5192641080807453,0.01457345659262904
0.4952384427437062,0.4977929566548025,0.006968600601491585
0.48108514202150304,0.511069395507487,0.007845462471010417
0.42488574277001606,0.44515950817471023,0.12995474905527335
0.45841445532448916,0.5241657368066434,0.017419807868867182
0.5365433023726243,0.4458277779746498,0.01762891965272578
0.25099143382193195,0.6563009867684237,0.09270757940964441
0.17241976340863283,0.3446193793069759,0.4829608572843909
0.473073090377998,0.4704633659174336,0.056463543704568395
0.4834022390612426,0.48016952205396607,0.036428238884791214
0.44964291074053064,0.49749910449968693,0.052857984759782144
0.48682889581680094,0.4236796536986319,0.08949145048456662
0.48463936274309893,0.49654202366823413,0.018818613588667134
0.16180087999819562,0.1576836409360175,0.6805154790657868
0.5040147067853884,0.46579380910813895,0.030191484106472398
0.4957845448338948,0.4978589865816177,0.006356468584487688
0.3513625745937024,0.6440581194848141,0.004579305921483555
0.4117563703625608,0.5706856421384368,0.01755798749900254
0.4832420988733412,0.510930262679379,0.00582763844727986
0.39215489227581296,0.583104048956574,0.024741058767613268
0.5314255857582114,0.44834967191058045,0.02022474233120804
0.4018729531795671,0.5194102995393386,0.0787167472810942
0.46734547693459383,0.5038677944553527,0.028786728610053453
0.49814807009004636,0.4848445303300907,0.017007399579863074
0.21165397199383462,0.37662930063235567,0.41171672737381015
0.4694272724309889,0.42640383154452727,0.10416889602448433
0.46508684143607115,0.49327484474645034,0.04163831381747852
0.5106918291559516,0.4710862770565252,0.01822189378752315
0.49597155315011676,0.4989712958918682,0.005057150958014552
0.4652013191145983,0.47078512988712534,0.06401355099827676
0.44967961837904863,0.4841985525090309,0.06612182911192074
0.47727133285691115,0.5097679106593177,0.01296075648377108
0.4898429466403821,0.4907061483061771,0.01945090505344057
0.49057177411191233,0.4942483203526267,0.015179905535460973
0.2774368957573013,0.2794274840973466,0.44313562014535196
0.4536098920298658,0.5152422912867232,0.0311478166834108
0.47050731310683636,0.5035885433631135,0.02590414353004981
0.4211134676147242,0.5743098070455861,0.004576725339689293
0.484698299700075,0.5101968617466378,0.005104838553286894
0.64882357332161,0.343673020447714,0.007503406230675798
0.45841786012336,0.5240229765057071,0.017559163370933068
0.5621284605107225,0.42609426083201923,0.011777278657257834
0.5081550918918684,0.4765612920619929,0.01528361604613879
0.4825020081072136,0.49793832878067745,0.019559663112109056
0.5070298705275134,0.4808414812076959,0.012128648264790584
0.5199451790088214,0.4666079020798848,0.013446918911293895
0.481929512508651,0.5041397150298378,0.013930772461511025
0.43393609596494126,0.5512479721373935,0.014815931897665452
0.4521579666901808,0.5380647919063911,0.009777241403428585
0.5067656408355217,0.47956310714609107,0.013671252018387368
0.49377261380164605,0.4484979831523447,0.05772940304600915
0.47398623965986053,0.5088745833130873,0.01713917702705181
0.4523915675376089,0.5304655355334319,0.017142896928959102
0.4523114144256636,0.48732910116209854,0.06035948441223757
0.45903476537691634,0.5251553764997728,0.015809858123311003
0.44809046944046815,0.5267689713605757,0.025140559198955834
0.4776631842078336,0.504363193430639,0.01797362236152718
0.5325503694035237,0.4304026180848157,0.03704701251166009
0.47155939316956696,0.5164275478420958,0.012013058988337433
0.45897194754805254,0.526880830102043,0.014147222349904467
0.48783751393289276,0.4929801777857348,0.01918230828137238
0.43291284456522106,0.49618917780601546,0.07089797762876332
0.4666333407439925,0.5155028524580609,0.017863806797946562
0.45691893195102107,0.5120825061109676,0.03099856193801118
0.4159608954943361,0.5089790322972735,0.07506007220838992
0.3255773451700692,0.6735564796573794,0.0008661751725514761
0.266004774816373,0.7336863221668506,0.00030890301677645026
0.397044165657103,0.589026133229418,0.013929701113479003
0.3954372592468313,0.5049956849217464,0.09956705583142238
0.46211843338292163,0.5101616091768815,0.027719957440197108
0.4613033227011235,0.4395633301119649,0.0991333471869112
0.4316729692716208,0.5500113588860115,0.018315671842367282
0.49656743052318386,0.49269043265345025,0.010742136823365776
0.4294558533816302,0.5610682813298582,0.0094758652885118
0.47376481182837704,0.48018755591538215,0.04604763225624083
0.43837565276886503,0.446283538719144,0.11534080851199116
0.4107902935786406,0.5677590671941984,0.021450639227161013
0.46004629279627546,0.5175085865770112,0.022445120626713787
0.4191209858608751,0.5154588365651774,0.06542017757394737
0.37266716101649955,0.4955916213966783,0.1317412175868221
0.5164363196399263,0.47929794201740544,0.004265738342668073
0.53691761016248,0.45247686010794796,0.010605529729572068
0.46671962023102226,0.46609978175796557,0.06718059801101188
0.4584199903176936,0.5165468276199776,0.025033182062328897
0.4882656107150224,0.45350609311025647,0.05822829617472077
0.4898459122673805,0.49800796083312177,0.012146126899497879
0.572342076011459,0.41409873233293387,0.013559191655606786
0.5371311425281388,0.42977476120101316,0.033094096270847646
0.48231263293630994,0.500763216491455,0.016924150572235272
0.4564267253518167,0.529205499669803,0.014367774978380361
0.49337132472084655,0.49674575768148477,0.009882917597669134
0.49914158903053135,0.4915787107965825,0.009279700172886176
0.27589348033571537,0.7211311912061666,0.002975328458118126
0.5406844620218749,0.4540630845525575,0.005252453425567495
0.3740914855784418,0.6140645849605901,0.011843929460968027
0.4344382933432852,0.5214471991955543,0.044114507461160656
0.21603081709959843,0.3412609141708816,0.4427082687295199
0.3904750123242897,0.5931736108744211,0.016351376801288862
0.41773493447155413,0.47206197673215416,0.11020308879629179
0.5883178437784983,0.39668387587006554,0.014998280351436372
0.505009045671368,0.47582516879385406,0.01916578553477822
0.45483446235918235,0.527027887221249,0.01813765041956832
0.4866426530207572,0.5027268806785821,0.010630466300660429
0.41330535744723984,0.5542891051737948,0.032405537378965205
0.4500626973886394,0.5328136171906154,0.01712368542074516
0.5146334872748795,0.467123876341303,0.018242636383817453
0.36638093330698457,0.5400180154376367,0.0936010512553787
0.48132529294294923,0.3909882660179424,0.1276864410391082
0.5111998205560003,0.4853333286513388,0.0034668507926605236
0.34431751147568634,0.6286617520739641,0.027020736450349463
0.17349872378216247,0.20553644356896442,0.6209648326488734
0.503023056214351,0.48809291308623615,0.008884030699412937
0.49826126614463084,0.49611920692623107,0.005619526929138078
0.454530274072741,0.45741956309426846,0.08805016283299096
0.47552686135753186,0.5080155557410613,0.016457582901406777
0.49216596861177964,0.37544968667730644,0.13238434471091384
0.4888676024720164,0.4534709869093048,0.05766141061867905
0.4800816237529324,0.4803401596592889,0.039578216587778596
0.4703792876749123,0.5176434806485505,0.011977231676537237
0.5165587771363314,0.46071216572992024,0.02272905713374848
0.5369949088189382,0.4575838849688807,0.005421206212181197
0.3907595322491439,0.4979370237254888,0.11130344402536697
0.4287051365160339,0.5005218653991692,0.07077299808479683
0.39407958480853056,0.5871670828004402,0.018753332391029175
0.4133248284799098,0.5615078807337268,0.02516729078636345
0.3601266548468322,0.6307693564621412,0.0091039886910267
0.3643268803473495,0.5567806594771929,0.07889246017545756
0.4789190024924655,0.5020999321118631,0.018981065395671636
0.37536758317955365,0.6105261820378196,0.01410623478262628
0.47096827979117145,0.5115101993591117,0.017521520849716716
0.46413133547001995,0.5238513499562721,0.012017314573708226
0.4729676771668117,0.5005987422707028,0.026433580562485872
0.4481088131656324,0.5339656555961414,0.017925531238226704
0.47053375082499865,0.5131270247152981,0.016339224459702928
0.45035321022086683,0.5215400653818013,0.02810672439733137
0.4898846170094755,0.4959307872508343,0.014184595739690444
0.46903067330039155,0.5015685860422308,0.02940074065737749
0.3888575078635077,0.37819657362205306,0.2329459185144389
0.4839855880664716,0.48355409328906995,0.03246031864445877
0.46971870900033036,0.49495849711213413,0.03532279388753474
0.4645235379502658,0.4710926554931899,0.0643838065565443
0.48699825657407414,0.5093281739335472,0.0036735694923784924
0.5181932572294966,0.45453898306577906,0.027267759704724486
0.47542627422714334,0.507060689766771,0.017513036006085766
0.46619789467788536,0.5027982248910177,0.031003880431096937
0.5579328443185659,0.43696939847594746,0.005097757205486862
0.7723070650526381,0.21359266243986402,0.01410027250749813
0.2281737051047391,0.7692931659861958,0.002533128909064911
0.5384224907724225,0.4426453765785806,0.018932132648996774
0.4930971593210879,0.4908295878194371,0.016073252859474807
0.48623993221329903,0.5077665618031684,0.005993505983532886
0.4961265777838553,0.47865537385004725,0.025218048366097305
0.47756518353148836,0.5091651006506527,0.013269715817858893
0.45830725944017,0.5286188706907139,0.013073869869116314
0.4635597698577128,0.488870317257682,0.047569912884605325
0.4612379871412304,0.534345820451076,0.004416192407693753
0.5239064099680606,0.47321345039671425,0.0028801396352256233
0.4433408799100251,0.5541970992032427,0.002462020886732274
0.40769657706341395,0.5791183924315804,0.013185030505005978
0.5484094629936243,0.440466413965346,0.011124123041029558
0.43744858299637673,0.5106136405269078,0.051937776476715596
0.32350506594372325,0.3472700803117842,0.3292248537444925
0.5027574573643171,0.4826475726103325,0.014594970025350531
0.4203985271545158,0.5654576635309521,0.014143809314532192
0.4569397806432605,0.5318514853889077,0.011208733967831598
0.519136315713623,0.47102532602882063,0.009838358257556782
0.4803090415350381,0.49994799903371595,0.019742959431245852
0.451408764796086,0.536772189812081,0.011819045391832494
0.3889564323542595,0.5933159244301976,0.017727643215542627
0.4568826605667035,0.5140596269339041,0.029057712499392742
0.3902490529325835,0.4401804344013854,0.16957051266603143
0.4034314543747749,0.5823013150628449,0.014267230562380226
0.49139378217571816,0.48745980030805613,0.021146417516225317
0.5042003208599609,0.4775262167957063,0.01827346234433282
0.527778196306005,0.4684237129986193,0.003798090695375317
0.47371983720441746,0.5056411340348811,0.020639028760701235
0.3848275912986892,0.5864843549304491,0.028688053770861362
0.35057133468475976,0.3473350355223366,0.30209362979290383
0.46744074789484047,0.5221682123339356,0.010391039771223881
0.5421290816496418,0.4477184326806252,0.010152485669732763
0.439558880361907,0.5442510748849415,0.01619004475315168
0.4184994176929355,0.5641728250987249,0.0173277572083396
0.3022174472848704,0.6964264508481474,0.0013561018669821661
0.3620757920712332,0.6304779839622894,0.007446223966477485
0.4956415604182318,0.4773169375072769,0.02704150207449137
0.3263726350462209,0.30558712458514514,0.36804024036863425
0.14004709986606406,0.12312148573291465,0.7368314144010214
0.3890850499334221,0.5895862097125644,0.021328740354013127
0.3047171004143114,0.6777936326739932,0.01748926691169528
0.49571052036090274,0.49006381990095815,0.014225659738139123
0.397063177437391,0.588118016415785,0.014818806146824072
0.4397928535752975,0.5279542914255367,0.03225285499916594
0.4563088792190685,0.5271123592563867,0.016578761524545158
0.4095114280167963,0.576702665865316,0.013785906117887336
0.06812282928305971,0.9318771367136174,3.4003323835165933e-08
0.36773909211318817,0.6102759367638566,0.021984971122955096
0.4795947490067658,0.4892306408731275,0.031174610120106527
0.3842734174921763,0.48749734777495596,0.12822923473286765
0.5015110748485209,0.4921686535113619,0.006320271640117361
0.34483414038432897,0.6397887589663416,0.015377100649329418
0.5033197563326534,0.4918219169144066,0.004858326752939964
0.4831813828264441,0.4934199571998775,0.02339865997367889
0.3118186255869968,0.6843607905527579,0.0038205838602453496
0.21934844101973308,0.7778698672490778,0.0027816917311892135
0.5238465774779479,0.4701237037251774,0.0060297187968744274
0.48074435275174315,0.5092134250417117,0.010042222206544991
0.4772643865016721,0.5076062059706741,0.01512940752765401
0.47586718168485376,0.49447327423131504,0.029659544083831178
0.3820478318953679,0.5374249061453091,0.08052726195932304
0.5035728502630076,0.4905384537727482,0.005888695964244133
0.4828259816544657,0.5068962243092163,0.010277794036317936
0.32331058669943136,0.3418686522334444,0.33482076106712416
0.4066210467051816,0.5833546759011806,0.010024277393637761
0.5218419053332328,0.46049288031942454,0.017665214347342743
0.4651380469566867,0.5301010958015754,0.004760857241737741
0.5425488250706859,0.44797186020111907,0.009479314728195538
0.35029907842431995,0.6460042925326098,0.0036966290430702512
0.5299544563094993,0.44486276815183445,0.02518277553866587
0.48625638569147234,0.4906074184492776,0.023136195859250107
0.029945980888390136,0.028336842535514002,0.9417171765760958
0.495563412468368,0.49910465927792225,0.0053319282537098115
0.5195397091052936,0.4404600763242942,0.04000021457041257
0.4255379576424152,0.5513646212063588,0.023097421151226087
0.4244010387666122,0.5507596971499549,0.024839264083432958
0.47738113415334904,0.5035113504017455,0.019107515444905767
0.3890534234304021,0.5698393141931548,0.0411072623764427
0.3994310545866759,0.5944773377209058,0.006091607692418443
0.014417637215030329,0.9855823627849661,5.386371566294679e-16
0.4304392952993238,0.5577496017190561,0.011811102981619706
0.4789711808811013,0.5142477680457043,0.006781051073194176
0.48295392483951166,0.49582697895474626,0.021219096205742534
0.48498297578035127,0.45899249601888126,0.056024528200767525
0.5294203783889416,0.4619646489002672,0.00861497271079131
0.2894171353025276,0.6988754208682407,0.011707443829231601
0.42349932913930183,0.5643120983602881,0.012188572500410187
0.4624167300581666,0.5120081380593011,0.02557513188253199
0.4329088213749192,0.5239744250330519,0.043116753592029176
0.4713008201592701,0.5129011279746549,0.015798051866074816
0.4782737022567014,0.5168094676851777,0.004916830058120859
0.379542192351117,0.49208660720977293,0.1283712004391099
0.5778386801376145,0.4193080925370464,0.00285322732533892
0.2593883850496866,0.7313882437412609,0.009223371209052476
0.32133331158097833,0.6698327888663528,0.008833899552668957
0.40204725598253227,0.5468935780160968,0.05105916600137117
0.5095478452753974,0.4797323363589536,0.010719818365648458
0.4679967337789615,0.5164603357544468,0.015542930466591746
0.4338041598768587,0.5487730914871336,0.017422748636007603
0.4382933042549493,0.553415770075083,0.008290925669968039
0.47958441698856163,0.5101315862248039,0.010283996786634516
0.47355749601383,0.510654968787226,0.01578753519894374
0.5091617771226242,0.4798863039727917,0.010951918904584423
0.48512923956484955,0.5036235866751144,0.011247173760035872
0.4859461310636798,0.5036115181412579,0.010442350795062123
0.4507282224636604,0.49930133975016455,0.04997043778617501
0.4959877179776199,0.4839484522024406,0.020063829819939247
0.2597735974247712,0.433635387949421,0.30659101462580796
0.44037163854361105,0.4313697217675086,0.12825863968888046
0.4620930239347326,0.5041280012701891,0.03377897479507789
0.4927768872458175,0.502413307019807,0.004809805734375557
0.484075324001095,0.5041592863736649,0.011765389625240137
0.5385593481423107,0.44566669342518433,0.015773958432504915
0.5207776707350251,0.4520469157593885,0.027175413505586478
0.5492571865852447,0.4308585876220362,0.019884225792719163
0.45408705935920984,0.5277586006013412,0.018154340039448588
0.45836006971385396,0.5277684380777149,0.013871492208431023
0.4705095803026632,0.5200096370527604,0.009480782644576666
0.5100718428435118,0.4851009348849818,0.004827222271506839
0.4841795904348376,0.48294287248655293,0.03287753707860953
0.3446340199465764,0.3549680300826005,0.30039794997082275
0.49807577741354847,0.48746405017816147,0.014460172408290445
0.42104247069566364,0.5673340913139958,0.011623437990341037
0.4063593804681451,0.5558740992591052,0.037766520272749564
0.4809070562053348,0.502320095031239,0.016772848763426197
0.5112800162783661,0.4787081555967671,0.010011828124866692
0.5413187264605758,0.4402904466274521,0.018390826911972077
0.4807543123029448,0.5034725338417916,0.015773153855263677
0.5153580274232078,0.46916466085263353,0.015477311724158655
0.4780727676400005,0.4902288141792068,0.031698418180792755
0.4536550200636608,0.4485718064297894,0.0977731735065495
0.290995536148693,0.3853418667312767,0.3236625971200302
0.5339653800605654,0.4569290329173348,0.009105587022099848
0.24068803821601092,0.25859525091923663,0.5007167108647524
0.5038082590443541,0.49011406742801467,0.006077673527631285
0.5124489075356692,0.4691318766036441,0.01841921586068643
0.4510029708820559,0.46392408982692945,0.08507293929101467
0.48547631868444086,0.49929792951208035,0.015225751803478387
0.48972749433454527,0.49943156801802113,0.010840937647433655
0.4446968381112474,0.5457669304324865,0.009536231456265767
0.46955459094268315,0.5187655713450662,0.01167983771225106
0.5234359236667785,0.45372204462327137,0.02284203170995031
0.5046162015768071,0.4858360019838444,0.0095477964393489
0.5083221797239389,0.4501139830070563,0.04156383726900444
0.4772532049776235,0.4737126047242121,0.04903419029816436
0.4162657806685467,0.5394588296120104,0.044275389719442795
0.4966676609920254,0.48965389165053363,0.013678447357440922
0.5654709221213277,0.42784234215492795,0.0066867357237443085
0.5208819961065092,0.4650147003431859,0.014103303550304792
0.4635469661476084,0.5321797711511659,0.004273262701225673
0.46163704834024843,0.5299553667721664,0.00840758488758535
0.38859741135614256,0.5966420566894045,0.014760531954452887
0.4406106832648497,0.4035187886377598,0.15587052809739013
0.4778320126851001,0.49337227855897703,0.028795708755923247
0.278891453015247,0.7188265899279059,0.002281957056846661
0.6471472831074174,0.340208385431266,0.012644331461316815
0.6631380812671462,0.33095682810050703,0.0059050906323468225
0.5349664275005792,0.44316670698661753,0.021866865512802966
0.5040483845862659,0.48148997644566055,0.01446163896807416
0.48584423296610724,0.502364394212025,0.011791372821867568
0.5127239903808702,0.4644355015138707,0.02284050810525862
0.4873281710296196,0.4967727256001678,0.01589910337021246
0.5016352213451148,0.4597756662220547,0.0385891124328307
0.3228867229370193,0.6574037522484801,0.01970952481450047
0.5131381270350832,0.4742690142555402,0.012592858709376915
0.4101662263445243,0.42343212263858504,0.1664016510168911
0.33624468141928615,0.6373167751869847,0.026438543393729207
0.4206788492052921,0.550273983511243,0.029047167283464723
0.5043030342264129,0.4859294787146296,0.009767487058957462
0.5098095335994849,0.4676386835303477,0.02255178287016794
0.22269043433008454,0.28929404016741983,0.48801552550249544
0.4328217434711319,0.5553445352048924,0.011833721323975647
0.53744173944496,0.45031883530051214,0.012239425254528128
0.339289947232624,0.574168583361326,0.08654146940604958
0.32129093164994665,0.6273986553280035,0.05131041302204974
0.4894695106465378,0.4942333872070263,0.01629710214643567
0.473856089422616,0.5132529714800269,0.012890939097357147
0.34301724365893704,0.5636257857511843,0.09335697058987866
0.42817536450654875,0.5307615354265863,0.04106310006686492
0.5292588467452234,0.4648673666064196,0.0058737866483573355
0.5277036506939455,0.4367184238394275,0.03557792546662674
0.3030162822859108,0.6737881073133761,0.023195610400713173
0.4822893765713843,0.4664225871736593,0.05128803625495587
0.4761325480678623,0.50128396756461,0.02258348436752792
0.48372408163990466,0.5029005217913861,0.013375396568709239
0.4875032913374063,0.49629604806539096,0.01620066059720297
0.5011134525545247,0.4894447444362621,0.009441803009213406
0.4492774405191212,0.5368679348756784,0.01385462460520063
0.4687798803558323,0.5146183912605296,0.016601728383637906
0.4954241079351494,0.49083975208670966,0.01373613997814074
0.41427942048851935,0.5686544419316129,0.017066137579868152
0.573294560946663,0.420338319483184,0.006367119570152595
0.09655199843249465,0.10014213728325806,0.8033058642842473
0.4490289671213764,0.5427502967240879,0.008220736154535658
0.4915495159679494,0.46463174704606935,0.043818736985981176
0.345307846697581,0.5980836834549006,0.05660846984751841
0.4008981120460946,0.5892688087757045,0.009833079178200853
0.5313044665797597,0.4583787803494202,0.010316753070819988
0.4458381362029764,0.5275485015998259,0.026613362197197687
0.40257338300759027,0.595537391979291,0.001889225013119002
0.4663937039251844,0.5119783340779802,0.0216279619968356
0.4840985062198339,0.5102904021434601,0.005611091636705576
0.45979917822081073,0.5096117604869772,0.030589061292212064
0.08355198335815305,0.25455940789063014,0.6618886087512169
0.39520493777014376,0.601305688922689,0.0034893733071672066
0.5503997382204157,0.4363654006402738,0.013234861139310258
0.5734367366886254,0.39356510000666917,0.03299816330470553
0.5213753212714693,0.46558904181219574,0.013035636916335223
0.5321256476634469,0.4636127332365343,0.004261619100018785
0.4962228429451914,0.45888139764310276,0.044895759411706024
0.44207906330603336,0.5215348728757442,0.03638606381822276
0.4696805458290715,0.4945821195530454,0.035737334617882935
0.4768018296652295,0.5037842064540862,0.019413963880684556
0.3058118625576306,0.2518290937802707,0.442359043662099
0.46151556800349436,0.5153141695392112,0.023170262457294772
0.049915268687546824,0.05034043972340991,0.899744291589043
0.48433098870198804,0.4815173175122582,0.034151693785753716
0.44427109837182294,0.5038225199543276,0.0519063816738494
0.45809457431935197,0.5206386240152958,0.021266801665352292
0.25294968874486995,0.28203681727172564,0.4650134939834045
0.47445898046507606,0.5154327254724176,0.010108294062506145
0.4560153954486252,0.5089657397289256,0.035018864822449446
0.37988511098599265,0.5372227063522399,0.08289218266176755
0.439674616468528,0.5468758641252398,0.013449519406232258
0.4894413246481917,0.49010313705341707,0.020455538298391373
0.5023311867697012,0.4918952543660087,0.005773558864289971
0.45855683755996,0.4453121218762485,0.09613104056379129
0.4413131498584641,0.5297620270107272,0.028924823130808488
0.3893090587231213,0.5926530728954867,0.018037868381392014
0.502878307203477,0.4839396636926464,0.013182029103876608
0.5017911404641768,0.49430885838512284,0.003900001150700041
0.42817173792591945,0.5595598373871129,0.012268424686967486
0.4722149858931504,0.5133633569898047,0.014421657117044767
0.4422672867419489,0.5345220809279424,0.023210632330108994
0.47331050304982897,0.5206849884106073,0.0060045085395641845
0.3858307498752327,0.6029890417956979,0.011180208329069598
0.44333385667791547,0.5381417567805368,0.01852438654154804
0.4158972549115552,0.533562159828024,0.05054058526042091
0.5261957342118389,0.46971587728004155,0.004088388508119679
0.424762590692729,0.5378829036475536,0.037354505659717804
0.5010508886310671,0.4654519426901723,0.03349716867876059
0.49615926515743775,0.49080459905620094,0.013036135786360955
0.4208963743103579,0.5648925934968623,0.014211032192779798
0.4832629566253872,0.35928336047996035,0.15745368289465256
0.16871998112325262,0.15115333427966035,0.6801266845970872
0.5223794167222671,0.467550346693202,0.01007023658453115
0.47087354090049416,0.5045727970790993,0.024553662020406212
0.38994420500457583,0.5919207756129693,0.018135019382454827
0.4738664806962374,0.49916168246599657,0.02697183683776563
0.4976888766623237,0.48401681126314144,0.018294312074535263
0.45232571489788903,0.3463307065559871,0.20134357854612403
0.7810731079901521,0.2147475810061506,0.004179311003697324
0.5189047772984567,0.43684142330185943,0.04425379939968377
0.46457423116216395,0.5282222853451128,0.007203483492723428
0.5355541912972233,0.4556376458755729,0.008808162827204147
0.5198684083834714,0.4634855231422496,0.016646068474279067
0.5530181340522141,0.4436264497465772,0.0033554162012083737
0.49602714224613026,0.44500133677204107,0.05897152098182875
0.49085606105767465,0.45473224607094626,0.05441169287137933
0.48547906711774097,0.5118397558858796,0.0026811769963795023
0.6143129950885754,0.36593681048884974,0.019750194422574717
0.5763672366141056,0.41711091695542585,0.006521846430468728
0.44938126180226573,0.44896058489197055,0.10165815330576332
0.46016062849375006,0.536625808953275,0.003213562552974706
0.4110670242350921,0.3730369593857944,0.2158960163791133
0.42978014082315585,0.5565713665178316,0.013648492659012437
0.28585715130476663,0.21038883937040037,0.5037540093248329
0.5042534905096764,0.45858631713763026,0.03716019235269295
0.47509516793509093,0.518767159863477,0.006137672201432065
0.4599536102679791,0.4251301640534692,0.11491622567855178
0.29099679646097076,0.6905891831180441,0.01841402042098522
0.49321650301460057,0.45219567724862597,0.054587819736773416
0.3720988477196865,0.6241159950847451,0.003785157195568609
0.5093376176217246,0.4456878185439882,0.044974563834286684
0.46180898005844856,0.5140059398431477,0.024185080098403276
0.5218532653428686,0.45835536347627526,0.01979137118085607
0.4993206283022892,0.46701484387531844,0.033664527822392494
0.40690236445837275,0.5791339108205176,0.013963724721109756
0.4737273204150496,0.517375809821496,0.008896869763454203
0.48112014638903833,0.5014832356067112,0.017396618004250332
0.42480240951636333,0.46306925758591677,0.11212833289771976
0.5127619888919932,0.4825828706377757,0.004655140470231188
0.44332137126668864,0.4936262457134451,0.06305238301986629
0.413689261797337,0.5729945166126109,0.013316221590052389
0.4866799415246268,0.5003227905632361,0.012997267912136548
0.4999875638653243,0.4862696072049474,0.013742828929728012
0.5120118483867052,0.4521290867109517,0.03585906490234274
0.4573652264761462,0.5395293953617141,0.003105378162139461
0.4002974280638619,0.5955034402147082,0.0041991317214298655
0.3382244858371817,0.64511672195844,0.016658792204378454
0.4958949901406977,0.4976021541920954,0.006502855667206914
0.4902399932967687,0.47870124578072343,0.0310587609225078
0.48896865763868497,0.4873574414335459,0.023673900927768624
0.5020713539533594,0.4750884918826557,0.02284015416398457
0.8907123766507982,0.10928642989194137,1.1934572598257798e-06
0.46758527261960064,0.5088142601459928,0.023600467234406834
0.41715768958549937,0.5449604575617369,0.0378818528527638
0.41489003326998225,0.4887310422364758,0.09637892449354224
0.4976419862039254,0.49268339294932967,0.009674620846744418
0.42625568200501107,0.4372629739675796,0.13648134402740905
0.41137662272260583,0.548877923509163,0.039745453768230944
0.5010646081443599,0.48450420879234385,0.014431183063295888
0.48541862361807747,0.5006961668880956,0.01388520949382676
0.26032405327618946,0.2276789051836619,0.5119970415401488
0.30466410342622496,0.30825004844679155,0.3870858481269836
0.49841591426450926,0.49587496039021783,0.005709125345273168
