0,1,2
0.49233563700377514,0.49166802940088883,0.015996333595336087
0.40149702582575275,0.42333082515571974,0.1751721490185276
0.44976780532974425,0.5354667574309746,0.014765437239281337
0.45294627040392643,0.5294351072752314,0.017618622320841968
0.47119316888991053,0.5222387535893586,0.0065680775207308485
0.4537926626992904,0.5359089742951246,0.010298363005584923
0.45995757521977193,0.522259063902282,0.01778336087794586
0.45604419163916377,0.5314388870475504,0.012516921313285877
0.4556456545626578,0.5379630381603795,0.0063913072769627875
0.46904871137826176,0.5076390142653197,0.023312274356418507
0.4508542153856203,0.5369599791604395,0.012185805453940294
0.4604072145949014,0.5297572450518279,0.009835540353270679
0.46492025415188626,0.512444909954557,0.022634835893556762
0.46714533945379055,0.4949617932023575,0.037892867343851895
0.4652740449324344,0.5136476793668673,0.021078275700698257
0.438243778110536,0.5477094369447898,0.014046784944674255
0.4866517582454378,0.5018720060483814,0.011476235706180789
0.4848918650060616,0.509881802003364,0.0052263329905744985
0.47699669216691076,0.5175785884335554,0.005424719399533912
0.4951862680077003,0.49269617159826057,0.012117560394038917
0.4934363142160366,0.4973829170069157,0.009180768777047507
0.43286592574974925,0.34562633612881943,0.2215077381214316
0.46028247744168865,0.5303797140264274,0.009337808531883849
0.5059195364879898,0.47744723708910203,0.016633226422908126
0.4886028645917946,0.4969204914561627,0.014476643952042585
0.49543428679040385,0.49567181016185213,0.0088939030477441
0.4913309761380791,0.4603078659142645,0.048361157947656344
0.4639723428987008,0.5242071842954275,0.011820472805871627
0.4604732099695035,0.48670689370084075,0.052819896329655905
0.4502339584349177,0.5062848355984816,0.043481205966600565
0.4733883509161295,0.47961229670093575,0.046999352382934886
0.4723355466847951,0.5238485509330052,0.0038159023821998112
0.4837454296513838,0.5099610424438329,0.006293527904783444
0.4677571960220982,0.5000654222554326,0.032177381722469166
0.4716435692932772,0.5113552810272816,0.017001149679441288
0.47467280181397875,0.5207733617800119,0.0045538364060092994
0.45736325499815517,0.516791382655275,0.025845362346569953
0.45195607404025534,0.5404758618619411,0.007568064097803661
0.5105631957226314,0.47486484898279324,0.014571955294575377
0.4777440089755615,0.5164623342127576,0.005793656811680767
0.44247111455830174,0.5230720842735805,0.03445680116811776
0.4578101373628119,0.5234873912305213,0.0187024714066669
0.4532543261193591,0.5037366977759075,0.04300897610473331
0.42614088699045,0.563018440808373,0.010840672201176888
0.44510984492356964,0.5391855758991572,0.015704579177273185
0.24001882732161137,0.22296444617457753,0.537016726503811
0.4374414799938975,0.4877634908483591,0.07479502915774336
0.4697459283373421,0.5060950181053094,0.024159053557348344
0.46966804878841095,0.5248353844271099,0.00549656678447925
0.4621943442345801,0.5140194959894128,0.023786159776007152
0.45866544854433255,0.5314547850700208,0.009879766385646816
0.4666638272101457,0.5298869506628523,0.0034492221270021333
0.47217648122842115,0.4926925823282569,0.03513093644332203
0.44802350813826863,0.5420209338976045,0.009955557964126876
0.49145964274331644,0.46502726753061824,0.043513089726065324
0.4612950732562863,0.5330005774978963,0.005704349245817372
0.44539484450176703,0.5235765243050289,0.03102863119320387
0.4707806903112877,0.5139741524884275,0.015245157200284855
0.5161742987280411,0.44645776571971063,0.037367935552248335
0.4788025484049133,0.4845694035459138,0.036628048049173
0.46536307064769267,0.5200817096214224,0.01455521973088484
0.48736678666088024,0.5046714674991143,0.007961745840005528
0.4607197334869202,0.534139137782513,0.0051411287305668605
0.46858706245393666,0.5274631349711274,0.003949802574936081
0.4958136352284228,0.49595649224966537,0.008229872521911801
0.48962887145475353,0.5062193901993494,0.004151738345897084
0.46732541135110583,0.49414107645924726,0.03853351218964679
0.463055645386335,0.5196490349659033,0.017295319647761452
0.4801812907860823,0.5136370941703231,0.00618161504359449
0.4593516603675594,0.5168973270740483,0.023751012558392546
0.45553939039925795,0.5332627380888442,0.011197871511897745
0.47781697312418625,0.5039383960365598,0.018244630839254147
0.468411687021532,0.4933188024934143,0.038269510485053476
0.4490820590996897,0.5374954888902035,0.01342245201010688
0.4670554246805083,0.4845096586646019,0.04843491665488983
0.4486112900508159,0.5146756360414148,0.0367130739077694
0.46369994473465825,0.5116358950111582,0.024664160254183252
0.44868646903526815,0.5384818491976574,0.012831681767074435
0.48187808737927756,0.5143258111805736,0.0037961014401488805
0.4135117343228766,0.43906629784487233,0.1474219678322511
0.45476620960692415,0.5340387790908327,0.011195011302243043
0.4668006278785533,0.5300808897528682,0.003118482368578535
0.4532972282443853,0.5322610243587182,0.014441747396896637
0.46883130369250026,0.5280413851535412,0.00312731115395862
0.47394336655259833,0.5146070477522818,0.011449585695120014
0.4994315329482776,0.49184739970892666,0.00872106734279581
0.45773291921254755,0.5305575968760305,0.011709483911421627
0.49621496702238,0.49844114645536963,0.005343886522250259
0.49026038060428156,0.5050592162137665,0.004680403181951888
0.4132464011727492,0.43884504295058124,0.1479085558766695
0.49094693721507676,0.493265523163024,0.015787539621899244
0.1059881683316269,0.08750474939027153,0.8065070822781018
0.46598819887272397,0.5272411885709186,0.0067706125563573045
0.44655081814819503,0.5429328574842716,0.01051632436753329
0.46604341093380286,0.5311128629430467,0.0028437261231503675
0.48313854677659146,0.5093675119783833,0.007493941245025174
0.5074117282909594,0.4695521109233792,0.02303616078566139
0.445506188272094,0.5365512665781346,0.01794254514977133
0.47414188910568417,0.5114985067583426,0.014359604135973132
0.45817834244520284,0.5228593731049664,0.01896228444983091
0.47063696913386893,0.5258725109136495,0.003490519952481644
0.4893367112346727,0.41227883662463244,0.09838445214069484
0.4646058437097431,0.5110047139084685,0.024389442381788196
0.4584325981033189,0.5312512042663762,0.010316197630304781
0.45436267063723657,0.5267830568841539,0.018854272478609508
0.45889016229436397,0.5126421426717975,0.028467695033838593
0.45042188031512853,0.521932372109296,0.027645747575575495
0.4608569709322293,0.5152879551049285,0.023855073962842217
0.4432160885733341,0.5417025242973477,0.015081387129318152
0.4715107224318867,0.46725572125004466,0.06123355631806861
0.46264387268618756,0.5250151488965226,0.012340978417289651
0.47490781484584293,0.5217384880685081,0.003353697085648944
0.44900851942424963,0.5354957430515033,0.015495737524247313
0.46342560604880806,0.5052620015270343,0.031312392424157634
0.46469888676186216,0.49999121985426837,0.03530989338386942
0.43602977245792024,0.4528437604422911,0.11112646709978864
0.48240284175697384,0.5139935403336109,0.003603617909415305
0.45111621218821535,0.525432202384137,0.02345158542764786
0.46484107306393985,0.514262117863165,0.020896809072895053
0.470919264759014,0.5256122532320218,0.0034684820089642718
0.45826818967863203,0.4953062657551525,0.04642554456621551
0.4884288001695217,0.5001975507618646,0.011373649068613816
0.4941544301590724,0.5000025574492376,0.005843012391689756
0.4727672537133361,0.5226077030403963,0.004625043246267572
0.4965198842955307,0.4983533777075291,0.00512673799693999
0.4669962964617112,0.5083610365460046,0.02464266699228421
0.45755670130816567,0.5292041850226492,0.013239113669185204
0.45637412712574815,0.5298088114829127,0.013817061391339213
0.4728542178181849,0.5232638677778032,0.003881914404012004
0.4566727293351128,0.5295298508278594,0.01379741983702748
0.4965562152899033,0.4976873249488202,0.005756459761276521
0.46336725207516727,0.5058037689066748,0.03082897901815802
0.4568421305820358,0.5226524811005113,0.02050538831745273
0.45238810652479616,0.5361031950030832,0.011508698472120651
0.4424222606005426,0.5414734026592466,0.016104336740210872
0.44713403399453433,0.5448380699833226,0.008027896022143132
0.4769228128357546,0.5178007312421816,0.005276455922063705
0.4535929742121121,0.4499226710763152,0.09648435471157277
0.4657606932707848,0.5079333381655929,0.026305968563622138
0.4376623207655881,0.46242600100507264,0.09991167822933936
0.44662389636937494,0.5406602121982226,0.01271589143240255
0.4486138464081234,0.5408788745479994,0.010507279043877134
0.45408507970205575,0.49267319731820514,0.05324172297973917
0.4841931201455523,0.5068386201430949,0.00896825971135274
0.41514443032803067,0.5278513151703407,0.05700425450162867
0.45467576377922964,0.5118912140429469,0.03343302217782329
0.4689706135289955,0.4542526232519872,0.0767767632190172
0.4725783012261658,0.5241471351315855,0.00327456364224876
0.4587805891423987,0.5135478651646568,0.027671545692944464
0.46161579319338203,0.526193456633425,0.012190750173193047
0.44695847230698643,0.5115459162722085,0.04149561142080495
0.46377527743922936,0.5164755544857182,0.0197491680750524
0.44287204070923164,0.486828394483172,0.07029956480759632
0.4526474360671746,0.5388308076555386,0.008521756277286746
0.451408450837067,0.512988651373106,0.03560289778982704
0.4673778419521498,0.5112560497681959,0.021366108279654177
0.45740750968764304,0.48181774014162604,0.060774750170731084
0.47854856461411027,0.5174785151101339,0.003972920275755729
0.4791033802678795,0.5160381879373287,0.00485843179479173
0.47060537563422333,0.5009447345816076,0.028449889784168885
0.36559412948068226,0.3381467784090838,0.296259092110234
0.19098574113400227,0.15721672603468215,0.6517975328313156
0.48999711442741034,0.4977356341063966,0.012267251466193035
0.48367390818211536,0.5009731419991237,0.015352949818760838
0.49389956821711145,0.4983635376352708,0.007736894147617767
0.5090000839691703,0.4656042620650704,0.025395653965759345
0.45381374456005574,0.528927690280011,0.017258565159933296
0.4832366608720797,0.5004191494365625,0.016344189691357865
0.4357495652693172,0.5438486861444547,0.020401748586228247
0.47175070290610444,0.5212326818892885,0.0070166152046070435
0.4480580628063631,0.5285871551546684,0.023354782038968645
0.4526501498660676,0.5364207995890026,0.010929050544929842
0.477696820950225,0.5189537658983746,0.0033494131514003973
0.4469941833080043,0.5141906675858537,0.03881514910614193
0.467145036678782,0.5245445012724115,0.008310462048806469
0.4732853616913728,0.5210886204500923,0.005626017858534864
0.4531347390579663,0.5400370276262206,0.0068282333158129725
0.4690450153435536,0.5275726104430026,0.003382374213443839
0.46340679654253736,0.519582999149179,0.017010204308283407
0.4834695697011655,0.5101697958489964,0.006360634449838049
0.4624657753212096,0.5284199730229816,0.00911425165580881
0.4485847390325405,0.5174617917964539,0.033953469171005626
0.4873133800510695,0.5032268668564793,0.009459753092451091
0.44719544996552196,0.5117307072521834,0.041073842782294326
0.37215430886891065,0.3555806526201294,0.27226503851095996
0.4672913763408096,0.49341597020215133,0.039292653457039
0.4644943425036881,0.5209132032386004,0.014592454257711778
0.4646221325018534,0.5192658126645623,0.016112054833584046
0.4645730301713158,0.5201807736712147,0.015246196157469282
0.3818011307077365,0.2835187738672791,0.3346800954249845
0.4645897895460168,0.48015365010182925,0.055256560352154066
0.48182978122315984,0.5148852924468559,0.00328492632998421
0.4876384148690851,0.5051290163026401,0.007232568828274712
0.45801099730862377,0.530212598716798,0.011776403974578067
0.47369590483626367,0.5220307144149304,0.004273380748806072
0.45424787992314636,0.5347500963643034,0.01100202371255036
0.48689114610400963,0.5053091452198691,0.007799708676121091
0.4977663442805076,0.4903937019809212,0.011839953738571291
0.4660066377161099,0.5246175361679504,0.009375826115939614
0.47266355365808105,0.52334730350765,0.003989142834268904
0.4680711332351067,0.5159064251279354,0.016022441636958065
0.4404319598344791,0.5448613258224206,0.014706714343100466
0.44009639292376745,0.5287936257100738,0.031109981366158702
0.44533298958067963,0.49097764500448926,0.06368936541483113
0.4465676457181924,0.5308296720781964,0.022602682203611064
0.27995855597290786,0.23650659864795812,0.483534845379134
0.4619526553644364,0.5273913828524722,0.010655961783091122
0.4023279150784095,0.47099086665385204,0.1266812182677385
0.46740706565009393,0.45359629300099796,0.07899664134890799
0.4698174121188149,0.5268783803779187,0.0033042075032664424
0.4634923651663586,0.5256542529589265,0.01085338187471505
0.45993430340796465,0.4962785743858062,0.043787122206229045
0.49978104231515974,0.49010813966944416,0.010110818015396072
0.4582636798545473,0.5032020084805139,0.03853431166493896
0.47997207059501673,0.4176123964530743,0.10241553295190907
0.4784102848374201,0.4968443627171652,0.02474535244541455
0.4523267198301708,0.5388557268068327,0.008817553362996515
0.46826872862999486,0.49891194252733834,0.03281932884266682
0.4640162600774728,0.5270531493012328,0.008930590621294613
0.45196528411815656,0.4669939671393051,0.08104074874253837
0.4554367239990718,0.5316056413398375,0.012957634661090713
0.4572082553865387,0.5253615935711751,0.017430151042286228
0.4456127165143614,0.5396020846008479,0.014785198884790768
0.43965134587603494,0.5369977725014594,0.023350881622505794
0.4632087641773673,0.515177753467854,0.021613482354778498
0.46510827288765677,0.5042961184177741,0.03059560869456917
0.47946272009517227,0.5163182574528922,0.004219022451935526
0.4773114837330357,0.5086098986276967,0.014078617639267528
0.4885953061894193,0.5018562406305267,0.009548453180053944
0.40934291805697565,0.46443539875811163,0.12622168318491275
0.447529811516363,0.5273110864984535,0.025159101985183587
0.4934602740674982,0.497813648922385,0.008726077010116757
0.4621466439054644,0.5268338976806828,0.011019458413852786
0.5021868381208456,0.4758980074600799,0.021915154419074514
0.4989354650607021,0.49550605612165377,0.005558478817644153
0.47775635108305,0.5180629336921966,0.004180715224753481
0.22128336064119486,0.18664482900481427,0.5920718103539908
0.46055917717265626,0.5281154302625969,0.01132539256474686
0.3244646605313692,0.2948335677206569,0.38070177174797387
0.2279375032662724,0.18748718012602478,0.5845753166077028
0.46420365693932053,0.37402075191105283,0.16177559114962653
0.46100230216635446,0.532467875750877,0.006529822082768676
0.4676009221302959,0.5059011623638386,0.026497915505865364
0.4464867889538142,0.5406425006729245,0.01287071037326144
0.49074516222037506,0.49337326931199005,0.015881568467634888
0.43203794057322603,0.5341189234746356,0.03384313595213839
0.44489910914201736,0.5224156853328022,0.032685205525180526
0.45144026695051426,0.5150079931394851,0.03355173991000075
0.4520128183190913,0.534928760737522,0.013058420943386469
0.45912830659305026,0.5142814910354533,0.0265902023714963
0.47217205979095345,0.5231645746624547,0.004663365546591906
0.4647082962956729,0.5289259777053332,0.006365725998993743
0.4502732898496254,0.5292864513661382,0.0204402587842364
0.49544164632835513,0.4936495013779269,0.010908852293717804
0.45869666420549066,0.5295688865030994,0.011734449291409895
0.47312293822945256,0.5027347836743923,0.02414227809615521
0.4937245243905749,0.4989897996823347,0.007285675927090535
0.4529760806247583,0.5303588352260579,0.016665084149183808
0.4769182550252539,0.5145137074362471,0.008568037538498928
0.4544577655234855,0.5025037204970882,0.04303851397942632
0.4707595579132348,0.5254418436721909,0.003798598414574267
0.4462908605985243,0.5422097346589808,0.011499404742494963
0.44603084147358074,0.37221010232398666,0.1817590562024326
0.47744352057652545,0.5163243527028163,0.006232126720658382
0.4489577506209236,0.5404406672915097,0.010601582087566654
0.4793501731104951,0.5173937626540376,0.003256064235467404
0.47494595094200104,0.522309003536135,0.0027450455218640227
0.4839975687196194,0.5092782719468115,0.006724159333569137
0.46812842180058256,0.5277378135745996,0.004133764624817752
0.4942873850199513,0.48405257713043337,0.021660037849615406
0.4648495547703862,0.4340590390784901,0.10109140615112389
0.4698261240045653,0.5011369384766816,0.029036937518752776
0.47202460410148145,0.4946494338505719,0.03332596204794674
0.49531763914057486,0.49744440663119566,0.007237954228229473
0.4823336856622296,0.5137168729996512,0.003949441338119043
0.459491554809417,0.530548530726706,0.009959914463876993
0.4657958007523719,0.5222920435120972,0.011912155735530986
0.4600705207936757,0.5296649449825812,0.010264534223742862
0.44409905198303734,0.5386806057724046,0.017220342244557832
0.43461193392420205,0.5370325879179604,0.02835547815783767
0.43455723993491074,0.4264762086846193,0.13896655138046998
0.2538347445534982,0.20004846392613657,0.5461167915203654
0.4777455117464508,0.5160546679562866,0.006199820297262482
0.48220040559698313,0.5133140756047898,0.0044855187982270886
0.45289042182021133,0.5345680300517864,0.012541548128002204
0.47215683476110204,0.45997420207761797,0.06786896316127995
0.2783766511991102,0.2381999742337958,0.48342337456709394
0.46944666997807993,0.5269078714641982,0.0036454585577219752
0.483817933798432,0.5103114489261267,0.0058706172754413345
0.4663624879855694,0.516200986056574,0.017436525957856597
0.04616045864422209,0.033511813940419466,0.9203277274153586
0.44598915744222284,0.5420661513590116,0.011944691198765525
0.4627636256807092,0.5107960070086092,0.026440367310681417
0.4389799908288668,0.43623386584648566,0.12478614332464763
0.4683040117967499,0.4996277303755984,0.03206825782765147
0.45495224054950034,0.5254987093233805,0.019549050127119078
0.4401750884691797,0.4339330821578225,0.12589182937299775
0.461419411930153,0.5263992988581392,0.012181289211707809
0.46495467242627947,0.5149153095129971,0.020130018060723405
0.44721345269049584,0.43852665976544725,0.11425988754405693
0.46331934449091505,0.5205568109856955,0.016123844523389535
0.4656498479052601,0.5044915998731088,0.02985855222163105
0.47452411446450227,0.5211679875769069,0.004307897958590888
0.47506856090437755,0.4822510340404342,0.04268040505518828
0.4517438599940538,0.5343481838070959,0.01390795619885027
0.4502243780353759,0.5029040826454878,0.04687153931913636
0.4518695153412124,0.5362180557427451,0.011912428916042361
0.46423979608524285,0.520360546327811,0.015399657586946
0.4693762726031343,0.4768793152774801,0.053744412119385424
0.48697439413314525,0.508612492140663,0.004413113726191772
0.4536219178614649,0.512549825191757,0.03382825694677814
0.4452822917651623,0.47245033362615896,0.08226737460867853
0.4424539746142448,0.5384529265772896,0.019093098808465797
0.47485970529025573,0.5171052202405212,0.008035074469223063
0.46499760398622414,0.5155347096233444,0.019467686390431522
0.45351690985293447,0.536030749446181,0.010452340700884466
0.4631257375081977,0.5029063459919697,0.03396791649983248
0.3906126615519042,0.40909565106396106,0.20029168738413464
0.44849145063487156,0.521926058949191,0.02958249041593746
0.4914510853935169,0.5019879289340073,0.006560985672475779
0.4688003544522632,0.512926622327861,0.018273023219875603
0.468984053256359,0.517695240267376,0.013320706476265137
0.48145788393548905,0.5139400340259103,0.004602082038600684
0.4992626638722976,0.4935588737818289,0.007178462345873426
0.44937136449822196,0.5420775649504379,0.008551070551339994
0.4699578103283901,0.5013406051198454,0.028701584551764456
0.4469004051379983,0.5321815006648505,0.02091809419715139
0.4611506698693816,0.5358886751438728,0.002960654986745652
0.45162066890697133,0.5289604136725053,0.01941891742052338
0.4673189123123317,0.5271363439969919,0.0055447436906764245
0.47595147705292074,0.5197239628794144,0.004324560067665066
0.40164292863208295,0.3701161435524393,0.22824092781547775
0.4221285482364748,0.556170593511282,0.021700858252243292
0.47560554061854016,0.5188316581296055,0.005562801251854306
0.44573171162831277,0.5429664343077851,0.011301854063902057
0.4517498828670042,0.5376890030520405,0.010561114080955284
0.4544329633026558,0.4589908288041018,0.08657620789324229
0.4879425524976925,0.4947302066103286,0.017327240891978794
0.44282949276518974,0.523627833636012,0.0335426735987986
0.45731612770150754,0.535362099177674,0.007321773120818566
0.44883799929025653,0.5339715538639818,0.017190446845761626
0.45645929589334133,0.5250741794700055,0.01846652463665325
0.41704116387901147,0.43722015861969316,0.14573867750129524
0.4495274612379592,0.5340103550634429,0.01646218369859775
0.44767582294125813,0.5392928585273044,0.013031318531437526
0.48619609923936546,0.5082575362949298,0.005546364465704725
0.4841984012858684,0.5102288107492382,0.0055727879648934915
0.05587783448844463,0.03355573152682419,0.9105664339847308
0.45431399995963934,0.5206358138965635,0.025050186143796987
0.4513148779859305,0.5107022868454991,0.03798283516857035
0.4485463151424481,0.5370153618789224,0.01443832297862943
0.45284944060603355,0.5094441307852784,0.03770642860868807
0.4657066268957212,0.5225823906534854,0.011710982450793314
0.47169256557258593,0.5195724073828456,0.00873502704456847
0.44864046125255264,0.5368309287479059,0.014528609999541609
0.4684697799941764,0.5165992018718434,0.014931018133980114
0.43081105725391783,0.4368654753639687,0.1323234673821134
0.4818352339510536,0.5101765149256969,0.007988251123249569
0.4591667118185538,0.5181641602331035,0.022669127948342575
0.4876149105699034,0.5071711795395576,0.005213909890538926
0.46094876247701977,0.5281962630887521,0.010854974434227891
0.3589892853548774,0.3208446736615804,0.3201660409835421
0.48431569410558767,0.5086350886911274,0.007049217203284951
0.4835618416044501,0.5067459887714376,0.009692169624112285
0.45452506973235557,0.46487245301845087,0.0806024772491937
0.48489461114158444,0.5073223549409622,0.007783033917453248
0.491572134401574,0.5031345349739124,0.00529333062451376
0.46912125901158325,0.5118332705008714,0.01904547048754547
0.4811140795357113,0.49444372970767264,0.024442190756616033
0.49801335997024304,0.4927519403433858,0.009234699686371054
0.4935566428659129,0.4861830082775477,0.02026034885653946
0.479001830078291,0.5182152605856792,0.0027829093360297484
0.22326969338561897,0.1851940904102289,0.5915362162041521
0.4612671792777828,0.526137290383489,0.012595530338728126
0.474334588190495,0.5204340860598113,0.005231325749693617
0.47559218604965425,0.5006342104675477,0.02377360348279802
0.4888588645652279,0.5047781263173409,0.0063630091174312585
0.49790719104672376,0.49133644538405236,0.010756363569224003
0.4546842879687,0.5361190861133731,0.00919662591792676
0.4906415198331815,0.5030576722910355,0.006300807875782944
0.45928336217888255,0.5164487245416847,0.024267913279432746
0.4567341707301002,0.44347495155209327,0.09979087771780666
0.5074994414034282,0.443633806349739,0.048866752246832755
0.4933158106460471,0.4903468091330366,0.016337380220916336
0.4588135027633872,0.5327103934488983,0.008476103787714618
0.4625892737374533,0.5192978190928415,0.01811290716970522
0.45138077379707514,0.532222448619283,0.016396777583641886
0.4600144937398897,0.5098318081530397,0.03015369810707084
0.46264022706223146,0.5173559866203409,0.02000378631742754
0.49442092621948686,0.4966169532152152,0.00896212056529782
0.43971351813266296,0.542818645261216,0.01746783660612109
0.0019511693141149248,0.0011899126479716702,0.9968589180379135
0.48025682247131973,0.5174267712267984,0.0023164063018819496
0.2560382946227288,0.2447732176915471,0.49918848768572405
0.5101973480091577,0.4721892950775425,0.017613356913299804
0.5017125943400956,0.48520841370292744,0.013078991956977076
0.49079362261639004,0.5017022576291269,0.007504119754482827
0.468915778077995,0.49551983971546315,0.03556438220654192
0.46493814793337984,0.5134032453997154,0.021658606666904737
0.4636550617752884,0.4970714071698453,0.039273531054866404
0.45453247951302483,0.5192219534350764,0.026245567051899014
0.4954486365680847,0.4784741384062089,0.026077225025706467
0.4429021370253868,0.5357562763829063,0.021341586591706825
0.48851491153919524,0.4579452631762985,0.05353982528450615
0.4876440894000801,0.5085995478738163,0.003756362726103595
0.4568872334497234,0.5320438857748144,0.0110688807754622
0.46915965289878026,0.5194577256607781,0.011382621440441599
0.44635904511472674,0.48060782504982474,0.07303312983544846
0.4348944371349089,0.5411892487535089,0.02391631411158235
0.38735120489094854,0.4219974192323533,0.1906513758766982
0.4391719294739706,0.5312917086556052,0.029536361870424344
0.49268176577201955,0.49677553636851046,0.01054269785946995
0.46806545415016976,0.5220445545336874,0.009889991316142934
0.4546297632471106,0.5090337126079577,0.036336524144931846
0.4753033361202373,0.5210924517907215,0.0036042120890413024
0.4965171428307807,0.4960910078791904,0.007391849290029063
0.48325796375944113,0.5104377358967683,0.006304300343790485
0.4783612293339797,0.5144749409850565,0.007163829680963727
0.42813683029067334,0.5491100623984102,0.022753107310916246
0.4924866141701412,0.4937529022970612,0.013760483532797563
0.4536070462566861,0.5295402743824199,0.01685267936089411
0.4518678300137822,0.5329687261433205,0.015163443842897107
0.4530912358134751,0.4778048241944838,0.06910393999204109
0.4763644885255664,0.5179127088152653,0.0057228026591683
0.46739172776193655,0.5192235981460944,0.01338467409196935
0.4378756406097824,0.4285188744661258,0.13360548492409166
0.4544432765331443,0.5338065926200938,0.011750130846761811
0.4967772945682369,0.49283682020019337,0.010385885231569837
0.491452932889657,0.5010839386603926,0.007463128449950353
0.4652700181078308,0.513885726646372,0.020844255245797198
0.4121700718485617,0.38943224393985704,0.19839768421158105
0.49453784046103255,0.49615702080328383,0.009305138735683649
0.4654118026213021,0.49693720557561355,0.037650991803084254
0.4011893135074291,0.38742165886406843,0.21138902762850256
0.44776773235035205,0.4612692251651194,0.09096304248452877
0.48876665924392015,0.5053223747340827,0.005910966021997291
0.4067785251158177,0.38671219289950903,0.20650928198467336
0.44417276036286124,0.5123126141272948,0.04351462550984407
0.4513974577417888,0.5411981735939084,0.0074043686643027054
0.4652368311317208,0.5304571000919982,0.004306068776281066
0.45191107606592207,0.5239414486894883,0.024147475244589482
0.445355547409755,0.5317918787234228,0.022852573866822306
0.45467632034072586,0.5305171459496749,0.0148065337095993
0.47993961080731357,0.5089980782864945,0.011062310906192025
0.5008414803476358,0.46396674899229545,0.0351917706600688
0.47677703247235975,0.5207710709097809,0.0024518966178593304
0.24561703814385036,0.22245386426687544,0.531929097589274
0.452931131122711,0.5348470921112661,0.012221776766022974
0.5018883815617359,0.4679344960446713,0.030177122393592833
0.4802331714714504,0.515490997241946,0.004275831286603541
0.4737333206892715,0.5175974516477728,0.008669227662955711
0.4531083652385531,0.5261650283311889,0.02072660643025791
0.4546557239697644,0.5184939070418777,0.026850368988358277
0.47587326808168273,0.5187497641899171,0.005376967728400289
0.46512153677632073,0.5141362442670888,0.020742218956590626
0.46841545075869545,0.528276514181367,0.00330803505993756
0.46000915663673253,0.5308533777226999,0.009137465640567544
0.4144169654272739,0.41296256210613524,0.1726204724665908
0.4412238228909585,0.4256902051042647,0.13308597200477668
0.4505177320043445,0.5117469375617626,0.03773533043389311
0.46179771534358316,0.4997323389586095,0.03846994569780723
0.45299083583264543,0.46185043132608194,0.08515873284127282
0.44361789775525323,0.5051893475490534,0.051192754695693406
0.44307658712526954,0.5434755579730314,0.013447854901699105
0.4757722217971932,0.5199172053508265,0.0043105728519803556
0.4784036510886232,0.507047738959997,0.01454860995137984
0.5023230133650312,0.47481081925273744,0.022866167382231434
0.4667345583416515,0.5296973123938186,0.0035681292645299723
0.47874912949578435,0.5177763385863274,0.003474531917888303
0.47566264250108486,0.5214070075261023,0.0029303499728128442
0.4628201796963772,0.5111728261283085,0.026006994175314456
0.41448926360615634,0.37148640150230205,0.2140243348915417
0.4908492333179822,0.4964481495293045,0.012702617152713244
0.2827347103190137,0.2571027571269908,0.46016253255399536
0.4656362931943787,0.5243263137518076,0.010037393053813749
0.45751801753222726,0.5084016976804963,0.0340802847872765
0.44315487410257715,0.5460538471713416,0.010791278726081183
0.443522537024205,0.5336093125493144,0.02286815042648053
0.43918757854561924,0.5400051703922402,0.020807251062140427
0.4616793726212697,0.503081218719152,0.03523940865957814
0.41934575422822423,0.5585377674903189,0.022116478281456978
0.45028292733405373,0.530983657984349,0.01873341468159716
0.4690168382502813,0.5274032941836794,0.0035798675660393734
0.49205612927582254,0.50169045572278,0.006253415001397541
0.47285548562941004,0.5151396296069676,0.012004884763622261
0.4552885832586763,0.5217794533133555,0.022931963427967984
0.4595667915756845,0.5328183451176516,0.0076148633066639914
0.44789330786522824,0.5413325951299515,0.010774097004820302
0.4561488863270892,0.5353107166737806,0.008540396999130017
0.4479361207102153,0.5438654352119614,0.008198444077823277
0.44868408144726696,0.5354132634320691,0.015902655120663894
0.4565171028275822,0.5340121828394369,0.009470714332981071
0.48058560973664444,0.5139831657127497,0.005431224550605964
0.4505547062392332,0.5393105728747694,0.010134720885997407
0.47841764257481667,0.518410084196239,0.003172273228944393
0.4801561534170925,0.45358723636259646,0.06625661022031103
0.43837042770779283,0.37381903674736017,0.187810535544847
0.476409088330897,0.5183596909868674,0.0052312206822355605
0.5110254748375876,0.47128593203520186,0.01768859312721047
0.4985192888175301,0.44172888824349854,0.05975182293897135
0.46331763533930154,0.527761264687246,0.008921099973452333
0.4777130949144095,0.516177571306661,0.006109333778929375
0.47837613297938353,0.5174254766266224,0.0041983903939939865
0.47633532284750274,0.5007819042987253,0.022882772853771997
0.44599021270903677,0.43262433297583325,0.12138545431513012
0.4566921459906821,0.5127560797192139,0.03055177429010392
0.4667021281043099,0.5158120048972635,0.01748586699842643
0.4521323625265969,0.5296662852286834,0.018201352244719676
0.45961344804931015,0.5122222357442178,0.028164316206472167
0.45015793703876905,0.5307759475581144,0.01906611540311638
0.4537634424691232,0.5207865498734218,0.02545000765745502
0.47943847004597684,0.4837283557091287,0.03683317424489435
0.4468697368227049,0.5399924914647045,0.013137771712590637
0.44921281107517824,0.5064091691085028,0.04437801981631901
0.4446128392773241,0.44522020390262307,0.11016695682005291
0.4962170814219065,0.48363085135771694,0.02015206722037661
0.4411223316214785,0.5422622181324659,0.016615450246055555
0.4459701848349707,0.5407883371308885,0.013241478034140972
0.4767457412499591,0.5198356164823539,0.0034186422676870114
0.4855016461816822,0.4938744295150851,0.02062392430323271
0.451607065439416,0.5315903481159,0.01680258644468397
0.4889797949560567,0.5046997258948256,0.006320479149117516
0.4624048558750552,0.5277164834228004,0.009878660702144458
0.45710628324463864,0.5260002612993013,0.01689345545606007
0.46939448903367964,0.5127295727487099,0.017875938217610427
0.4494730591453726,0.46308208245354654,0.0874448584010809
0.47388156519799596,0.5124940776551908,0.013624357146813175
0.4753110800991533,0.5041157268237308,0.02057319307711583
0.44261349743579953,0.48406395051110046,0.07332255205310016
0.48085410876738427,0.514978485717763,0.0041674055148528295
0.4624598857218904,0.5231018587938744,0.01443825548423531
0.46958944130322244,0.515757080808307,0.014653477888470615
0.4357827366026446,0.5294449206326413,0.03477234276471407
0.4559765095111603,0.4967703308687432,0.04725315962009628
0.4601914041179733,0.5244201165569672,0.015388479325059701
0.42780748392824147,0.42696247649726415,0.14523003957449454
0.47498258022741957,0.5206462174626385,0.004371202309941723
0.41569856760286295,0.5086660739618092,0.07563535843532783
0.45772417554759515,0.5186423633909909,0.02363346106141382
0.4852915874099497,0.501507738883237,0.013200673706813229
0.480893383658512,0.500698272373719,0.01840834396776913
0.4859142705077316,0.5055762598929309,0.008509469599337514
0.4557490986859162,0.5224249321778376,0.02182596913624632
0.49639671097696525,0.4968381586855806,0.006765130337454133
0.4665389245894064,0.5172171699114523,0.01624390549914145
0.47633822386241353,0.5186877667686108,0.004974009368975657
0.49193405171228133,0.4975656655027744,0.010500282784944014
0.47700900655893363,0.5196432571125231,0.00334773632854307
0.4889534008707531,0.5007022806107359,0.010344318518511015
0.4480595798451564,0.5338159627775818,0.01812445737726198
0.44356830078046217,0.539907145060677,0.01652455415886083
0.4500284416934108,0.537640208103951,0.01233135020263827
0.4976165888502836,0.495834604635764,0.006548806513952529
0.4688020856969137,0.5189010575191623,0.012296856783924098
0.47056225571287663,0.496852448361685,0.03258529592543832
0.49809935055439264,0.4957506881377946,0.0061499613078128835
0.44817520939375133,0.5403194048658924,0.01150538574035624
0.35504961428864007,0.37529134210386356,0.2696590436074964
0.44837833398015275,0.5279390098632093,0.023682656156638
0.4423162226247186,0.5543217845865722,0.003361992788709191
0.41689356556954044,0.48493601385344587,0.09817042057701363
0.4628604587333469,0.5285565048449404,0.008583036421712684
0.46570459909489226,0.4945068598265211,0.03978854107858662
0.46596518775366214,0.5060277578317848,0.028007054414553045
0.46039974913188353,0.5276727228435281,0.011927528024588194
0.49262403490677525,0.5012893600596602,0.0060866050335645315
0.47981466237742604,0.4955046734989874,0.024680664123586733
0.49023144522152984,0.5024630249358717,0.0073055298425986626
0.5140670485289691,0.4708950485580334,0.015037902912997487
0.46605955651206504,0.5085074088712278,0.02543303461670714
0.46865149994519234,0.5000800765812715,0.03126842347353578
0.4310680772588404,0.41398687154257224,0.1549450511985874
0.49257335233691674,0.5002214468064481,0.0072052008566351015
0.4449995050658185,0.49157397932273766,0.06342651561144391
0.45800764561890767,0.5074409916819284,0.03455136269916405
0.460658485397403,0.4657733087080155,0.07356820589458153
0.46746071955351814,0.501916887092842,0.030622393353640073
0.48424876029505154,0.5119602224665208,0.003791017238427376
0.4987519101609614,0.4884604235951324,0.0127876662439061
0.4702004334053558,0.4991005044290632,0.03069906216558123
0.4680125559565354,0.5133424585217794,0.018644985521685108
0.46659212319283894,0.5079472368993863,0.025460639907774925
0.4858706316071485,0.49746068812666966,0.01666868026618182
0.49750065866544757,0.48880869870116517,0.013690642633387325
0.4801346762633855,0.5156046863419164,0.004260637394698213
0.48028085519717145,0.5133140651235194,0.006405079679309127
0.4825365757341404,0.5111882937262083,0.006275130539651117
0.1806302704399401,0.15724217590228062,0.6621275536577792
0.36148251261564357,0.33473650014965345,0.3037809872347029
0.4477780747559431,0.5352433266270684,0.016978598616988288
0.4764872393543124,0.5206345200898823,0.002878240555805355
0.5081769890887291,0.48050210933726545,0.011320901574005478
0.4903193373938374,0.4995607530535268,0.010119909552635737
0.45987201153666757,0.4885815963707724,0.05154639209256019
0.4646321891135767,0.5251469994771459,0.010220811409277416
0.4567347559903873,0.5336889500097329,0.009576293999879842
0.45673023832805615,0.5317748260985223,0.011494935573421648
0.45316042630973896,0.49576975170558857,0.051069821984672484
0.4560771924781245,0.48861412924866965,0.055308678273205666
0.44978004925430576,0.5396778410982548,0.010542109647439514
0.4351540752989742,0.5030345699000317,0.06181135480099398
0.44944375144121274,0.5358594218910137,0.014696826667773652
0.4484542710311487,0.5310249434364831,0.02052078553236834
0.4524122814280411,0.5340156458997465,0.013572072672212419
0.4901419281334591,0.5004942872235421,0.009363784642998663
0.4532698977454602,0.5281835654976255,0.018546536756914443
0.4777130524261695,0.5197143730626255,0.002572574511205074
0.4799836082890547,0.5172860582157245,0.002730333495220907
0.4335739420234463,0.4357118527640072,0.13071420521254656
0.49080102110922263,0.5010862620131277,0.008112716877649619
0.44672169998049716,0.5403834635879431,0.012894836431559826
0.4682955395146695,0.5108324104016798,0.020872050083650423
0.46391860811621205,0.5214238858390134,0.014657506044774409
0.46336349833040336,0.5180930791988094,0.018543422470787132
0.46309300949493015,0.5213848342286155,0.015522156276454407
0.45796951288086857,0.5256383684750852,0.016392118644046324
0.43992199795626713,0.49868811890754355,0.06138988313618928
0.47024268423930554,0.5265255030966376,0.0032318126640567936
0.44577221883712437,0.5412692170913563,0.012958564071519355
0.47016818548905315,0.5190858890984777,0.010745925412468991
0.44182275378893526,0.539392431571721,0.018784814639343794
0.4424446175526933,0.5503543357124583,0.007201046734848359
0.4848312097499851,0.5113962972380104,0.0037724930120044313
0.46454630044714446,0.5215057296259682,0.013947969926887275
0.46350360224517434,0.5226623312148635,0.01383406653996232
0.4609851664974947,0.5231177345720643,0.015897098930440907
0.4679711019006918,0.5089583409682803,0.023070557131027715
0.4400070406822305,0.4662163105014033,0.09377664881636616
0.489220912060313,0.505186692312539,0.005592395627147926
0.2544922957018532,0.21920628440552137,0.5263014198926254
0.4773214208964265,0.5185073234258338,0.004171255677739666
0.46218651300553565,0.5186631187601455,0.019150368234318635
0.4610475786610691,0.5227365933045702,0.01621582803436073
0.44083540990400794,0.4379525876501576,0.12121200244583445
0.4515182165168477,0.5391674199935587,0.009314363489593643
0.47042859753393346,0.5196969474203613,0.009874455045705019
0.3712898258369322,0.35825662830525407,0.2704535458578138
0.4552098018422669,0.5182303386492887,0.02655985950844443
0.4885810076220043,0.5031458013078305,0.008273191070165126
0.4413601558343377,0.5393902939174182,0.01924955024824407
0.45871788499690225,0.5308309718365285,0.010451143166569275
0.4598737859101735,0.5222732546763665,0.017852959413459952
0.4530507552085649,0.5331528672199362,0.013796377571498921
0.45181906685955,0.5111804341887473,0.03700049895170239
0.49404928951851973,0.48153326209097863,0.02441744839050171
0.4980925754306703,0.4882557352265405,0.013651689342789352
0.4470557277091154,0.5398200992556027,0.013124173035281914
0.4534693357630106,0.5293385268345757,0.017192137402413682
0.44913514512881103,0.49142642225918737,0.05943843261200165
0.49231362544889634,0.49650892556753423,0.011177448983569252
0.46418136815114425,0.5105032049492093,0.025315426899646495
0.4307716449858672,0.48137773024691344,0.08785062476721939
0.09313290012689884,0.07062204450399738,0.8362450553691037
0.47370080819674065,0.5156189415552642,0.01068025024799506
0.4562905619292013,0.528136393557731,0.01557304451306758
0.4544764751740113,0.5357776479750876,0.009745876850900942
0.45565685533994765,0.5306208007643897,0.013722343895662556
0.45744741053600524,0.5204904297564701,0.022062159707524568
0.4399782867769259,0.5328539348700687,0.027167778353005337
0.44076940223971606,0.47764834536296996,0.08158225239731397
0.46280215065950947,0.5202235031822259,0.016974346158264562
0.49574287617730667,0.48768552714389396,0.016571596678799396
0.4581648692580472,0.5347288299609999,0.007106300780952823
0.4690088174342192,0.48946704263565954,0.041524139930121384
0.4846728276372278,0.5037306967783244,0.011596475584447916
0.44688859977036516,0.4811333420604974,0.07197805816913738
0.4514637695319813,0.5263583887623045,0.02217784170571408
0.44466849704927564,0.5364614224391295,0.01887008051159483
0.4634738441930399,0.5219745987079165,0.014551557099043726
0.281121282722659,0.20138976404684375,0.5174889532304973
0.4316290102180568,0.41286587054093693,0.1555051192410063
0.4602988335249788,0.5314596131251971,0.008241553349824087
0.44318349151810266,0.5352960726811047,0.021520435800792492
0.4526660446258662,0.5265745915426139,0.02075936383151983
0.45423619061693377,0.5206504077462005,0.025113401636865824
0.4498743171591804,0.5250573951427446,0.025068287698074926
0.480412149225675,0.513916271624891,0.005671579149433763
