0,1,2
0.45833252738852887,0.5026680267470773,0.03899944586439398
0.45832162315398356,0.5026585445694682,0.03901983227654836
0.4583282753897493,0.5026623705952072,0.03900935401504369
0.4583328707395906,0.5026697664491742,0.0389973628112352
0.4583268895433366,0.5026511429688857,0.03902196748777753
0.4583349138615911,0.5026589854557014,0.03900610068270771
0.4583266624745631,0.5026493356777075,0.03902400184772949
0.45832906408141816,0.5026634137459716,0.03900752217261011
0.4582511110835951,0.5026494862430072,0.03909940267339756
0.4583269947553229,0.5026519346823276,0.0390210705623495
0.4583310762440707,0.5026668364151734,0.039002087340755935
0.4583339912284523,0.5026580884573336,0.03900792031421397
0.45833030787210305,0.5026558253995904,0.03901386672830651
0.45832679831033407,0.5026504264031109,0.03902277528655476
0.45833730912623116,0.5026791043722666,0.038983586501502236
0.45832164772156153,0.5026858219370327,0.03899253034140591
0.4583262898088381,0.5026580173151902,0.03901569287597162
0.4583369606177049,0.5026633814373525,0.03899965794494256
0.45832793134253447,0.5026618315600428,0.0390102370974229
0.4583351977934762,0.5026593073574557,0.039005494849068255
0.4583263246600163,0.5026471718171015,0.03902650352288212
0.4583279858692609,0.5026576127112254,0.03901440141951353
0.4583274881574691,0.502670326535855,0.039002185306676075
0.45832600507652493,0.5026569292432909,0.039017065680184156
0.4583355092747227,0.5026777052625486,0.03898678546272824
0.4583347374607101,0.5026587978446663,0.03900646469462363
0.457679277058025,0.5030873696779241,0.03923335326405078
0.4583266981484287,0.5026592512035521,0.03901405064801901
0.45831023775414753,0.5026852944972432,0.039004467748609155
0.45833673859164886,0.5026645456396052,0.038998715768745716
0.4583319211707614,0.502668384651715,0.0389996941775236
0.45833363706449076,0.502669430391452,0.03899693254405737
0.45833137003608554,0.5026563154248895,0.03901231453902473
0.45832593792039644,0.5026469402835204,0.03902712179608335
0.45832574396273335,0.5026556208757058,0.039018635161560934
0.4583283693607605,0.5026552142659723,0.039016416373267145
0.45833679385878906,0.5026621709943833,0.0390010351468277
0.4583314527356187,0.5026654342961078,0.03900311296827359
0.4583228299164885,0.502663784067911,0.0390133860156006
0.4583294510686653,0.5026628923890709,0.039007656542263736
0.4583369543691329,0.5026631258611309,0.0389999197697363
0.4583299937199184,0.5026658108993882,0.03900419538069327
0.4583331575631761,0.5026687620576459,0.03899808037917804
0.45832192870982214,0.502657406026278,0.03902066526390008
0.458325567805311,0.502648683828308,0.03902574836638119
0.4583290519030174,0.5026633993906008,0.039007548706381866
0.45833027396878095,0.5026660156866681,0.03900371034455092
0.45832544592995755,0.5026500859162017,0.03902446815384059
0.4583219238462494,0.5026574174503854,0.039020658703365345
0.4583254352578715,0.5026502949449402,0.03902426979718827
0.45833173252701276,0.5026680649596733,0.03900020251331372
0.45833319820066093,0.5026758064658529,0.0389909953334864
0.4583258821990457,0.5026470805546366,0.039027037246317675
0.4583341058823743,0.5026705288362365,0.03899536528138902
0.4583255890026434,0.5026485171283471,0.039025893869009516
0.4583270132536725,0.5026520695396788,0.03902091720664881
0.4583250593536421,0.5026634245375283,0.03901151610882972
0.45832219242194533,0.5026623128891651,0.039015494688889575
0.4583274104734183,0.5026550480190659,0.0390175415075158
0.45832903975009587,0.5026651732418802,0.03900578700802372
0.4583223712597111,0.5026627715782832,0.039014857162005666
0.4583269482059421,0.5026515894847634,0.039021462309294375
0.458324331255146,0.50266327575172,0.03901239299313397
0.4583369020104979,0.5026639898139588,0.03899910817554322
0.45833368151013265,0.5026661702047319,0.03900014828513556
0.4583215784196435,0.502663496051151,0.03901492552920555
0.45833247717859005,0.5026679727570452,0.03899955006436487
0.45833156272083275,0.50266776458422,0.03900067269494726
0.45832882207291786,0.5026553246567177,0.03901585327036459
0.45832721601771786,0.5026641900477617,0.03900859393452027
0.45833287941734396,0.5026572231847333,0.03900989739792267
0.4583271855184411,0.5026641761568249,0.03900863832473414
0.4583279965701559,0.5026576611150373,0.03901434231480657
0.4583362860502092,0.5026609022870101,0.03900281166278045
0.45833178464434093,0.502684063270323,0.03898415208533615
0.4583278257568416,0.5026568635145351,0.03901531072862329
0.45832157773914795,0.5026593680359752,0.03901905422487672
0.45833407155224554,0.5026703050222395,0.038995623425515
0.45832610009404984,0.502646758647754,0.03902714125819626
0.45832645686950635,0.5026478373660783,0.039025705764415435
0.4583349742762001,0.5026660702042923,0.038998955519507515
0.45832582075962736,0.5026472795441481,0.039026899696224554
0.45832638169453355,0.502647420974328,0.039026197331138594
0.45833400794869616,0.502666187197378,0.03899980485392596
0.4583257922981458,0.5026558975747851,0.039018310127069
0.4583272369854107,0.5026700462429192,0.039002716771670214
0.4583298296328847,0.5026639459207026,0.03900622444641269
0.45832541832092816,0.5026507430957852,0.03902383858328673
0.45833340775143433,0.5026661367642556,0.03900045548431024
0.45833643493651127,0.5026612027581856,0.03900236230530318
0.45832606474764204,0.5026467677970395,0.03902716745531847
0.45832662039408545,0.5026490029426054,0.03902437666330921
0.4583337606498786,0.5026706266119509,0.038995612738170635
0.45832166452308437,0.502660345027011,0.03901799044990483
0.458333210609327,0.5026688300077484,0.03899795938292468
0.4583139586753113,0.5026879690172789,0.03899807230740992
0.4583347417192695,0.5026661240311369,0.03899913424959376
0.45832670792495434,0.5026497003371497,0.039023591737895776
0.4583262737874064,0.502647000562362,0.03902672565023187
0.4582494839858565,0.5026859377160126,0.039064578298130974
0.4583277543923157,0.5026615301394257,0.039010715468258496
0.4583325755066336,0.5026570182320463,0.03901040626132016
0.45833679192472077,0.502664404217544,0.038998803857735194
0.45833137796430057,0.5026799470468827,0.03898867498881665
0.45832256618313444,0.5026564017704074,0.039021032046458085
0.45832347861954675,0.5026649865874985,0.03901153479295487
0.45833562991458326,0.5026598557206607,0.03900451436475614
0.4583333653729209,0.5026703155901874,0.03899631903689145
0.4583332555394638,0.5026661109206885,0.0390006335398476
0.45833405919788683,0.5026702635874556,0.03899567721465772
0.4583305100633913,0.5026661947890264,0.039003295147582176
0.45834215030237274,0.5026846011819388,0.038973248515688765
0.45832763340030397,0.5026550782276658,0.0390172883720304
0.4583221608850589,0.5026622264876207,0.03901561262732052
0.4583257550382815,0.5026475455531965,0.03902669940852182
0.45832014743835886,0.5026657989683698,0.03901405359327129
0.45833706772547783,0.5026789200114917,0.03898401226303058
0.45833567394043745,0.5026657787829841,0.038998547276578414
0.4583217019705348,0.502660565350306,0.03901773267915928
0.45832720452209924,0.5026533865770357,0.03901940890086533
0.45832767939957086,0.5026613968903549,0.03901092371007419
0.4583302326725078,0.5026645828156596,0.039005184511832505
0.4583272433638749,0.5026536374446976,0.03901911919142769
0.4583277443972438,0.5026564635318617,0.03901579207089466
0.4583440893497798,0.5026822487426376,0.038973661907582606
0.45832333330858865,0.5026647335433827,0.039011933148028456
0.45828084151042264,0.50268110688732,0.03903805160225735
0.45832671465724445,0.5026497545576476,0.03902353078510837
0.45832694447439865,0.5026515614559613,0.03902149406963996
0.4583341052469198,0.5026705416066712,0.038995353146409034
0.45832568179017985,0.5026479136465223,0.03902640456329779
0.4583413360961939,0.5026709391422355,0.03898772476157052
0.45832781991976346,0.5026568352722052,0.03901534480803125
0.45833032163063325,0.5026646566246354,0.03900502174473118
0.4583283962228016,0.5026593402350958,0.03901226354210258
0.4583254634097427,0.5026498009890507,0.03902473560120651
0.45832565159958455,0.5026550240787659,0.03901932432164939
0.4583254305634759,0.502650400076973,0.039024169359551115
0.4583340982821355,0.5026704241996356,0.038995477518229134
0.45833166127814307,0.5026655470486634,0.03900279167319351
0.45832112159054345,0.5026637570911342,0.03901512131832254
0.4583254401371243,0.5026501949956727,0.03902436486720294
0.4583229299090754,0.5026639833171623,0.03901308677376239
0.4583275955938736,0.5026612438458383,0.03901116056028816
0.4583216269720775,0.5026698375240876,0.03900853550383508
0.45832160871792427,0.5026599057835633,0.0390184854985123
0.45832618696592975,0.5026468166277107,0.03902699640635971
0.4583265334998086,0.5026483491757903,0.03902511732440097
0.45833091112199786,0.5026650979108974,0.03900399096710463
0.45832670440192635,0.5026592680001034,0.03901402759797012
0.4583340525040178,0.5026702427712946,0.03899570472468787
0.45832477678491945,0.5026551541145691,0.03902006910051143
0.45832542622856354,0.5026524778219964,0.03902209594944017
0.45833259265368353,0.5026694024699798,0.038998004876336596
0.45832688787319614,0.5026511300782506,0.03902198204855319
0.4583211535497663,0.5026690514751646,0.039009794975069054
0.45832859990493313,0.5026628293051689,0.0390085707898979
0.4583254965317765,0.502667952026787,0.039006551441436166
0.4583219920170805,0.5026572658163957,0.039020742166523625
0.4583320919991148,0.502665751225676,0.039002156775208865
0.45833254143126617,0.5026569959999677,0.039010462568765926
0.45834198189398756,0.502682605609242,0.0389754124967704
0.4583283185351093,0.5026839504736231,0.038987730991267656
0.4583366632482693,0.5026617567989182,0.039001579952812636
0.4583260601833401,0.5026467702774636,0.03902716953919642
0.45832777782742407,0.5026706441705682,0.03900157800200785
0.4583365046343967,0.5026613571942529,0.039002138171350384
0.4583312162793885,0.5026562373733438,0.039012546347267675
0.458326938159969,0.5026754756022873,0.03899758623774382
0.4583365935778487,0.5026648454274613,0.03899856099468981
0.45833695853217143,0.5026632172311627,0.038999824236665724
0.4583300609027914,0.5026645448398447,0.039005394257364115
0.45833379075534136,0.5026706427795494,0.03899556646510917
0.45833486290987613,0.5026660982584581,0.03899903883166587
0.4583366494930587,0.5026617187075787,0.0390016317993624
0.45832248958110544,0.5026630516444591,0.03901445877443538
0.4583261448880561,0.5026549823840923,0.039018872727851386
0.45832179247937693,0.5026609974559128,0.0390172100647102
0.45832990638717297,0.5026556692213255,0.03901442439150168
0.4583326412358584,0.5026694686153182,0.038997890148823315
0.45833036296976576,0.5026732622024502,0.038996374827783994
0.45833860811203186,0.5026844630491616,0.03897692883880644
0.45832381408761935,0.5026839366435799,0.03899224926880095
0.45832623749048484,0.5026469074506572,0.03902685505885807
0.4583075237334222,0.5026883822233007,0.039004094043277
0.45834173646977716,0.502684606594587,0.038973656935635974
0.4583262603788665,0.5026469633846622,0.03902677623647141
0.4583420851595646,0.5026834760772587,0.03897443876317657
0.45832888099162034,0.5026769552329587,0.03899416377542086
0.45832541195794496,0.5026519693087033,0.039022618733351895
0.4583326457496341,0.5026841030447796,0.03898325120558605
0.458331931878614,0.5026805751218644,0.03898749299952167
0.4583430772751146,0.5026835597575736,0.03897336296731162
0.458331025092992,0.5026666077272074,0.03900236717980035
0.4583159644255561,0.5026875477743427,0.03899648780010103
0.458326332454965,0.502647202315761,0.03902646522927407
0.45832543326126346,0.5026526488219312,0.039021917916805225
0.45830653960215,0.5026865887508369,0.03900687164701288
0.45833696901553056,0.5026815737271708,0.03898145725729866
0.45833637445652864,0.5026651715422765,0.03899845400119502
0.4583340922203488,0.5026703902782607,0.03899551750139071
0.4583265083309301,0.5026481728234373,0.039025318845632935
0.4583368253386319,0.502664301460421,0.038998873200947144
0.45832616051843467,0.5026549820096523,0.03901885747191272
0.4583255452128575,0.5026488774188164,0.039025577368326084
0.4583322754404439,0.50266582656261,0.03900189799694584
0.458331553683281,0.5026654900189406,0.03900295629777826
0.45832548797500655,0.5026494718789359,0.03902504014605734
0.4583268895463557,0.5026597426912132,0.03901336776243097
0.4583257489037967,0.50265565012226,0.0390186009739434
0.4583353493237464,0.5026594906902152,0.03900515998603853
0.4583469325808618,0.5026834400417942,0.03896962737734392
0.45832594586682524,0.5026566665752841,0.0390173875578905
0.4583265137934675,0.5026549818702489,0.039018504336283434
0.4583274907692691,0.502655058293927,0.03901745093680404
0.45833856053085004,0.5026800471282379,0.038981392340912156
0.4583425092724215,0.5026684348059943,0.03898905592158402
0.45832578118753653,0.5026558357455257,0.039018383066937674
0.458320712430436,0.5026681659723912,0.03901112159717276
0.4583230506527135,0.5026559519956912,0.039020997351595386
0.4583264901697115,0.5026586596288273,0.03901485020146108
0.458321963430759,0.5026703352210643,0.03900770134817658
0.4583289098515346,0.5026632281912374,0.039007861957227996
0.4583340850059913,0.5026706267983243,0.03899528819568447
0.4583320890814434,0.5026657499715472,0.03900216094700925
0.45832561296679575,0.5026483433457797,0.03902604368742468
0.45832537012503277,0.5026550434922361,0.0390195863827309
0.4582581639750247,0.5026843619093153,0.039057474115660025
0.4583451876893926,0.5026841698118693,0.03897064249873803
0.45832769557908487,0.5026562167327896,0.03901608768812549
0.4583203247248707,0.5026670785993088,0.03901259667582069
0.45833337933691276,0.5026690546482196,0.038997566014867556
0.4583224335235186,0.502662920945104,0.03901464553137728
0.4583270860175314,0.5026525870642922,0.039020326918176494
0.45834076792604467,0.5026845833789352,0.03897464869501989
0.45831383994651065,0.5026846396203044,0.03900152043318487
0.45833362174854236,0.5026577787669506,0.03900859948450708
0.4583255394016927,0.5026489302767216,0.0390255303215857
0.45832545671139857,0.5026530910728696,0.039021452215731806
0.45833076514883003,0.5026649961586648,0.03900423869250516
0.45832484161001075,0.5026670739854375,0.03900808440455155
0.4583350694371379,0.5026591585711963,0.03900577199166582
0.4583255093610637,0.5026492280117807,0.039025262627155596
0.4583270202459481,0.5026600541274537,0.03901292562659784
0.4568087893422132,0.5045156392507498,0.038675571407037077
0.45832168909195675,0.5026839910361078,0.038994319871935565
0.458321812560101,0.5026610813677348,0.03901710607216439
0.4583341042600889,0.5026705532767999,0.038995342463111364
0.45832684611463176,0.5026754005758156,0.03899775330955273
0.45832606839730594,0.5026467660243336,0.03902716557836062
0.45834427175579595,0.5026840158313001,0.03897171241290402
0.45832543223238364,0.5026526254251098,0.03902194234250659
0.4583264409707037,0.502647741512697,0.03902581751659944
0.4583273799847613,0.5026544793134873,0.03901814070175151
0.45832553087683575,0.5026490103739287,0.039025458749235534
0.4583363246058137,0.5026652324568871,0.03899844293729915
0.45832541196549204,0.5026510118025582,0.03902357623194963
0.45832258762376044,0.5026632725860707,0.03901413979016882
0.458320186001584,0.5026653252814595,0.03901448871695647
0.45833678907143993,0.5026644124138493,0.03899879851471058
0.45833334191619834,0.5026702928852761,0.03899636519852548
0.45832576230055666,0.502655001803874,0.03901923589556938
0.4583361790649033,0.5026812118969552,0.03898260903814162
0.4583261745301614,0.50266376408797,0.039010061381868626
0.4583241664725031,0.5026632510388446,0.03901258248865232
0.4583348738994043,0.502658942178081,0.03900618392251457
0.45832548620828917,0.5026494935510908,0.039025020240619795
0.45833337052756784,0.5026690425653071,0.03899758690712506
0.45832544068088843,0.5026528051580664,0.03902175416104511
0.45832379906046095,0.502655494860075,0.03902070607946415
0.45833297145767254,0.5026698891618097,0.03899713938051788
0.45832732676453186,0.502660720669866,0.0390119525656021
0.4583347056456638,0.5026842141370621,0.03898108021727429
0.4583257521842866,0.5026475584152756,0.03902668940043769
0.45832277656713705,0.502663675149996,0.039013548282867065
0.4583362366091578,0.5026608096344835,0.03900295375635855
0.4583012585853497,0.5026794158291444,0.03901932558550579
0.4583430782861871,0.5026844904121025,0.03897243130171039
0.45832636096282475,0.502658254872733,0.03901538416444205
0.45831996085025245,0.5026864137381993,0.03899362541154832
0.45833019184293045,0.5026645482787025,0.03900525987836703
0.458335009639076,0.502684232188514,0.03898075817241025
0.4583336040043939,0.5026661624690644,0.03900023352654182
0.45832756400486546,0.5026555240138494,0.039016911981285186
0.45832339056459953,0.5026648341983265,0.039011775237073866
0.4583362412720157,0.5026608182412525,0.03900294048673173
0.45831639630713983,0.5026791199290613,0.03900448376379891
0.4583255514865043,0.5026680230334027,0.03900642548009285
0.45833689753222245,0.5026626352976756,0.03900046717010201
0.45832545526430624,0.5026678984540641,0.039006646281629635
0.45832448702794204,0.5026552320386307,0.03902028093342747
0.458326591502788,0.5026487793650395,0.03902462913217247
0.45832770260463235,0.5026644230109532,0.0390078743844146
0.45830563757520554,0.5026434840265126,0.039050878398281835
0.45833394451044246,0.5026800908840378,0.038985964605519834
0.4583303950412102,0.5026732926360487,0.03899631232274111
0.4583340500102516,0.5026702352498791,0.03899571473986928
0.45832696870239226,0.502659933454539,0.03901309784306877
0.45832752268958765,0.5026643343903521,0.039008142920060614
0.4583323379517352,0.5026678259474169,0.03899983610084788
0.45833402494340963,0.5026765010325357,0.038989474024054824
0.4583356716519093,0.5026599132787514,0.03900441506933935
0.4583258686800018,0.5026549943826674,0.03901913693733056
0.45832663887360636,0.5026590892880455,0.03901427183834831
0.45832542774656176,0.5026504685204299,0.039024103733008235
0.4583293478903366,0.5026625879682615,0.03900806414140189
0.45833190054453604,0.5026566042291355,0.03901149522632845
0.45833330414352963,0.5026575309100777,0.03900916494639251
0.45833140233617814,0.5026674697861621,0.03900112787765995
0.45834532048715054,0.5026841872425226,0.03897049227032677
0.45832157921823036,0.5026591017396237,0.039019319042145846
0.4583267822467758,0.5026502980686428,0.039022919684581395
0.45832748968670417,0.502655113473615,0.03901739683968083
0.4583266211858407,0.5026490091349362,0.03902436967922317
0.45832434157467083,0.5026663568956415,0.03900930152968766
0.4583256946636663,0.5026478429256593,0.03902646241067432
0.4583339268337141,0.5026764195611838,0.038989653605102176
0.4583304725469406,0.5026647774059314,0.039004750047128126
0.4583331974371263,0.5026701450349996,0.03899665752787399
0.4583265858674891,0.5026487363670963,0.03902467776541428
0.45826957839537497,0.5026825598416474,0.039047861762977275
0.4570160026159506,0.5042512161550744,0.038732781228975006
0.4583339982265335,0.5026700976679366,0.03899590410552986
0.4581114986330674,0.5027060891918631,0.0391824121750693
0.4583386270395201,0.5026800967219526,0.03898127623852723
0.4583357822572256,0.5026600705188341,0.03900414722394023
0.45832815827961104,0.502662193621124,0.03900964809926475
0.45832784352575195,0.5026569490690821,0.03901520740516584
0.4583303162679455,0.5026651705735408,0.03900451315851395
0.4583155382467567,0.5026791103583806,0.03900535139486269
0.45833410608391456,0.5026705191412838,0.03899537477480182
0.4583300513911889,0.5026645208289875,0.03900542777982359
0.4583248173135053,0.5026633682180884,0.03901181446840648
0.45833581291754155,0.502665691107974,0.03899849597448444
0.4583259494974291,0.5026469159528971,0.039027134549673784
0.458336643038056,0.5026617011032642,0.03900165585867959
0.45832574086615935,0.5026476105478636,0.039026648585977
0.45832554710455353,0.5026550218098164,0.039019431085630184
0.45832687516444726,0.502651031685411,0.039022093150141844
0.45833292909225887,0.5026684815358748,0.03899858937186625
0.4583250751178526,0.5026634284321677,0.03901149644997975
0.4583366429493584,0.502661700862501,0.03900165618814071
0.4583270841209337,0.5026525738360151,0.039020342043050944
0.4583227715141429,0.5026561909732394,0.03902103751261752
0.45832643875828627,0.5026477284894015,0.03902583275231239
0.4583216575005258,0.502658324306967,0.03902001819250736
0.4583255226498377,0.5026490907992135,0.039025386550948914
0.458342593268803,0.5026831059912138,0.03897430073998315
0.4583377622179215,0.5026794480546666,0.03898278972741187
0.4583362443592149,0.5026812424781053,0.038982513162679706
0.4583288631472023,0.5026717866164718,0.03899935023632613
0.45834164954087164,0.5026846061954067,0.03897374426372174
0.45834387373126556,0.5026821830610885,0.038973943207645904
0.4583264501286947,0.5026477962454633,0.03902575362584162
0.4583285383385915,0.5026627456686714,0.03900871599273702
0.45832623960371044,0.5026469122211957,0.039026848175093685
0.4583292520241828,0.5026554478276997,0.03901530014811767
0.45832605718355907,0.5026467720663527,0.03902717075008829
0.4583319028500656,0.50266739168124,0.03900070546869451
0.4583359394171116,0.5026655998904079,0.03899846069248019
0.4583286897791419,0.5026604387464257,0.03901087147443234
0.45832879008042005,0.5026630783003677,0.03900813161921228
0.45833309301883424,0.5026700303018607,0.03899687667930516
0.45833383010030915,0.5026661811121257,0.03899998878756513
0.4583269321519695,0.5026640640260849,0.03900900382194565
0.45832584195363524,0.5026472056092227,0.03902695243714206
0.4583216034298611,0.5026598489796062,0.03901854759053276
0.45832964856471786,0.5026555771043081,0.0390147743309739
0.45832669111450913,0.5026495650994354,0.03902374378605549
0.4583462228837282,0.5026842587752839,0.03896951834098765
0.4583150245366721,0.5026877581757182,0.0389972172876096
0.4583260086065618,0.5026468181465944,0.03902717324684366
0.4583276685607304,0.5026550834693363,0.0390172479699335
0.45833053578297983,0.5026648263854617,0.03900463783155824
0.458330356296581,0.5026652654543199,0.039004378249099116
0.4583363526722735,0.5026651986469652,0.03899844868076142
0.45832646335215954,0.5026585782125312,0.03901495843530917
0.45832432016132973,0.5026839298093457,0.038991750029324784
0.45832542607221705,0.5026524736807685,0.03902210024701445
0.4583261915964624,0.5026468231305907,0.03902698527294685
0.4583358591853254,0.5026656590950658,0.038998481719608756
0.4583304803903753,0.5026840115228434,0.03898550808678113
0.4583111040509116,0.5026883705871554,0.03900052536193294
0.4583365318480175,0.502664948953394,0.03899851919858834
0.4583258151868527,0.5026472999231654,0.03902688488998176
0.4583215807342537,0.5026594849107483,0.03901893435499769
0.45833362657738724,0.5026694140990497,0.03899695932356315
0.45833059983925534,0.5026658249512285,0.03900357520951613
0.45832772083284357,0.5026550914997093,0.0390171876674471
0.4583274759759983,0.5026610173950057,0.03901150662899601
0.45833210209280495,0.502684077435113,0.03898382047208177
0.45833134198493275,0.5026673560332939,0.0390013019817731
0.4583259554551223,0.5026469040842326,0.039027140460645204
0.45832573879066985,0.5026476203051837,0.03902664090414637
0.4583371341059195,0.502678970798237,0.038983895095843754
0.45833556508263035,0.502659768103622,0.03900466681374769
0.4583255157189615,0.5026491611657438,0.0390253231152945
0.4583261226694986,0.5026467624062096,0.03902711492429168
0.4583401650314925,0.5026812359330862,0.03897859903542129
0.4583228982117514,0.5026715518814496,0.03900554990679887
0.45830623494143885,0.5026880482308858,0.039005716827675535
0.4583343989767082,0.5026661722560494,0.03899942876724245
0.4583221525129306,0.5026622032234047,0.039015644263664814
0.4583353374389918,0.5026775684123171,0.03898709414869082
0.45832274758810554,0.5026562138240128,0.039021038587881605
0.45834706655490165,0.50268417601266,0.03896875743243847
0.4583332635351608,0.5026688990106492,0.038997837454189964
0.4583248641715235,0.502655133878118,0.0390200019503585
0.45833063732272444,0.50266490305494,0.039004459622335334
0.4583277304738152,0.5026614880100364,0.039010781516148105
0.4583324809973444,0.5026659027624795,0.03900161624017581
0.4583428382013206,0.5026833244641462,0.03897383733453307
0.45833323213654503,0.5026661064972925,0.0390006613661625
0.4583279245251961,0.5026551254794108,0.0390169499953933
0.4583344920215354,0.5026661625912056,0.038999345387259306
0.45833400251728684,0.5026706925919543,0.03899530489075888
0.458336073698517,0.5026605239935931,0.03900340230789001
0.45832890566817924,0.5026611870540448,0.03900990727777606
0.4583310849423562,0.5026666578064323,0.03900225725121183
0.4583264819785767,0.5026479964826429,0.03902552153878026
0.4583331285685306,0.5026687254001077,0.038998146031361675
0.45832192726875326,0.5026574094006356,0.03902066333061115
0.4583365814641024,0.5026648666384741,0.03899855189742337
0.4583364828059242,0.5026650239688273,0.03899849322524865
0.4583275657218244,0.502655533327242,0.03901690095093332
0.45832583589380904,0.50264722617502,0.03902693793117062
0.4583264415703464,0.5026477450556427,0.03902581337401102
0.4583259917752892,0.5026568715858588,0.03901713663885174
0.4583350468262526,0.5026773355132453,0.038987617660502065
0.4583254077274075,0.5026513989837892,0.03902319328880349
0.45778772865359585,0.5029373348609405,0.03927493648546373
0.4583256259443552,0.5026548373480413,0.03901953670760351
0.45831264148783213,0.5026881859373831,0.038999172574784774
0.4583287619157289,0.5026630422910845,0.03900819579318643
0.4583265040765356,0.5026481437505156,0.03902535217294866
0.4583216516511026,0.5026634643872041,0.039014883961693204
0.4583359450985677,0.5026655955107135,0.038998459390718804
0.4583244196041088,0.5026632904244455,0.039012289971445936
0.45832683767120264,0.5026549951579837,0.039018167170813765
0.458332640601664,0.5026694677587051,0.03899789163963064
0.45833159331740114,0.5026678195947292,0.03900058708786982
0.4583265197484378,0.5026587479636473,0.03901473228791492
0.4583360691622487,0.5026654931091616,0.03899843772858956
0.458335265359114,0.5026659751981274,0.03899875944275862
0.4583256101022876,0.5026547161546279,0.0390196737430846
0.45832565223578414,0.502648086872173,0.03902626089204282
0.4583357967313132,0.5026779328144415,0.0389862704542451
0.4583279213038948,0.5026618149267298,0.03901026376937575
0.4583244221010533,0.5026552519170522,0.03902032598189436
0.4583254100412264,0.5026511312616471,0.03902345869712631
0.4583319567267161,0.5026674436063159,0.039000599666968255
0.4583201781462321,0.5026653782018385,0.039014443651929194
0.4583254995770857,0.5026493356444645,0.03902516477844967
0.4583290908887373,0.5026553995891493,0.039015509522113356
0.4583260790275539,0.5026747552602837,0.038999165712162595
0.45833496501455623,0.5026660727029284,0.03899896228251544
0.458331092890693,0.5026666644915787,0.03900224261772835
0.45832125971224513,0.5026692388356914,0.03900950145206341
0.45832661056392676,0.5026489263307269,0.03902446310534624
0.4583262212492278,0.5026468734256881,0.03902690532508409
0.4583216026473216,0.502659840130435,0.03901855722224316
0.4583327034123076,0.5026571030112832,0.03901019357640922
0.458336179201572,0.502660705761839,0.039003115036588924
0.4583283912907344,0.5026712985998187,0.03900031010944688
0.45832638107127216,0.5026583200188107,0.03901529890991701
0.4583264207208704,0.5026476252891116,0.0390259539900182
0.4583254873350863,0.5026494796985784,0.03902503296633531
0.45833521859409776,0.5026659927244039,0.03899878868149849
0.45833297062344813,0.5026698881664503,0.038997141210101796
0.45832801891560165,0.5026829442421982,0.03898903684219996
0.4583228834614935,0.5026560893240617,0.039021027214444635
0.4583368934110755,0.5026640332290134,0.038999073359910714
0.458334724189293,0.5026804986582225,0.03898477715248466
0.45833932131200245,0.5026806122581341,0.03898006642986324
0.45833669451495856,0.5026618465690189,0.0390014589160225
0.4583227277028997,0.5026632073841055,0.03901406491299492
0.45832615472128324,0.5026467811693945,0.03902706410932218
0.4583434899474888,0.5026838468599641,0.038972663192547066
0.45833172588849885,0.5026565057386493,0.03901176837285194
0.4583270989531011,0.5026602333246272,0.03901266772227177
0.4583426573653592,0.5026836365134776,0.038973706121163396
0.45833384761389256,0.5026661820525418,0.038999970333565614
0.45832594923760855,0.5026566819604456,0.03901736880194588
0.458332617830805,0.5026694368807325,0.03899794528846245
0.458325544692645,0.5026541531478428,0.03902030215951224
0.45833181828885833,0.5026656259299219,0.0390025557812196
0.4583317338004149,0.5026680671669792,0.03900019903260594
0.45833682506029205,0.5026622909057045,0.03900088403400363
0.45833444319478217,0.5026585030882209,0.03900705371699677
0.4583257399135535,0.5026840977255456,0.03899016236090098
0.4583361258854876,0.5026606125211538,0.03900326159335872
0.4583226484666938,0.5026563131294559,0.03902103840385025
0.45832487516531073,0.5026551314342345,0.03901999340045465
0.45832541656718845,0.5026521761826422,0.039022407250169165
0.4583362240467397,0.5026607865771767,0.03900298937608353
0.4583317898031984,0.5026656119997504,0.039002598197051284
0.45832611158891384,0.502646759605138,0.039027128805947935
0.45832541387010084,0.5026509177363444,0.03902366839355474
0.4583426295598189,0.5026818357363604,0.03897553470382059
0.45832392004230516,0.5026727002315146,0.03900337972618055
0.45833520244013964,0.5026774604539256,0.038987337105934564
0.45833406407664085,0.5026706580342492,0.03899527788911011
0.4583256816845095,0.5026479142385142,0.03902640407697648
0.45832352590102937,0.5026556366781926,0.039020837420778234
0.4583255186119719,0.5026538896237263,0.039020591764301886
0.45832568550096475,0.5026478929785093,0.03902642152052602
0.45832634473777767,0.5026472526704074,0.03902640259181486
0.458331982669772,0.5026566517297802,0.03901136560044769
0.45834341208651813,0.5026628040845783,0.03899378382890352
0.45833359305414817,0.5026577557066312,0.039008651239220905
0.4583258486697087,0.5026684006909323,0.039005750639358655
0.4583374716960261,0.5026807636511115,0.03898176465286234
0.45833341996464483,0.5026691109365049,0.038997469098850074
0.45833640675807685,0.5026651298719493,0.03899846336997389
0.4583256404120416,0.5026481607328815,0.039026198855076966
0.45832427632319694,0.5026730690840955,0.03900265459270763
0.45832610462133316,0.5026467587900099,0.0390271365886569
0.458327563334799,0.5026704095348308,0.0390020271303702
0.45832894634512045,0.5026613229804239,0.039009730674455935
0.458333540427472,0.5026692838693401,0.03899717570318789
0.45833319859818844,0.5026701462751253,0.038996655126686194
0.4583279287736985,0.5026573510195002,0.03901472020680143
0.4583310814627088,0.5026666548823856,0.039002263654905445
0.4583272001699812,0.5026604553290148,0.03901234450100419
0.45833552057777904,0.5026658623358742,0.03899861708634685
0.4580695628514192,0.5027490500454019,0.039181387103179026
0.4583341042250127,0.5026705536175439,0.03899534215744352
0.4582993904015044,0.5026795141026583,0.039021095495837356
0.45833240129136454,0.5026751185466016,0.03899248016203358
0.4583324288004644,0.5026840926242075,0.03898347857532802
0.45833478798375554,0.502666114760277,0.038999097255967397
0.4583216105191921,0.5026599240903953,0.0390184653904125
0.4583217133505574,0.5026580586172902,0.03902022803215244
0.45833389222505455,0.5026706842128075,0.03899542356213793
0.45832613287843166,0.5026574488198495,0.03901641830171885
0.4583395660422555,0.5026807932947639,0.03897964066298045
0.4583368214087479,0.502664314263848,0.038998864327404376
0.4583083920290101,0.5026858001567157,0.039005807814274034
0.4583219366913078,0.5026573874953083,0.03902067581338398
0.45832617013824256,0.5026467960005785,0.039027033861178936
0.4583343156026693,0.5026661788564875,0.03899950554084336
0.45833375851973107,0.5026706254123305,0.038995616067938235
0.4583331357954735,0.5026757532727162,0.0389911109318104
0.4583340466578186,0.5026702253166067,0.0389957280255746
0.4583371928519819,0.5026790156858496,0.03898379146216844
0.45805813647409077,0.502754706047891,0.03918715747801823
0.45833267194662974,0.5026681855105619,0.03899914254280838
0.4583264405604921,0.502647739092062,0.039025820347446116
0.45833689214879303,0.5026626047164645,0.039000503134742376
0.45833088836115804,0.5026650823620877,0.039004029276754185
0.458340768339116,0.5026816831238247,0.0389775485370594
0.4583320720256949,0.5026686297391768,0.03899929823512823
0.45833431173203726,0.5026583780350491,0.039007310232913595
0.45792997515556993,0.5028298397294313,0.03924018511499868
0.4583270601490289,0.5026601457229359,0.039012794128035
0.45832727501017684,0.5026606137751982,0.03901211121462494
0.45832015867822035,0.5026655545997752,0.03901428672200446
0.4583311211854214,0.502666688355263,0.03900219045931538
0.458325723195392,0.502655004936443,0.039019271868165124
0.45832981009193363,0.5026656811527774,0.039004508755288936
0.4583324500616093,0.5026569371091255,0.039010612829265295
0.45834343475920014,0.5026841362254686,0.03897242901533121
0.45833685692568676,0.502662427682594,0.03900071539171936
0.45833119943985806,0.5026652849184826,0.039003515641659145
0.4583256512128692,0.5026550213439817,0.039019327443149246
0.45833408233094436,0.5026706320303064,0.03899528563874917
0.4583326795733261,0.5026695200633832,0.03899780036329089
0.45832560749287393,0.5026483817871549,0.03902601071997117
0.4583387703107094,0.5026802034158957,0.03898102627339474
0.45832614343612815,0.5026637529348076,0.03901010362906411
0.45833340424235913,0.5026703523527759,0.038996243404864794
0.4583255020388063,0.5026493079828505,0.03902518997834321
0.4583358805984065,0.5026810705556161,0.038983048845977634
0.45833389271827113,0.5026580034924496,0.03900810378927924
0.4582337106718194,0.5026539272977091,0.03911236203047148
0.4565517146090965,0.5057698973097386,0.0376783880811646
0.4583324249328315,0.5026691661316579,0.03899840893551068
0.45833881295327666,0.5026844761180547,0.03897671092866858
0.4583356883268357,0.5026657702633949,0.038998541409769674
0.4583308872966741,0.502656078594592,0.03901303410873361
0.45833818273273474,0.5026752413440183,0.03898657592324672
0.45832820990848505,0.5026585868605901,0.03901320323092482
0.4583332724816178,0.5026702234951806,0.03899650402320148
0.4583254139424268,0.5026520675445244,0.039022518513048735
0.4583360767075815,0.5026605290285131,0.03900339426390543
0.45810101931253805,0.502734407076001,0.039164573611460786
0.4583291332141145,0.5026634942967056,0.039007372489179966
0.4583310461069161,0.5026667755244363,0.03900217836864759
0.4583202219806129,0.5026666236659153,0.03901315435347188
0.4583229992460546,0.5026641180304141,0.03901288272353105
0.45832766842939837,0.5026560771628444,0.03901625440775731
0.45833561391265637,0.5026777882915037,0.03898659779583989
0.4583257816139368,0.5026474311301565,0.03902678725590676
0.45832989771508825,0.5026641255638076,0.03900597672110413
0.4583343603103676,0.502666175555696,0.03899946413393626
0.458330605302448,0.5026658371605565,0.0390035575369955
0.4583264749123785,0.5026479507846213,0.03902557430300015
0.45832181267057936,0.5026577119066442,0.03902047542277607
0.4583267786610639,0.5026502693578931,0.03902295198104305
0.45833302799129466,0.5026660629020236,0.03900090910668199
0.4583274481139656,0.502660963228733,0.039011588657301116
0.4583256956036952,0.5026553213239456,0.039018983072359126
0.45833409229757194,0.5026703906669217,0.03899551703550647
0.45833201527513784,0.5026566708024709,0.039011313922391336
0.45830595845104277,0.5026878720417627,0.03900616950719488
0.45833294235515026,0.5026660419664477,0.03900101567840203
0.4583220231714074,0.5026704195828452,0.039007557245747275
0.4583334816429197,0.5026576674500932,0.03900885090698694
0.4583333532571342,0.5026801719329735,0.03898647480989222
0.45833287423740454,0.5026755290986105,0.03899159666398476
0.458333905344251,0.5026841685177446,0.03898192613800469
0.45834258759199714,0.5026831011002858,0.03897431130771699
0.4583298268766554,0.5026727469109189,0.038997426212425676
0.45832808933077407,0.5026580725695355,0.0390138380996904
0.4583350737172185,0.5026591634425185,0.03900576284026323
0.45832182592713483,0.50266113547975,0.03901703859311531
0.45832618988912693,0.5026576631639527,0.03901614694692071
0.4583324010666611,0.5026678919851146,0.03899970694822415
0.4583369339531713,0.502663787046942,0.03899927899988682
0.45825833568343,0.5026843324811995,0.039057331835370704
0.45833435160490116,0.5026661762414194,0.03899947215367949
0.4583300676246809,0.5026644406068763,0.03900549176844261
0.45833404973190167,0.5026702344175172,0.03899571585058121
0.45833108175372034,0.5026668475033436,0.03900207074293625
0.4583366292189649,0.5026616639674165,0.03900170681361866
0.4583255898159831,0.502654553381821,0.03901985680219571
0.45833670816717065,0.5026646171154239,0.03899867471740553
0.45832568323243783,0.5026479055859231,0.039026411181639055
0.4583271227096317,0.5026528402584653,0.03902003703190298
0.45832632248859234,0.5026471635231816,0.039026513988225854
0.458328548970857,0.5026627602214894,0.03900869080765357
0.45833141898976,0.5026675009024502,0.039001080107789826
0.4583409673510163,0.5026818315260397,0.03897720112294419
0.4583369514528591,0.5026636093820271,0.03899943916511371
0.45832697619513274,0.5026599511656005,0.039013072639266476
0.45833563331324506,0.5026658021889563,0.03899856449779878
0.458335519449469,0.5026658629037641,0.03899861764676696
0.4583336922026578,0.5026695178462859,0.038996789951056564
0.45833536834559796,0.5026595143380477,0.03900511731635433
0.45833628771640006,0.5026783176730694,0.03898539461053052
0.4583238043490404,0.502672577330581,0.03900361832037883
0.4583388544734622,0.5026802660082542,0.038980879518283516
0.45833400603904023,0.5026706917799721,0.038995302180987526
0.4583256272450445,0.5026482463107562,0.03902612644419927
0.45832715029060506,0.5026530272118693,0.03901982249752568
0.4583255601859424,0.5026542974236862,0.03902014239037128
0.45832386219026533,0.5026656204540968,0.03901051735563782
0.45833609592624547,0.5026781678927663,0.03898573618098841
0.45833295667549734,0.5026698714710892,0.03899717185341367
0.45832607449929247,0.5026572187386704,0.03901670676203706
0.4583417542964394,0.5026846066203298,0.038973639083230815
0.4583226165535616,0.5026633360883084,0.03901404735812988
0.45833317169493015,0.5026574321527029,0.03900939615236711
0.4583311269076969,0.5026669378677873,0.03900193522451562
0.4583279706748795,0.502657543637192,0.039014485687928396
0.4583325713551311,0.5026693731403454,0.03899805550452362
0.45832970678236834,0.5026555973485619,0.039014695869069894
0.4583364721605039,0.5026650395119464,0.03899848832754957
0.45832609249038425,0.5026467590890752,0.03902714842054048
0.45832653412350743,0.5026638997602133,0.03900956611627952
0.4583215858122894,0.5026589440247149,0.03901947016299583
0.4583230311101486,0.5026641790562353,0.03901278983361627
0.45833447002751015,0.502676867582227,0.038988662390262774
0.45832882929617,0.5026609276223002,0.03901024308152986
0.45834669224825736,0.5026842451696971,0.038969062582045445
0.45832557850694333,0.502648598018992,0.03902582347406477
0.4582922488338488,0.5026435072334797,0.03906424393267172
0.4583421200771567,0.5026834862135783,0.03897439370926491
0.4583257861650234,0.5026474124846477,0.03902680135032876
0.4583235055582291,0.5026722521790764,0.03900424226269439
0.4583367894260236,0.502664411399745,0.03899879917423141
0.45833471726929653,0.5026661286535855,0.0389991540771181
0.4583220405723369,0.5026618770509723,0.03901608237669062
0.45832203439939173,0.5026618581410452,0.03901610745956297
0.4583301704513702,0.5026648176807413,0.03900501186788847
0.45832987635193567,0.5026642669759926,0.03900585667207162
0.45832999892940396,0.5026557038407099,0.03901429722988599
0.45832541550477,0.50265084798577,0.039023736509460026
0.45832802305585596,0.5026577800694664,0.039014196874677616
0.45832831871651425,0.5026552031637154,0.03901647811977031
0.45832381978212605,0.5026554850814403,0.03902069513643365
0.4583363425049801,0.5026610121220467,0.03900264537297315
0.45832803602886213,0.5026578378990076,0.03901412607213014
0.4583339803145173,0.5026700555230423,0.038995964162440395
