0,1,2
0.46314132909963507,0.49961860911715034,0.03724006178321454
0.4609240625823492,0.4982660034050637,0.04080993401258709
0.4693198613804216,0.49991367302769896,0.030766465591879438
0.4514919153710497,0.49792773153535724,0.050580353093593
0.44869327288147,0.5033830084052021,0.04792371871332794
0.46628024341275776,0.5035130658302025,0.030206690757039786
0.46270169003850553,0.5108802415220272,0.026418068439467375
0.45025609559718377,0.5049218308475328,0.044822073555283413
0.465359290170503,0.5091336675831404,0.02550704224635659
0.4620804784699124,0.5046683954388929,0.03325112609119467
0.4579139753973915,0.5128467343578248,0.029239290244783573
0.46673106161341404,0.4974687994775995,0.035800138908986305
0.4704119312909632,0.49814089557846086,0.031447173130575934
0.4582157305662248,0.49789635916930336,0.04388791026447186
0.4417224151271912,0.4983534300983962,0.059924154774412645
0.44892265811682164,0.4964156766901499,0.054661665193028404
0.4255535436293367,0.5046458909926379,0.06980056537802551
0.46612845312700524,0.5020972229247602,0.03177432394823455
0.45624528222808497,0.5042225515831897,0.0395321661887253
0.46577859306193187,0.49919868892913466,0.03502271800893345
0.4579145916558931,0.4998849426861272,0.04220046565797963
0.46237314025882575,0.4985186202106186,0.039108239530555707
0.4640341519664627,0.4984315569629999,0.03753429107053725
0.46912983422340665,0.4968632561856313,0.034006909590962094
0.4495412941785971,0.5067635964642592,0.04369510935714377
0.4461796646205469,0.504072487257019,0.0497478481224341
0.4595381486761642,0.5067166415592551,0.03374520976458061
0.4657154680801705,0.496884095868946,0.03740043605088364
0.4554660837026732,0.49859426047522193,0.045939655822104866
0.45587808825615533,0.4992652396528794,0.04485667209096531
0.46430994637516965,0.49853661849531905,0.03715343512951125
0.464390387065204,0.4967650772462955,0.038844535688500305
0.4663206672898879,0.49643400571789276,0.03724532699221928
0.46451186885184204,0.5008528150980314,0.03463531605012659
0.4436839812937669,0.5058567790059282,0.05045923970030486
0.45378036009917844,0.5035036203186412,0.04271601958218037
0.4623668071263484,0.504201652804786,0.03343154006886564
0.46315236596706266,0.5037735721064726,0.0330740619264648
0.45165387489006203,0.4961592130343435,0.052186912075594484
0.4577023434845855,0.49580455962480696,0.04649309689060749
0.46258374290358273,0.49677334610663343,0.04064291098978396
0.4354511520382925,0.5007301718554032,0.06381867610630441
0.45226390141001854,0.49593556637336594,0.051800532216615534
0.4424437636545448,0.4982856242356628,0.059270612109792516
0.4553873789611893,0.5065573146919095,0.03805530634690114
0.46149861470910064,0.4964397848098714,0.04206160048102803
0.4578581455624737,0.49645016600632014,0.045691688431206155
0.4510628895431738,0.5032777387462125,0.04565937171061368
0.4653865256953674,0.509089436460059,0.025524037844573653
0.4586620926804984,0.49632620120262744,0.04501170611687418
0.46394581092831094,0.4953969297852145,0.04065725928647456
0.4567586606938828,0.495873950268984,0.04736738903713318
0.4608669144968754,0.5043562656520608,0.034776819851063685
0.4538905847434966,0.5050412497959872,0.041068165460516226
0.46075318921013625,0.5128090121230382,0.026437798666825687
0.43838325040815007,0.511874113916888,0.04974263567496186
0.4559748810245323,0.5055053114108006,0.03851980756466709
0.45739674690842275,0.5046009721803156,0.03800228091126156
0.4615237045891087,0.5080670788497895,0.030409216561101713
0.4635465628432338,0.5114617884541484,0.024991648702617806
0.4523706258755031,0.49786267372864745,0.04976670039584951
0.4627725849356293,0.4969899143468003,0.04023750071757044
0.4607631217026821,0.49577825284241583,0.04345862545490209
0.4580525277537119,0.49550744544763264,0.04644002679865546
0.46040517618029503,0.4968989001825746,0.04269592363713031
0.4391883746732781,0.497506853885031,0.06330477144169094
0.45702000911579377,0.5046506033920737,0.03832938749213258
0.46179986941000933,0.501571746629585,0.03662838396040563
0.4668255151241703,0.5044392628493353,0.028735222026494422
0.4557650987299929,0.5022275468723866,0.042007354397620496
0.45529527587763763,0.5022972312539196,0.04240749286844272
0.4530191921760563,0.499880508643497,0.04710029918044678
0.45999402350457835,0.4969839365239204,0.04302203997150131
0.45905583616916534,0.5056389709602573,0.03530519287057732
0.4148313410792959,0.5059281338595255,0.0792405250611785
0.456345968305232,0.49544897745254957,0.04820505424221844
0.46357090614557056,0.4970453384791911,0.039383755375238305
0.45112032184899614,0.496143962556666,0.052735715594337915
0.46127805118444853,0.49673413214154316,0.04198781667400828
0.4702681364006062,0.4978457574464223,0.03188610615297152
0.4672801337410905,0.4971042751524514,0.03561559110645798
0.4576481603935947,0.5039520476174928,0.03839979198891253
0.44943211560205315,0.5072799232257462,0.04328796117220059
0.4601620761278758,0.5028670040518776,0.03697091982024654
0.45351508547666614,0.4968930894287809,0.049591825094552996
0.44654528585629094,0.4967373297601884,0.05671738438352069
0.46346084603925913,0.495252570379778,0.04128658358096291
0.40958901661419717,0.5004009256439419,0.09001005774186102
0.4608119931595898,0.5098235717440424,0.029364435096367835
0.4580106411887985,0.510956963444569,0.03103239536663252
0.4542317554823052,0.5060413344541453,0.03972691006354946
0.4421648830013979,0.5052998005023259,0.05253531649627614
0.45440305787038227,0.5034571575771338,0.04213978455248395
0.4295408290073239,0.5064959431840795,0.06396322780859631
0.46920907793597855,0.504614928369222,0.026175993694799615
0.46679575302375476,0.5002753468993493,0.03292890007689609
0.4539337614154898,0.5031319981100705,0.04293424047443989
0.4683731520931644,0.5011429617321397,0.03048388617469597
0.4677153869014355,0.5027644228758554,0.029520190222709016
0.46765967762804755,0.5026570667362529,0.029683255635699558
0.4628389118554247,0.49610396780604066,0.04105712033853464
0.458456632000007,0.4957779700156241,0.04576539798436887
0.4627686726813266,0.49847407386705933,0.038757253451614064
0.4617717211266109,0.4955452570227151,0.042683021850673956
0.4652381159549496,0.496363960685359,0.03839792335969147
0.4516375053569981,0.49823813480775725,0.05012435983524462
0.46567775448385174,0.49631618684216183,0.0380060586739864
0.45460594624586365,0.5091660928154739,0.03622796093866245
0.4599872565604954,0.5099763854307925,0.030036358008712193
0.46402731199169467,0.5069686030570486,0.029004084951256698
0.45002812139690873,0.5071953891756754,0.042776489427415784
0.4631672289441671,0.507220230431754,0.029612540624078965
0.4585559673363983,0.5051459316239184,0.036298101039683284
0.46482135682841896,0.5088915976509986,0.026287045520582496
0.46586705117711513,0.5085955007391796,0.025537448083705134
0.44183117622939333,0.4990027213889731,0.05916610238163356
0.463412876245132,0.49678327066965694,0.039803853085211026
0.459133590275703,0.49542649337066696,0.04543991635363009
0.45605532927318543,0.4968410310352157,0.047103639691598906
0.4650411185027393,0.49885963547042333,0.036099246026837346
0.46440321905477766,0.49814117514518896,0.037455605800033424
0.45609088170978035,0.49993290724674605,0.043976211043473656
0.4631314756897912,0.5000552030937796,0.03681332121642911
0.45967691987802817,0.4977144254967559,0.04260865462521593
0.4460475176396563,0.5017528882254135,0.052199594134930354
0.454992335113573,0.5074251304513347,0.037582534435092255
0.4354435984548392,0.4976210917634215,0.0669353097817393
0.46051331561972886,0.497366912063858,0.042119772316413125
0.45251665206120545,0.49623518771925423,0.05124816021954032
0.4648998484568389,0.4956624826175506,0.039437668925610514
0.4478167930321866,0.4973068848160988,0.05487632215171473
0.4649103486777098,0.5058471303823916,0.029242520939898604
0.4586070091913045,0.4996221738155099,0.041770816993185654
0.4593815772020997,0.49922864285091123,0.041389779946989
0.4476805543533968,0.5000339037574368,0.05228554188916636
0.46659820482883374,0.49642677017165177,0.036975024999514515
0.4645797359483922,0.4979131536885981,0.037507110363009674
0.4707648713471781,0.5003699117230742,0.02886521692974759
0.45818490031215714,0.49762491190317387,0.04419018778466897
0.46313552313088346,0.4972605881289392,0.03960388874017738
0.45214186163785575,0.5044456214922011,0.04341251686994315
0.46260020964160775,0.5024714622874987,0.034928328070893494
0.45132589127300266,0.5064487294634545,0.04222537926354287
0.45812268214904733,0.5018849828982667,0.03999233495268618
0.45724957352619666,0.5066444710625568,0.0361059554112465
0.45586141142340875,0.5076409625898073,0.036497625986784
0.46501899940528757,0.5089240363178849,0.026056964276827604
0.4488714036107608,0.4998094359042431,0.051319160484996136
0.46559093547574626,0.4968604066129524,0.037548657911301325
0.4659776932599572,0.49685560566571174,0.03716670107433123
0.46580469248153944,0.5048214966309814,0.029373810887479142
0.4648026048663628,0.5076366730865727,0.02756072204706463
0.46593519202387046,0.5055389752684883,0.02852583270764118
0.4613112077556968,0.5074823085297534,0.031206483714549756
0.46079639902189806,0.5112372772326367,0.027966323745465083
0.4464492480050817,0.5078130758467065,0.04573767614821178
0.46640642083431144,0.5028058055704124,0.030787773595276034
0.45098208841352044,0.49608663728549934,0.05293127430098023
0.46667760959449733,0.5016897818987283,0.03163260850677442
0.43510821911294023,0.49784086055876253,0.06705092032829722
0.45280585279255964,0.5139472079524721,0.03324693925496834
0.4590441703150852,0.49555447751155995,0.04540135217335482
0.4480946593620632,0.4967160630827967,0.05518927755514018
0.4538920017935663,0.49586842522749286,0.05023957297894077
0.45821103275126446,0.49552833384212047,0.04626063340661502
0.4550734741715087,0.49690609041830747,0.04802043541018378
0.4262919433824503,0.4991608302863692,0.07454722633118054
0.43865754823325465,0.4981322806217733,0.06321017114497206
0.45403352752222864,0.4964802542968878,0.04948621818088353
0.44606090637812557,0.49675831010700855,0.05718078351486584
0.4529680192675472,0.49616895387902266,0.05086302685343008
0.4604282476132353,0.4954282915724848,0.04414346081427985
0.4601418605246883,0.4962471486887987,0.04361099078651292
0.46342483954635916,0.5042335904858828,0.032341569967758034
0.4315109436358322,0.4991433180418026,0.06934573832236506
0.45786998639916493,0.5036901601532395,0.038439853447595526
0.4575272576782142,0.5041250667277322,0.03834767559405365
0.46410400667379736,0.5058709898242406,0.030025003501961963
0.4610190303911616,0.5092257742124464,0.029755195396391942
0.4520791685019115,0.4989125566789125,0.04900827481917599
0.4447887436741634,0.5040898099837196,0.051121446342117044
0.4601992580410991,0.4990124021139115,0.040788339844989405
0.4642817644029309,0.4975001291734463,0.03821810642362284
0.4557232759164246,0.4959440911678647,0.0483326329157107
0.4561489957841269,0.49930017511789854,0.044550829097974545
0.43003591036240113,0.49943413357716415,0.07052995606043491
0.45626599784158195,0.49770446083557407,0.04602954132284395
0.4579097380637976,0.4957612139445226,0.046329047991679875
0.4674222608161583,0.5000969052724713,0.0324808339113703
0.4477571358113528,0.4974662705842938,0.054776593604353385
0.4489585755607302,0.4984890384878567,0.052552385951413004
0.4684417722376462,0.4966543769795238,0.03490385078282992
0.4481049796513395,0.49729383820669865,0.05460118214196193
0.4236564205863347,0.5050459772973603,0.07129760211630465
0.45488078993942016,0.5029899480692617,0.04212926199131808
0.45134269406036726,0.5036711706134547,0.04498613532617803
0.4521020798078142,0.5062744682430191,0.0416234519491667
0.46200798067256466,0.5043426037110627,0.03364941561637267
0.45062565221502615,0.4962122683389587,0.05316207944601524
0.458908929606813,0.4983688299520345,0.042722240441152554
0.4446831814802409,0.5004143418571335,0.05490247666262559
0.4583338018005131,0.4966914884961511,0.04497470970333583
0.4602946009318203,0.49703619436321617,0.04266920470496373
0.46058964989835566,0.5003419281844003,0.03906842191724417
0.4676076975926032,0.4998053041063922,0.032586998301004665
0.4651673165070877,0.49787664410899846,0.03695603938391399
0.466866979464974,0.5061558801535451,0.026977140381480937
0.4652708538701617,0.5053450739187808,0.029384072211057568
0.4633267899410997,0.5024455913814143,0.03422761867748593
0.4649345976686911,0.505332554276837,0.029732848054471954
0.441858009563668,0.5080809564655215,0.0500610339708104
0.45652930040380935,0.5035095286591461,0.03996117093704452
0.461609576775684,0.5032203994738765,0.03517002375043956
0.4663836118916249,0.5058996858290092,0.027716702279365894
0.4544550772373991,0.4960300116140139,0.049514911148587054
0.4517448727066253,0.49798917719122693,0.050265950102147815
0.4530534832212032,0.49681020562083067,0.05013631115796612
0.46518095715057417,0.49594380577720226,0.03887523707222351
0.44989886238396054,0.49814545677352706,0.05195568084251234
0.4532357458244071,0.5050949117273323,0.041669342448260524
0.4650715172481387,0.5073098852563661,0.02761859749549519
0.45675331171305006,0.5060036750026355,0.0372430132843144
0.4652649607042943,0.5047844088882746,0.029950630407431202
0.46288930483862906,0.4979988860604997,0.03911180910087112
0.4697225631481792,0.49725918912671463,0.03301824772510618
0.4403055956765286,0.49717811645295396,0.06251628787051745
0.44754780756625995,0.49837205405983187,0.05408013837390814
0.4667235291714796,0.499280456622693,0.03399601420582734
0.44401254532219625,0.496865570289126,0.059121884388677826
0.47019358708636516,0.4978426081001208,0.031963804813514
0.45505064807914136,0.49863952517538784,0.04630982674547072
0.46730197754591024,0.496704789547988,0.03599323290610174
0.46198237536625514,0.49787035072620206,0.040147273907542774
0.4589287825604715,0.49746385721320446,0.04360736022632423
0.45484193724806693,0.49590762935611904,0.04925043339581402
0.4582968336607082,0.5030429794371808,0.03866018690211101
0.4636158015047121,0.5033964098121033,0.032987788683184575
0.46664865798394467,0.5073823450575039,0.025968996958551455
0.45633201381981936,0.4956303587911196,0.048037627389060984
0.44355076019734263,0.49817099439667173,0.05827824540598574
0.4591640477339777,0.5024313106322418,0.0384046416337806
0.44017264108812515,0.5049674561479837,0.05485990276389102
0.45678265703276144,0.5044709022977427,0.03874644066949593
0.458308102888041,0.5025962027883061,0.0390956943236529
0.4634762397434554,0.4973046293375038,0.03921913091904075
0.4647161271425864,0.498967766599054,0.036316106258359585
0.45301361402439577,0.507374337601572,0.039612048374032253
0.4578013893388894,0.507461542954248,0.03473706770686269
0.45832240767514526,0.5057344349558061,0.03594315736904876
0.4605322230539299,0.5078007840003416,0.03166699294572862
0.423073313359072,0.5022739727673539,0.07465271387357438
0.46444112399428034,0.49723639526757835,0.03832248073814124
0.4441844334686599,0.5041956929948046,0.05161987353653558
0.46288749426171183,0.4973062833147292,0.03980622242355901
0.4462168094472441,0.4978808008531843,0.055902389699571606
0.46991619673861945,0.50214436287717,0.027939440384210604
0.4533293018001304,0.5067960708551194,0.03987462734475026
0.4619690755113284,0.4952427814376772,0.04278814305099451
0.4636778471207681,0.49830342308358616,0.038018729795645925
0.45421318913519876,0.4958494429683346,0.04993736789646676
0.4347928493426287,0.49844206104090644,0.06676508961646474
0.4526829556859039,0.49663831194094693,0.05067873237314918
0.46230064264446397,0.49693244854184443,0.040766908813691605
0.44230147611884846,0.5051724271977611,0.05252609668339054
0.4619963052894915,0.502353486718727,0.035650207991781466
0.45936167873426237,0.5017586546635829,0.03887966660215478
0.46135198897589724,0.5031455774314796,0.03550243359262329
0.45382796829503647,0.5032011657160247,0.04297086598893891
0.459180155754025,0.503452584406296,0.03736725983967898
0.44451062581535894,0.5049220346144814,0.05056733957015971
0.46549655505940896,0.5101365288587951,0.024366916081795777
0.45881269336649455,0.5017421933172689,0.03944511331623652
0.43923170413911733,0.4974892676496501,0.06327902821123256
0.45911899109642823,0.4966919973788827,0.044189011524689056
0.45338543383853586,0.4957079730036416,0.05090659315782253
0.4581499453682574,0.5107253434944973,0.031124711137245298
0.46350469975566577,0.5024275031261397,0.034067797118194375
0.4595687168696377,0.5041603736854278,0.03627090944493455
0.4603999059228285,0.5023359416088933,0.03726415246827827
0.46379670699574127,0.5024222390932264,0.03378105391103244
0.45858236021422616,0.5041091485451166,0.03730849124065714
0.4621829502869548,0.5051524970707679,0.03266455264227708
0.4679668567226676,0.4994322014509933,0.03260094182633903
0.46245003422408204,0.49923995105393365,0.03831001472198437
0.4461593514286219,0.4974270964740436,0.05641355209733457
0.4619647514638795,0.5024924702151262,0.03554277832099437
0.46046519970538574,0.49630166450555124,0.043233135789063015
0.46148513888988185,0.49559332456449473,0.04292153654562344
0.44581817961554465,0.497519668780937,0.05666215160351839
0.4609765064715435,0.5015467444127357,0.037476749115720825
0.4471408464487311,0.5070598633973711,0.04579929015389787
0.4685937346585345,0.49960814460422465,0.03179812073724089
0.4508046216030067,0.5046128817174353,0.044582496679557874
0.4689781453849314,0.4970576819359207,0.03396417267914793
0.46142748632737973,0.4972410689946903,0.041331444677929964
0.4636468157941112,0.5034279340154694,0.03292525019041937
0.46013695606563576,0.5034944753140059,0.036368568620358366
0.45110403969996327,0.5033229437653249,0.04557301653471168
0.45986471559897724,0.5078263334731679,0.03230895092785496
0.46153427867748126,0.5022976859274906,0.03616803539502814
0.4655670703214474,0.5006386903380979,0.033794239340454627
0.45132668910902407,0.4971528396178607,0.051520471273115244
0.46365528196941697,0.5053536224422779,0.030991095588305206
0.44760410699178965,0.5042747697043162,0.04812112330389406
0.46655241242637646,0.4994763253428408,0.033971262230782694
0.46975764199625103,0.4973149136045036,0.03292744439924538
0.45628187410020227,0.49857185440038493,0.04514627149941269
0.45889674085734766,0.5147714368320687,0.026331822310583793
0.4650440736856094,0.5082566064187944,0.026699319895596204
0.45459310787565194,0.4960649674094587,0.04934192471488944
0.4632346036901618,0.4965041287047623,0.04026126760507588
0.46581896060327793,0.4982429901121803,0.035938049284541744
0.4651185887744406,0.4963194694552976,0.03856194177026169
0.43871669377881944,0.49969340561883235,0.06158990060234823
0.4567531261183711,0.49769813804522156,0.045548735836407415
0.45412180366010163,0.5032001467303874,0.04267804960951105
0.45623255111204725,0.5011410226273787,0.042626426260573946
0.46550971121700563,0.5004504156592342,0.034039873123760125
0.4567128446680712,0.5021018745751173,0.04118528075681146
0.4637920652383323,0.5031053199305449,0.03310261483112286
0.46761776272093725,0.5037470057278256,0.028635231551237133
0.4495204873558645,0.505543886719437,0.044935625924698554
0.45800722512230124,0.49569964814976364,0.046293126727935105
0.4570526640837088,0.496142544170784,0.04680479174550719
0.45379538124855096,0.49580200386248113,0.05040261488896785
0.4480133423729154,0.5210251382374874,0.030961519389596955
0.4645654898765608,0.5064313910217748,0.02900311910166443
0.4534267903039867,0.49780348636021365,0.048769723335799604
0.47008712833084565,0.502771091603705,0.02714178006544941
0.46222076080528907,0.4964297153263389,0.041349523868372026
0.45516679011800215,0.4965035613189829,0.048329648563015006
0.46586984178251195,0.4993838257261861,0.0347463324913019
0.4684990358677181,0.5033522331163442,0.028148731015937598
0.46437768658032713,0.49960020216230344,0.03602211125736946
0.46340547078586986,0.4985966544251386,0.0379978747889916
0.4642759690689294,0.50679767126659,0.02892635966448071
0.45945083032105277,0.4957972920085797,0.04475187767036753
0.46234247031055625,0.49618317906869563,0.041474350620748134
0.4579741725129543,0.49548160494596655,0.046544222541079185
0.4595023015619938,0.5016946669775124,0.0388030314604938
0.4630623176676916,0.5015071905051655,0.03543049182714288
0.45721927549228175,0.5038761211810054,0.038904603326712764
0.4526302800557742,0.5030148030354693,0.044354916908756564
0.4536679870329912,0.5039401981174488,0.04239181484955996
0.438650585947643,0.4989706517908826,0.06237876226147437
0.4622983479145953,0.49773513866664876,0.03996651341875591
0.46270196175671,0.5044685198788904,0.03282951836439955
0.44714123440912645,0.4984258436784155,0.054432921912458035
0.45505503197339914,0.5200914128723144,0.024853555154286423
0.4535211777999305,0.5108039078883214,0.03567491431174798
0.4559805707962075,0.5156293085452006,0.028390120658591766
0.4550087405982327,0.4957760362319632,0.04921522316980415
0.46013137498735857,0.4957485388372777,0.044120086175363706
0.4295632042698077,0.5006895527064202,0.06974724302377217
0.4467229859793398,0.49867122996568725,0.05460578405497296
0.4487703592776948,0.49641708568863263,0.054812555033672494
0.46482057752153894,0.49927041023926744,0.035909012239193516
0.4663940219443204,0.5021643352237465,0.03144164283193316
0.45828057879258416,0.5025009787206205,0.03921844248679536
0.4580085194053956,0.5025374461642804,0.039454034430324046
0.4609174385354492,0.510281664940013,0.028800896524537784
0.46024580455107705,0.5046945926519848,0.03505960279693818
0.45720609261513334,0.5069085408219,0.035885366562966675
0.45485104864996534,0.5033949032090188,0.04175404814101593
0.46503733544793713,0.5065905901462894,0.02837207440577363
0.46674805988675766,0.5039667721340964,0.029285167979145987
0.4319915245241359,0.5158595164032578,0.05214895907260618
0.4644072156759598,0.5098554049165879,0.025737379407452368
0.45802764848832894,0.5058134141044647,0.03615893740720651
0.46475368429492225,0.5087943241832493,0.026451991521828398
0.46132507317570093,0.4988134106986154,0.039861516125683644
0.4567470826414153,0.4998548374299874,0.043398079928597275
0.4690505908104387,0.49721247693693843,0.03373693225262283
0.46830451294868397,0.49730325048381924,0.03439223656749687
0.4205898005082748,0.5057796264798868,0.07363057301183838
0.4617756008961246,0.49570009524425684,0.04252430385961848
0.4534997242492651,0.5032512118451876,0.04324906390554727
0.46349273372194416,0.5060633689688225,0.030443897309233324
0.4472158517242708,0.49645709143350947,0.05632705684221972
0.4607743996564271,0.4957529770514337,0.04347262329213924
0.4587369847061759,0.5027387573200851,0.03852425797373889
0.46500284993640534,0.5039160803604805,0.031081069703114174
0.4632038668552332,0.5043396961648796,0.03245643697988718
0.4631305916013378,0.5046053817675085,0.032264026631153624
0.4629043767057186,0.5020837403613672,0.0350118829329142
0.45557686450710877,0.502139348876483,0.04228378661640819
0.4521543160672739,0.5027664432636003,0.04507924066912567
0.4515823348195157,0.5067540878492579,0.041663577331226415
0.4460389665729675,0.49692079925390686,0.05704023417312568
0.46492849294934974,0.5053705795815727,0.029700927469077727
0.46929701394151324,0.4969212355120686,0.033781750546418146
0.4498113383671043,0.5007935846707057,0.049395076962190095
0.45309127709491287,0.5082374792169502,0.03867124368813684
0.43665240341251593,0.49728764903138156,0.06605994755610255
0.46180108910489487,0.5015771085583091,0.036621802336795954
0.4565151811610761,0.5020533959147235,0.04143142292420049
0.4251345063079337,0.5149194367575496,0.05994605693451671
0.462476885236312,0.5040747854415754,0.03344832932211261
0.4562033177915441,0.5042208633480801,0.03957581886037569
0.46528154382451403,0.49752866420734243,0.03718979196814362
0.4652008389086388,0.5015567331348824,0.033242427956478866
0.45223937991124474,0.499262332825264,0.048498287263491154
0.46177111386816183,0.49777123620459857,0.040457649927239596
0.464361630327343,0.4973068516906792,0.03833151798197774
0.4630918392154672,0.4970547119962669,0.039853448788265904
0.452586272512892,0.49589470515165823,0.05151902233544975
0.46345235065469376,0.49568159475252677,0.04086605459277946
0.4335422652471369,0.5053051275392636,0.06115260721359954
0.4672211362860684,0.49875283575736046,0.034026027956571156
0.44485725574666957,0.49670222817971266,0.058440516073617686
0.46180738959508544,0.4965802971756996,0.04161231322921499
0.44349457318131924,0.5058086648099941,0.050696762008686676
0.4653705186164294,0.5027832326516142,0.03184624873195643
0.46076264600499967,0.5042049989664529,0.03503235502854745
0.4689628442123896,0.5006464932515641,0.030390662536046217
0.4526046419275599,0.497076967433068,0.050318390639372136
0.46374617017600417,0.49604420412187883,0.04020962570211703
0.4491161991948711,0.4981340406414867,0.05274976016364211
0.4677475517826465,0.504777018799251,0.027475429418102434
0.4533151924521775,0.5064775427439618,0.04020726480386073
0.4498366563641874,0.49764394153494385,0.05251940210086882
0.4628112212472965,0.5023077843338299,0.03488099441887347
0.4475862836717918,0.504223163481162,0.048190552847046216
0.4583859201657775,0.495700822722737,0.04591325711148554
0.46480115769316366,0.5009364097015857,0.0342624326052507
0.45378838664211646,0.4964471015682916,0.0497645117895919
0.420823342914251,0.49917592927816,0.08000072780758904
0.4614093366393203,0.4952681064985878,0.043322556862091875
0.46417505738999026,0.4960646773521734,0.039760265257836366
0.46353886396554933,0.4956331796854062,0.04082795634904439
0.4658033501307578,0.5030550916556161,0.03114155821362612
0.4623622699670748,0.5123391276318096,0.025298602401115516
0.4583602560703931,0.5058317244205449,0.03580801950906199
0.4652382227453013,0.5070720527990397,0.027689724455658957
0.46650173964357977,0.5071893095026251,0.026308950853795112
0.4651143340752982,0.5075877537670734,0.027297912157628473
0.466481822918853,0.5036028664161404,0.029915310665006693
0.4483983535264999,0.5086195640722385,0.04298208240126158
0.4662331726887941,0.49743936283653856,0.03632746447466732
0.4603086626127302,0.49973698136379424,0.03995435602347563
0.4588123390380026,0.5052772006976185,0.035910460264378954
0.4624402600207101,0.5043959238039923,0.033163816175297636
0.46713915957846186,0.49860206249084926,0.03425877793068888
0.46010760368933146,0.4957476163846501,0.04414477992601839
0.463554852325377,0.5035806318219758,0.03286451585264732
0.46381704094047077,0.5016444231612335,0.03453853589829585
0.44959320735653097,0.5075036171306803,0.04290317551278877
0.46025362633884775,0.4964522703886761,0.04329410327247616
0.44596017921644815,0.4970187175104585,0.05702110327309345
0.44124092534509074,0.4968706870122906,0.06188838764261867
0.46847676516585307,0.5044730065122004,0.027050228321946534
0.4668136703999643,0.49651524846417916,0.036671081135856584
0.4516618017187607,0.49786780997189695,0.05047038830934234
0.4645029398633574,0.4981822158543051,0.03731484428233766
0.46760162466835303,0.5067481215697521,0.025650253761894965
0.45774562076610514,0.5167204235174285,0.025533955716466578
0.46791829617180825,0.5005339248875502,0.0315477789406415
0.4561228931168004,0.4984692454532444,0.04540786142995522
0.4608074733897649,0.49524617876011096,0.04394634785012408
0.46368831129338706,0.4965549845877237,0.03975670411888918
0.4690508185307456,0.4983945497981762,0.032554631671078194
0.45956789478028676,0.5039457912292834,0.03648631399042975
0.45599780932686834,0.5060992726908609,0.03790291798227088
0.4649224210894405,0.5042900576158611,0.03078752129469838
0.45517626382104337,0.5029565700634556,0.041867166115501044
0.44690532158806445,0.5041304930304535,0.048964185381482034
0.46612342155271613,0.4982858331770756,0.035590745270208224
0.45800610365600275,0.5040041073327934,0.037989789011203784
0.4665915416176553,0.503377391088952,0.03003106729339262
0.46504074320595074,0.5042410037499782,0.030718253044070987
0.4631217278435325,0.5022781822842085,0.03460008987225898
0.4424379084683047,0.49738217117537414,0.060179920356321095
0.4401185238553386,0.4974588199458512,0.062422656198810086
0.45401917499066957,0.4957779981276238,0.05020282688170662
0.4479844327338553,0.49674108651931126,0.055274480746833436
0.4489509584878272,0.5216664235317537,0.029382617980418965
0.44323981737184925,0.49900620714230626,0.05775397548584453
0.45280084738314336,0.5075752260228921,0.03962392659396442
0.4580075858850936,0.4984638740281797,0.04352854008672667
0.4677427458353657,0.4989727670131869,0.033284487151447426
0.4584808314987911,0.4973172798488625,0.04420188865234627
0.46769043665241994,0.4976923265975518,0.03461723675002822
0.46378340225814174,0.5003325533591807,0.03588404438267752
0.4437169163555046,0.49710920076615317,0.05917388287834223
0.46443376126870933,0.49526537438887797,0.04030086434241275
0.4525470825716149,0.49680370562748205,0.050649211800903045
0.4492510812178943,0.49738904911531656,0.053359869666789184
0.46119845343681454,0.514966678610495,0.023834867952690374
0.46431058944714093,0.5057230167991555,0.029966393753703455
0.46340794626025933,0.5089413622511556,0.02765069148858495
0.4492757621749874,0.4966065872957434,0.054117650529269125
0.46084100820251267,0.502441008236922,0.03671798356056549
0.45697317524252923,0.49855713556135833,0.04446968919611253
0.45194321622809847,0.5045168071469583,0.04353997662494317
0.4680653970642872,0.5017222204375007,0.030212382498212145
0.460574404897729,0.49953085810487236,0.039894736997398594
0.4669155328970114,0.505694217838314,0.027390249264674624
0.4679780849710977,0.49700636453544744,0.035015550493454894
0.46544308334247936,0.49575543862947435,0.038801478028046225
0.454490688663982,0.4958788885274573,0.04963042280856073
0.44812715529672226,0.4967019226286259,0.05517092207465186
0.4150841052469511,0.5141718760248271,0.07074401872822184
0.46459590873174905,0.5053292942901251,0.030074796978125862
0.4606463128799786,0.4979980972309296,0.04135558988909186
0.4600187096579599,0.5009289733537893,0.03905231698825092
0.4641246190667435,0.49945156952689773,0.03642381140635885
0.46185139658556923,0.4964705244096038,0.041678079004826854
0.46452448154556303,0.5007729381058442,0.03470258034859289
0.46654285674258456,0.4969353953381224,0.03652174791929293
0.4595406779080953,0.5029503473298835,0.03750897476202114
0.4560849759905384,0.5045085994857953,0.03940642452366646
0.459494789635006,0.5058609367158717,0.03464427364912234
0.4653405811272171,0.5023482235179123,0.03231119535487053
0.45562241728779884,0.5116916088696823,0.0326859738425188
0.4590623069546396,0.5169626002247306,0.023975092820629595
0.4512184823905974,0.5108564059095898,0.037925111699812754
0.43069337223846077,0.5002736569075757,0.06903297085396341
0.45332390748678664,0.4978898141061819,0.04878627840703147
0.44810541477133614,0.5125671255999678,0.03932745962869604
0.46765061279149533,0.5044787574467208,0.027870629761784015
0.4522736661550208,0.5034983857209593,0.04422794812402001
0.4626826644978368,0.5127020466674208,0.024615288834742496
0.46306467769098963,0.4969157509028158,0.04001957140619457
0.4522500857783729,0.49618300429697854,0.051566909924648574
0.4684471131042821,0.5006298630098949,0.030923023885823065
0.4564877753785411,0.5097258020674469,0.033786422554011965
0.4565214396951001,0.5133238025414006,0.03015475776349934
0.4524730514519565,0.5255625357267436,0.02196441282130009
0.4607060410532773,0.4954657998457444,0.04382815910097819
0.4681443701171282,0.5015088332562726,0.03034679662659911
0.46010098905844954,0.5067868631293205,0.03311214781223001
0.4633531213573362,0.5021366581675932,0.034510220475070526
0.46080912247177597,0.5023576936738062,0.03683318385441779
0.4642389242390541,0.5039118341700253,0.0318492415909206
0.4426283762684777,0.5117395267708795,0.0456320969606428
0.44993908447794023,0.4986979779039783,0.05136293761808154
0.4580489863502875,0.495609375511702,0.04634163813801047
0.45947546185937177,0.49697040790981434,0.04355413023081387
0.4604937893325984,0.5029101090007625,0.03659610166663896
0.4495865949993374,0.5031579023891529,0.04725550261150961
0.45882552940663235,0.5185238691721488,0.022650601421218927
0.45379238747332445,0.5064036430869451,0.039803969439730434
0.45915677925261716,0.4961085604103505,0.044734660337032287
0.4498708706728743,0.49660245483636334,0.0535266744907624
0.4630862706651578,0.4956297430147067,0.04128398632013556
0.4640146126975611,0.5065963646916682,0.029389022610770706
0.45935925968041597,0.4985347886591991,0.04210595166038484
0.46581667241244507,0.5080819955291931,0.026101332058361838
0.45518697570398947,0.5036891466789934,0.04112387761701706
0.4568878982409682,0.5044108797227558,0.03870122203627597
0.4630151463027103,0.5071948509384367,0.029790002758853008
0.45336976748522295,0.5103064086781399,0.03632382383663708
0.4565105626328746,0.506011201115684,0.037478236251441484
0.4585552434205814,0.5075086371427724,0.033936119436646164
0.46180453471130634,0.4977306310347021,0.040464834253991645
0.4572784035604342,0.4999236313131507,0.042797965126415025
0.44953515604271854,0.4973247252793468,0.05314011867793465
0.46227490748116523,0.49555973738996345,0.042165355128871214
0.45632345407885033,0.49609864266328124,0.04757790325786849
0.4643099932490235,0.5037423729500244,0.03194763380095199
0.4648127955525735,0.5047528262618974,0.030434378185528913
0.45049005925144575,0.4968198154769595,0.05269012527159477
0.44980780716984736,0.49641697355805753,0.05377521927209513
0.4104653661233549,0.5121882539681106,0.07734637990853471
0.44130991343760867,0.5118790206433755,0.046811065919015925
0.44565434046877267,0.5053387645264606,0.04900689500476644
0.4634956969000885,0.503454446842936,0.03304985625697538
0.46153567280004676,0.50391087673933,0.03455345046062332
0.4451474134696025,0.5049325683172416,0.04992001821315581
0.458364303548808,0.5032998386159196,0.038335857835272345
0.42952338512922156,0.5072677076753913,0.06320890719538727
0.45235776475938194,0.4959657494726134,0.05167648576800465
0.4582343231337295,0.49628488951237826,0.0454807873538923
0.46475097227118434,0.49567238936409547,0.0395766383647202
0.43986754420506935,0.5126731116291366,0.04745934416579388
0.44808019918880587,0.4972470720171321,0.05467272879406197
0.4510434461756407,0.49607030834122573,0.052886245483133594
0.4374449514950467,0.5123483323374671,0.050206716167486114
0.46392323324786694,0.5021828931522058,0.03389387359992738
0.4653865866179056,0.5048243217100946,0.02978909167199963
0.45797437651219675,0.49888581983128244,0.043139803656520904
0.45013130032161514,0.4961823447207363,0.05368635495764857
0.43547088636647685,0.4997001077524963,0.06482900588102679
0.45363836034836724,0.5198821146110746,0.026479525040557967
0.45652044144272885,0.5125331171928844,0.03094644136438661
0.44987866287731215,0.513146153848049,0.03697518327463889
0.469996415264557,0.5007948203102169,0.029208764425226092
0.46409495914365734,0.5006779413115268,0.03522709954481594
0.4442194969437163,0.5050404652047812,0.050740037851502516
0.451105596617634,0.5037364928596703,0.04515791052269577
0.4356166220998337,0.5064989993968468,0.05788437850331948
0.46415352507243024,0.503658356353442,0.0321881185741277
0.448354461184642,0.5051163181931355,0.04652922062222243
0.45273357930023356,0.5044796094117417,0.042786811288024605
0.453125345243062,0.5084709017067717,0.03840375305016638
0.45883086103462023,0.5162943364214129,0.024874802543967088
0.4548347063634101,0.5065600975349471,0.03860519610164261
0.46790967186140076,0.5013645927269075,0.03072573541169189
0.47022408915953406,0.5024536096449677,0.027322301195498323
0.46888864053151824,0.49771716126574306,0.03339419820273884
0.46635672417455243,0.49730079486933104,0.03634248095611654
0.4686548726660037,0.49748444972513706,0.03386067760885916
0.4545721991657274,0.49644087593727926,0.04898692489699334
0.4611897277766449,0.4967096319400944,0.0421006402832607
0.4557072134922146,0.49690901531805526,0.047383771189730035
0.45668791266229297,0.49767772495623835,0.045634362381468695
0.46793486990905886,0.49788596639366145,0.03417916369727969
0.45725471387746514,0.5040803614489232,0.038664924673611614
0.444046367623264,0.5051158840010018,0.050837748375734154
0.43844142278539106,0.5093926241338418,0.05216595308076703
0.45441991321842534,0.5024359980222783,0.043144088759296276
0.4640421064332119,0.5057514862931285,0.030206407273659575
0.46197565538493385,0.5111186509256361,0.026905693689430035
0.45650000647933303,0.5046130625212857,0.03888693099938119
0.4553655201119699,0.5122661962251424,0.032368283662887826
0.45324140830841864,0.5057000967821522,0.04105849490942919
0.4583954190098041,0.5042074958219113,0.03739708516828454
0.45907371629606475,0.5011567075030661,0.03976957620086904
0.4634871342680014,0.5069829005115299,0.029529965220468593
0.4580185285654169,0.5192051127391701,0.022776358695413137
0.4617939383967647,0.49581245891246006,0.042393602690775196
0.46083105455214823,0.4966963762446359,0.04247256920321577
0.4522630146840016,0.49999652801235583,0.04774045730364247
0.46016690249259856,0.496300232351036,0.04353286515636554
0.4675546732424685,0.49813613149421865,0.03430919526331274
0.45608655871091697,0.4988526597909619,0.04506078149812123
0.4685734218850298,0.4985722968124948,0.03285428130247539
0.46909072595521917,0.5005314213183553,0.030377852726425517
0.4673567854384444,0.5032388089810076,0.029404405580548087
0.45361409134761593,0.5032970363978757,0.04308887225450843
0.45716311097898127,0.5040346985266059,0.0388021904944129
0.4664210496359156,0.4981360131423165,0.035442937221767896
0.46820228551822946,0.5032529003516775,0.028544814130093077
0.4678964966117059,0.5043937509243912,0.027709752463902775
0.45239930883193386,0.5008504646974888,0.04675022647057732
0.4576432648074793,0.49549594831512594,0.046860786877394645
0.46140489028143694,0.4999963435584846,0.03859876616007844
0.4493834103488464,0.5093563065589358,0.04126028309221787
0.4648700473746198,0.5054880614585693,0.02964189116681079
0.4613814725571372,0.5043315592215438,0.03428696822131909
0.4605411897735149,0.5050720993728386,0.03438671085364651
0.4695365125430414,0.49818828103390284,0.03227520642305577
0.46492707485393076,0.4963429349804352,0.03872999016563402
0.4599063712453799,0.4974114696026405,0.042682159151979635
0.46765073489843145,0.4975918118712124,0.034757453230356256
0.46602750316671704,0.4969112978585373,0.03706119897474556
0.46197389285107576,0.5033708424288027,0.03465526472012157
0.4647675963511581,0.5039131808878332,0.0313192227610088
0.46482773752840206,0.5065342318016107,0.028638030669987265
0.46404734863920827,0.504068181979506,0.03188446938128577
0.45966465255066696,0.513527448825179,0.02680789862415387
0.44247035998835255,0.5185083467287666,0.03902129328288087
0.45465944966358285,0.5210525065241493,0.02428804381226795
0.46124117165896183,0.4986527411979282,0.04010608714311008
0.4682346249913628,0.4970212568739076,0.034744118134729565
0.46429502789148874,0.5016263688420165,0.03407860326649477
0.4610882449554618,0.5045768991592344,0.034334855885303654
0.46965747589074636,0.5005813055763338,0.02976121853291975
0.464566874060367,0.49684307478342843,0.03859005115620442
0.4650106463844655,0.4978885273566197,0.03710082625891494
0.46440842778825264,0.49892150422525283,0.03667006798649454
0.4446803271048989,0.5028790309314132,0.052440641963687994
0.44782729211305705,0.5003018409564206,0.0518708669305223
0.4682598350343213,0.49793268246122274,0.033807482504455956
0.4319460088115809,0.4983663454393584,0.06968764574906083
0.45004160338817273,0.4984087716376384,0.051549624974188905
0.44335034915048416,0.49883953234819417,0.05781011850132169
0.4541342398042422,0.49834683395351953,0.04751892624223835
0.46437214256779413,0.49986256068729523,0.03576529674491058
0.4627180995939161,0.5010839376209618,0.03619796278512207
0.4442652254646581,0.4993780463332465,0.05635672820209546
0.45573003284769315,0.49796111611956284,0.04630885103274392
0.4640045486370762,0.5041991070028371,0.03179634436008672
0.4561295511613836,0.5024362663076749,0.04143418253094148
0.4614311793308242,0.5041846025517461,0.03438421811742962
0.4616246117132011,0.5059829085185044,0.032392479768294485
0.44728197276579373,0.49745507934469724,0.05526294788950892
0.44922599004163066,0.4999455197210061,0.05082849023736317
0.45495480858675935,0.5154780649152126,0.02956712649802806
