0,1,2
0.48497834719895627,0.4831497339701823,0.03187191883086144
0.4737544536686277,0.48498665224452464,0.041258894086847485
0.4193836520712235,0.5417835764105389,0.03883277151823778
0.4845977840982767,0.4759645674320841,0.03943764846963921
0.46860736025377253,0.4941442070778179,0.03724843266840955
0.4476349311186008,0.5119503725245991,0.04041469635680016
0.4657652271102319,0.494220183076212,0.04001458981355589
0.42307274501004866,0.5381423309155682,0.0387849240743833
0.45454072956391056,0.5078586026062615,0.037600667829827954
0.44094439322821966,0.5238371321908024,0.03521847458097766
0.4218044767819088,0.5392830469908062,0.038912476227285005
0.4272966356101809,0.5362772335962058,0.03642613079361339
0.4720781059826325,0.4870988435263732,0.040823050490994245
0.47783488258896833,0.4912733953525738,0.030891722058457825
0.5070508440347739,0.4593678451627301,0.03358131080249609
0.4345458084905094,0.5289441703445551,0.03651002116493538
0.43022597142656316,0.5354972100979889,0.03427681847544808
0.5309036901608983,0.43070240581497005,0.03839390402413132
0.4734764428110078,0.4944802942198212,0.0320432629691709
0.47235331314382384,0.491504340657689,0.03614234619848737
0.47764606733399323,0.48385571929678267,0.03849821336922405
0.41224040692650127,0.556994499268539,0.0307650938049597
0.4271990568390257,0.5364954024135372,0.036305540747437
0.4255283844681643,0.5354272682955942,0.03904434723624144
0.4801747417068454,0.486788733755493,0.03303652453766144
0.4140611878853581,0.5524794818996542,0.0334593302149876
0.39592914194154977,0.549082087280439,0.054988770778011536
0.4562616729244934,0.5040523765269527,0.03968595054855398
0.4574571691206227,0.5041599178648345,0.038382913014542816
0.4632737174552756,0.4991334689018397,0.03759281364288467
0.49800546064672124,0.4607396369428065,0.041254902410472236
0.5107032002298645,0.45906652302424983,0.030230276745885534
0.4918937972810688,0.4705705132411577,0.0375356894777737
0.46290812272082016,0.49728081522556183,0.03981106205361818
0.4499283834916225,0.5122575154512014,0.037814101057176114
0.5327232041695391,0.4347258752073637,0.032550920623097404
0.4346172812996221,0.5260421137401962,0.039340604960181554
0.44040532793210335,0.5233722036733464,0.03622246839455017
0.4067627784421735,0.5643455077610685,0.02889171379675786
0.47047602715636744,0.4970264092658965,0.032497563577736005
0.40272255822363207,0.5600205975655481,0.03725684421081993
0.4219045175667464,0.5377010601582919,0.04039442227496153
0.48539821827764895,0.4756460064354576,0.0389557752868934
0.4170851783149346,0.5328657381572371,0.05004908352782848
0.39978452404675285,0.5591597265964947,0.04105574935675246
0.5514506387549307,0.41078846565589305,0.037760895589176176
0.4370027387046891,0.5151507471047171,0.047846514190593756
0.4650596590750697,0.4949992239879483,0.03994111693698208
0.5883722519512018,0.3826429840911643,0.028984763957633802
0.4595926092624371,0.5005018421248032,0.039905548612759745
0.426876834291874,0.5344684504799743,0.03865471522815192
0.5219051370369042,0.444967835860329,0.0331270271027666
0.4793660167852977,0.48042473655933465,0.04020924665536757
0.4058256355430023,0.5552654202622324,0.03890894419476517
0.42361868580086465,0.5410127929229281,0.03536852127620705
0.5134691974296344,0.45484259938055704,0.03168820318980856
0.44309699531635993,0.5172489375021061,0.039654067181533914
0.4684887906112067,0.4918530760873024,0.03965813330149095
0.41734056070777636,0.5549975943711736,0.027661844921050036
0.4830487798623804,0.47616805130016654,0.04078316883745311
0.42841069861170267,0.5343263502826922,0.037262951105605104
0.5302421461038168,0.43079692037267037,0.03896093352351289
0.5093532596426578,0.45536523887064806,0.03528150148669431
0.5307714123346556,0.4347961131094004,0.0344324745559439
0.463630914677604,0.5001132935342859,0.03625579178811029
0.4586800138496677,0.5060864879318493,0.03523349821848319
0.5028438463575897,0.4622891305219326,0.03486702312047755
0.444761128094154,0.5157342473643673,0.039504624541478954
0.3992218381929276,0.5631615648774854,0.03761659692958724
0.4376452028282008,0.5218514637204805,0.04050333345131842
0.4126457372641471,0.5486945487995593,0.03865971393629366
0.4863975416048256,0.48173858147937376,0.03186387691580034
0.4954269845824003,0.46377081960095495,0.04080219581664481
0.4137588283540411,0.5454799193186249,0.04076125232733406
0.44542277849645673,0.5267333884627211,0.027843833040822212
0.4524695372997735,0.5070777861779405,0.04045267652228589
0.46298789992576844,0.5021935881299877,0.03481851194424399
0.4228966752378196,0.5391807344996659,0.037922590262514676
0.5552664386996526,0.4094587011442321,0.03527486015611531
0.46993462221854565,0.4890144246997583,0.041050953081696144
0.4214995575851764,0.5409407208468796,0.037559721567944016
0.39827333233834983,0.5700125378275152,0.031714129834135005
0.41786882990379287,0.5432424233658574,0.03888874673034989
0.424967277918225,0.5416342505257602,0.03339847155601491
0.44694379389264227,0.5125448003285872,0.040511405778770736
0.45660611774965026,0.5063979512446205,0.03699593100572914
0.41302315703940684,0.5499772069152742,0.03699963604531888
0.5026644258566627,0.4514425429551304,0.04589303118820704
0.5129014901728773,0.4449813374063612,0.042117172420761566
0.536994865338174,0.42058986688284267,0.04241526777898319
0.4825848315783243,0.48471604170493404,0.032699126716741696
0.5192876611144923,0.3862289645073222,0.09448337437818524
0.4194999920300203,0.5399700249813835,0.040529982988596024
0.42012945859300144,0.5417518054292173,0.03811873597778125
0.5105057261899062,0.45555846726145516,0.033935806548638786
0.4463137466547954,0.5148730680304446,0.038813185314759954
0.4529904789628689,0.5188789476675354,0.028130573369595874
0.4408885915320828,0.5202242203084708,0.03888718815944618
0.4378763420800631,0.5237072359828083,0.03841642193712851
0.4342259613372519,0.5263446212333892,0.039429417429359175
0.4545965823760573,0.5112564163282698,0.03414700129567304
0.4172006689594569,0.5607554762031869,0.022043854837356384
0.55340105598622,0.40875685954677227,0.0378420844670075
0.486306211759444,0.4744620480488087,0.03923174019174728
0.42581547121917995,0.5339587260116134,0.040225802769206745
0.4972015210586509,0.46344112021909634,0.03935735872225272
0.45850416659721405,0.5019398400441747,0.0395559933586113
0.4586080429572519,0.5056002163197238,0.0357917407230242
0.4877222792659522,0.4761595962742698,0.03611812445977809
0.5166383816335468,0.442183621753728,0.04117799661272527
0.4065839633008442,0.5555243538283788,0.037891682870776884
0.5829624295992747,0.38947403916873585,0.02756353123198955
0.43670068260733186,0.5240613288032908,0.03923798858937736
0.5258409170094144,0.43385925528428365,0.04029982770630216
0.4778489798339451,0.4811028672891305,0.04104815287692425
0.488202541991726,0.45213253056945757,0.05966492743881648
0.5138724274049404,0.4486069257434084,0.03752064685165118
0.5241015389633451,0.4375436901130324,0.03835477092362258
0.47307265949556937,0.4872106124083698,0.03971672809606093
0.40490617594667816,0.5611321809284515,0.03396164312487032
0.44751244534500484,0.5124239735043747,0.040063581150620343
0.5061292697870147,0.4616955605032228,0.032175169709762676
0.43160146085915624,0.5341761594453792,0.034222379695464475
0.48856591122832976,0.48173939513055714,0.029694693641112706
0.4440626232383756,0.5107286748429827,0.045208701918641805
0.44206487026537206,0.5286123663326404,0.0293227634019874
0.4254068180153661,0.5350389512674957,0.039554230717138254
0.40848145997895285,0.5530703767058838,0.03844816331516339
0.42024696713706927,0.5476308065018487,0.032122226361082036
0.42411272557619506,0.5374988261951968,0.038388448228608076
0.43732840647037347,0.5328076713234281,0.029863922206198507
0.43967199961618963,0.5196262705385243,0.0407017298452863
0.4329299668796666,0.5279974507048641,0.039072582415469514
0.4514176460606218,0.5132380077703986,0.03534434616897971
0.412199044986178,0.5488847534718995,0.03891620154192259
0.41871998070701916,0.536782847705994,0.044497171586986864
0.5670788551452401,0.3957632525369003,0.03715789231785962
0.48824620492568577,0.4636987901818496,0.0480550048924644
0.48841206662394926,0.47401987824373976,0.03756805513231087
0.4453874508675758,0.5142767954038006,0.04033575372862348
0.4404166182275965,0.5209869865553829,0.038596395217020706
0.4066032384204094,0.5527029381497216,0.04069382342986896
0.5113739697109857,0.44853787689757774,0.04008815339143652
0.48870802060067753,0.47695700825036164,0.03433497114896098
0.43494045156020594,0.5205479826185962,0.044511565821197606
0.48195243993436415,0.47971238989061926,0.03833517017501677
0.5177043401710247,0.4411258381758516,0.04116982165312343
0.4398177808599493,0.5299095311508497,0.030272687989200953
0.4881921872523585,0.4711261223879344,0.04068169035970709
0.4128039961738821,0.5532031397026852,0.03399286412343269
0.4852770530316247,0.47523084171584334,0.0394921052525318
0.4374737053747737,0.5294267555678257,0.03309953905740038
0.448713773046149,0.510265806537004,0.04102042041684692
0.42305144303597403,0.5349953999112887,0.04195315705273706
0.4966405320139149,0.4646354792390704,0.03872398874701473
0.40760345974531537,0.5536802663438622,0.03871627391082252
0.43121313357975993,0.5160596738140044,0.05272719260623554
0.5028082397887519,0.458231404241547,0.03896035596970125
0.5229339394004423,0.4393747755203911,0.03769128507916664
0.45794002816050616,0.5012217336369859,0.04083823820250826
0.5086867699144566,0.4466567764763825,0.04465645360916073
0.5007726908811589,0.431060170570491,0.06816713854835
0.4952608813735108,0.47090475555931477,0.03383436306717438
0.4108336549484184,0.5452045230648161,0.043961821986765674
0.45050888801974454,0.5111116607357362,0.03837945124451947
0.4368609641006386,0.5238697217182245,0.03926931418113686
0.4174976600443193,0.5432845167172635,0.03921782323841696
0.48699794565610505,0.4729666084973066,0.04003544584658852
0.41840200861297366,0.5425448803557876,0.03905311103123852
0.4700933956391628,0.49477847572247374,0.03512812863836351
0.4378935305060493,0.5240092650883635,0.03809720440558711
0.43856961147522244,0.5232783291080118,0.038152059416765874
0.5279043946795107,0.4379839021488078,0.03411170317168141
0.42249696846702056,0.5369762690220622,0.04052676251091721
0.4194884579678985,0.5433192452326291,0.03719229679947231
0.4038642763729256,0.5618471250356187,0.03428859859145566
0.4550067081951693,0.5062805554869714,0.03871273631785927
0.4440713598954932,0.5236043076397949,0.03232433246471174
0.4232947788553888,0.5376362704675579,0.03906895067705356
0.46769990213461354,0.49329960134892636,0.039000496516459836
0.49280131889958145,0.46876748498370135,0.03843119611671725
0.47130671257699025,0.4887061407830537,0.03998714663995608
0.49415423069537207,0.4733085626114279,0.032537206693199955
0.46618199004395455,0.4938150315733795,0.04000297838266594
0.5103088184000164,0.44235419809835697,0.0473369835016267
0.5032285189141363,0.471161987055745,0.025609494030118786
0.4224065973084151,0.5029461079857065,0.07464729470587837
0.4665118121357545,0.493509711573727,0.03997847629051851
0.49049139755273824,0.46875429493912674,0.04075430750813517
0.4360430419792353,0.5064871460128118,0.05746981200795279
0.5575564760604552,0.4028018774989194,0.03964164644062542
0.4955752962177463,0.468946154466033,0.03547854931622057
0.4510891125148996,0.511606828620782,0.03730405886431826
0.40936218674776836,0.5507824350942985,0.03985537815793316
0.48788896035509854,0.48019789226817844,0.03191314737672304
0.4392724178659287,0.5220771077936305,0.03865047434044075
0.4667298894985008,0.4954788503194971,0.037791260182002046
0.4002358706520975,0.55620953008353,0.04355459926437235
0.42817865329754345,0.5316170701652256,0.040204276537230806
0.5412289993955531,0.4254554516977322,0.03331554890671495
0.420263186563797,0.5419869263159325,0.037749887120270526
0.42182299045345184,0.5395465190488336,0.038630490497714554
0.4211867871818653,0.5391596547801225,0.03965355803801194
0.4680417589113448,0.49163132058421405,0.04032692050444105
0.4196550272793343,0.5402349377480057,0.040110034972659865
0.541473191368182,0.411836243836778,0.04669056479504007
0.4977557584165871,0.4671111823592293,0.035133059224183326
0.4128819466096784,0.5358469625210011,0.051271090869320704
0.5168744742619313,0.44186065156325954,0.041264874174809334
0.4079129611781593,0.55597328062491,0.03611375819693079
0.5385559101132419,0.4247378347440138,0.03670625514274467
0.46254939387063104,0.4974919457617385,0.03995866036763052
0.4684097385511777,0.49993611153398376,0.03165414991483848
0.41721349068655145,0.5430024015128084,0.03978410780064004
0.4084334827766142,0.5269062092368632,0.06466030798652296
0.4508327359090726,0.5139184876207287,0.035248776470198806
0.40259419970760474,0.5603394002384594,0.03706640005393582
0.47028714151209755,0.4895254526810976,0.04018740580680472
0.4212028177532173,0.54245594067159,0.036341241575192806
0.4300991423353555,0.5272667652778399,0.04263409238680472
0.43880044899071213,0.5240448268629236,0.03715472414636436
0.43879313142235965,0.5225697919322048,0.03863707664543552
0.40510372684687995,0.5557554221698504,0.039140850983269665
0.4051616777538121,0.5540388473679033,0.04079947487828462
0.4205083762010082,0.5423136937106109,0.03717793008838112
0.45067155426287564,0.5081674220813239,0.04116102365580053
0.45976711286280736,0.5043929165492125,0.035839970587980226
0.5732999778141371,0.3951577928077824,0.03154222937808045
0.408562829622776,0.5517721998553153,0.0396649705219088
0.4869438818158748,0.4725685440691064,0.040487574115018694
0.45534443813055575,0.504789165943253,0.03986639592619103
0.545300227927542,0.4214039835472135,0.03329578852524426
0.4051086996279578,0.5574221100608081,0.03746919031123409
0.4109888751226709,0.5532620964086209,0.035749028468708414
0.43791928576462497,0.5316179257471169,0.03046278848825837
0.47406488117901674,0.4906570522065553,0.03527806661442781
0.5405486485761745,0.41114791129371686,0.04830344013010868
0.45745555793256676,0.5026751399432524,0.03986930212418082
0.4753107840744053,0.47777032855356244,0.046918887372032134
0.5590327257217783,0.39837579450050875,0.042591479777712805
0.42806533397890806,0.5228843199172559,0.04905034610383617
0.41707994711683144,0.5433409295668427,0.039579123316325786
0.48459167570203415,0.47496327358410434,0.040445050713861584
0.41676579425320526,0.5437683918372784,0.0394658139095163
0.4320699769605714,0.5291764001155231,0.03875362292390518
0.4055485445827579,0.5532621931490613,0.041189262268181086
0.43655040427414893,0.5246641912397443,0.03878540448610673
0.4857741029333584,0.47918018757199793,0.035045709494643584
0.42818501537682335,0.5331692092069545,0.038645775416222154
0.4662170068057922,0.4948150187696457,0.038967974424562034
0.48247408661208746,0.48407156842006377,0.03345434496784879
0.48533136615718425,0.4789504877607439,0.03571814608207177
0.42388647098635546,0.5418977072640181,0.034215821749626694
0.4516143539755067,0.5083473828116144,0.04003826321287873
0.45180962130738184,0.5105603624626887,0.03763001622992969
0.4802021598906721,0.4884303333720044,0.03136750673732346
0.47423571701105316,0.48807540759616397,0.037688875392782865
0.4247150460028347,0.5367746764021386,0.03851027759502671
0.4421218097136693,0.5213541584118542,0.036524031874476406
0.43840637994376436,0.5219453807572721,0.03964823929896352
0.44150605450381347,0.5243653960943158,0.03412854940187079
0.4046452997867111,0.5563556194203788,0.03899908079290987
0.4309957956284648,0.5439123669534002,0.0250918374181351
0.547038444116726,0.4149789392778961,0.037982616605377655
0.40292552450626695,0.560135407555637,0.0369390679380958
0.5618592625225366,0.40223975014462976,0.035900987332833915
0.4943233815811904,0.46448878616095807,0.041187832257851505
0.5631990400629963,0.3962643102044766,0.040536649732527096
0.5541891967673356,0.4092987931088525,0.036512010123811986
0.4192701257798205,0.5478851433233534,0.032844730896826234
0.3967199093890112,0.5050087008691847,0.09827138974180406
0.49333489560148774,0.46581983511839903,0.04084526928011312
0.43356261890955905,0.530249944985648,0.036187436104792796
0.457528491696503,0.5079004171271713,0.03457109117632573
0.5457377489979436,0.4165325589497166,0.03772969205233969
0.4097463362084929,0.5521024938099908,0.03815116998151644
0.4226362037809636,0.5399603794752753,0.03740341674376091
0.38675236095052967,0.5746264568620563,0.03862118218741393
0.4116197988816878,0.5498068205529071,0.038573380565405116
0.4210669054552752,0.5388126330878599,0.040120461456864945
0.5111092599526396,0.4510424268877549,0.03784831315960524
0.4990922762580597,0.39010247114828095,0.11080525259365925
0.45018023907409227,0.5148178064879012,0.03500195443800651
0.5184898829787015,0.4452078936032768,0.036302223418021536
0.407993577359315,0.5536169494436027,0.03838947319708203
0.5170011918501576,0.44227120893055194,0.040727599219290526
0.502235373660344,0.4209262463907922,0.07683837994886382
0.5457124915217267,0.4206667849587183,0.03362072351955496
0.5213528396667245,0.4530038936928151,0.025643266640460488
0.44665048000369895,0.5126908491787516,0.04065867081754939
0.1749512998377242,0.06819855248800152,0.7568501476742742
0.4129095245009891,0.5459386564421568,0.04115181905685412
0.44031803135136816,0.5185691618592575,0.041112806789374165
0.5107063350123918,0.45136636486932813,0.03792730011827996
0.461621837523121,0.49875393005182495,0.03962423242505393
0.4749518550187303,0.4850808726578146,0.03996727232345517
0.45868273541454846,0.4820690319850968,0.059248232600354805
0.39527657614680417,0.5670968999741668,0.03762652387902894
0.4106146645449035,0.5500652975858934,0.03932003786920333
0.4982709077208507,0.462931766940832,0.03879732533831742
0.43019320279515105,0.5321508932556233,0.03765590394922558
0.47413739538736666,0.49576735381569814,0.030095250796935383
0.45274985499574405,0.5091500005342949,0.03810014446996121
0.55156390527283,0.3846965408805905,0.0637395538465794
0.45013905563927764,0.5113453650004812,0.038515579360241
0.4640066363195417,0.49566040713571374,0.04033295654474443
0.4292005367051431,0.5408314175598365,0.029968045735020328
0.4519176869141731,0.5079965432584989,0.040085769827328116
0.5476289689353536,0.41080085275123085,0.041570178313415466
0.476478035490543,0.490945400322272,0.032576564187184825
0.5176797324590223,0.4432695115026141,0.03905075603836332
0.4644959090580061,0.495924852501362,0.03957923844063196
0.4101078441134199,0.5497166431526362,0.04017551273394369
0.431612567544916,0.5259430524880905,0.04244437996699343
0.45066282098776195,0.5150911810670372,0.03424599794520092
0.41929926910071225,0.5431918698272824,0.03750886107200534
0.4662406602629401,0.498176408456701,0.035582931280358845
0.42817192882748056,0.5224922199884816,0.0493358511840377
0.4031324557082646,0.5583076946656395,0.03855984962609587
0.5098600077493202,0.45073982229904686,0.03940016995163318
0.5604222381651999,0.402548764942081,0.03702899689271913
0.43019935816554916,0.5323656791514119,0.037434962683039176
0.5728576130040256,0.3921787343011452,0.034963652694829275
0.46031177707986326,0.5021408817325029,0.03754734118763391
0.41129844055976256,0.5505273834452308,0.03817417599500654
0.49593659732239026,0.45930742036822436,0.044755982309385205
0.4180153799783231,0.5414165858046551,0.040568034217021855
0.40109374415958,0.5635394734016472,0.035366782438772726
0.4366083549088884,0.5240471301277937,0.039344514963317805
0.47683441922276126,0.48782161015670783,0.0353439706205309
0.4415472268034188,0.5225158165473114,0.03593695664926966
0.5546223825148227,0.4073075822213198,0.03807003526385747
0.47914284417731473,0.47516473723063907,0.04569241859204634
0.5010497920371827,0.4628935798162353,0.036056628146581955
0.42774230558413195,0.5332362444269022,0.039021449988965964
0.43620909775391564,0.527002810473862,0.0367880917722222
0.4904466287390481,0.4756898538624665,0.03386351739848525
0.4516757265837746,0.5122832868695139,0.03604098654671176
0.428779926460425,0.5302925599232601,0.040927513616314914
0.4290809485221534,0.5319199224841908,0.03899912899365583
0.43317873872028045,0.529125722451575,0.037695538828144574
0.44823917951402314,0.5116793995645407,0.040081420921436066
0.40084890663176814,0.5514532148904565,0.047697878477775325
0.4174065985911369,0.5433041433757286,0.03928925803313469
0.4264357588150279,0.5348982510910172,0.03866599009395462
0.47562480588334916,0.4886615175691295,0.0357136765475212
0.48857710908372837,0.4725103304285386,0.038912560487732804
0.22457939231746282,0.4602210811273393,0.3151995265551979
0.44699767681045105,0.5156442297079724,0.03735809348157651
0.425819774222836,0.5382693221280384,0.03591090364912535
0.407111179374442,0.553743513139869,0.03914530748568902
0.45166144578096157,0.5135421922409044,0.034796361978134044
0.45952746998955823,0.5017099066369246,0.038762623373517116
0.4249150714691799,0.5342419737547901,0.040842954776030095
0.42521766380799497,0.5343573872047477,0.04042494898725744
0.4399177325868356,0.5220423664504573,0.03803990096270711
0.5739446416280971,0.38885856772472643,0.037196790647176584
0.4459826665107962,0.5152288416414891,0.03878849184771442
0.43572927476098205,0.5260586380435148,0.03821208719550327
0.4935637931435305,0.4685236269534586,0.0379125799030109
0.43751559833058423,0.5219987591062737,0.040485642563142236
0.5243505822178316,0.43650819298778865,0.03914122479437969
0.47376757574592937,0.4908115508284892,0.03542087342558154
0.46030947066842587,0.5017413222302415,0.03794920710133279
0.5515074666826357,0.40938794634127723,0.0391045869760872
0.47128419486060713,0.49099895637069857,0.03771684876869418
0.5502456424271378,0.4120363138649683,0.03771804370789386
0.424709021389832,0.5353654030679889,0.039925575542179306
0.4421700905372968,0.5208281893993427,0.03700172006336064
0.4178040990841268,0.5449575840814921,0.03723831683438107
0.46363332338256447,0.5059967332007419,0.030369943416693555
0.4463193239018671,0.5214315200493221,0.0322491560488108
0.5401444842640335,0.3328279796809703,0.12702753605499595
0.44650563311650593,0.5132383807318833,0.04025598615161037
0.43341110557010165,0.533438376054702,0.03315051837519633
0.4968498411353588,0.47186503741670827,0.03128512144793302
0.3889969894825386,0.5808886667635792,0.030114343753882455
0.5127088295091216,0.4475075976671283,0.039783572823750245
0.4201393985920434,0.543617521975376,0.03624307943258064
0.4503963445446771,0.5118985528949559,0.037705102560366875
0.43714581418576254,0.5227896202887732,0.04006456552546424
0.510762019676398,0.44807473942213116,0.041163240901470714
0.4153119727323059,0.5446403995838227,0.040047627683871476
0.46409241240288573,0.5010801086734733,0.034827478923641124
0.44926278425564287,0.511651043422692,0.03908617232166513
0.44517712213022526,0.5236407935150804,0.03118208435469429
0.4164971470879908,0.5429105735347128,0.04059227937729639
0.44107298333044004,0.5182581395882524,0.04066887708130764
0.595444708847266,0.36846628180967383,0.03608900934306006
0.539999762435185,0.42168343617753457,0.038316801387280455
0.4047053017484664,0.5560322751860295,0.039262423065504336
0.1452775062842918,0.573018836772723,0.2817036569429852
0.5140448387504971,0.4487618342179005,0.03719332703160244
0.35926597491387813,0.5333111033173169,0.10742292176880479
0.43251091890859816,0.5446447351264737,0.022844345964928046
0.4432148892608901,0.5231538074148311,0.033631303324278806
0.49149944446991367,0.46903673023076514,0.03946382529932131
0.508642236916352,0.45136667240010425,0.039991090683543645
0.44609756805994755,0.5158497701883689,0.03805266175168365
0.4657035501587931,0.4953327247641746,0.03896372507703201
0.42740924238354905,0.5332718152923158,0.03931894232413516
0.4076155362235936,0.5622278525970912,0.030156611179315125
0.4372148936723276,0.5229338447501809,0.039851261577491595
0.43444434960460837,0.5318450688151779,0.033710581580213735
0.4839465881542896,0.48285510175202195,0.033198310093688364
0.4341587749262074,0.5261888003437539,0.0396524247300389
0.42010567557371015,0.5393573420724378,0.04053698235385224
0.46882831237180145,0.49774978358555894,0.033421904042639894
0.4560671766999435,0.5050456073029644,0.03888721599709217
0.3840742525582761,0.5574531164497146,0.05847263099200942
0.42968653557047193,0.5299897348501951,0.04032372957933308
0.462754033828429,0.49768106895732034,0.03956489721425076
0.4154366062057266,0.5435500170582177,0.04101337673605554
0.42246168458679356,0.5372791335168727,0.04025918189633358
0.5553734150631111,0.40875638165087613,0.035870203286012974
0.5081134547433551,0.4526817265961972,0.03920481866044768
0.5517231489008629,0.41129042397496524,0.036986427124172
0.548909890239781,0.4180857618974267,0.033004347862792216
0.5132003406350076,0.4500269713136099,0.03677268805138234
0.47767236037348026,0.49135393607714933,0.030973703549370207
0.42228705918857473,0.5374388163238462,0.04027412448757897
0.41908452016109204,0.5414161670768601,0.039499312762047704
0.4420099760297162,0.519351792572718,0.03863823139756569
0.40929432133390536,0.5543835484478483,0.03632213021824656
0.4376421670867539,0.5250393306971834,0.03731850221606263
0.5039795647548999,0.4555098089434908,0.040510626301609065
0.4236011734982374,0.538486608255677,0.03791221824608562
0.3989118220087477,0.5654906493265164,0.03559752866473624
0.44053552495292636,0.5206510502156546,0.03881342483141895
0.44481096243937407,0.525819671943762,0.029369365616863877
0.539290265530505,0.42287745816230193,0.037832276307193186
0.41281586928901626,0.5485851210185491,0.038599009692434745
0.4743737565433483,0.48499842800208726,0.04062781545456423
0.5113852283720349,0.4496477163764478,0.038967055251517176
0.46482791885654684,0.49686110086305346,0.038310980280399635
0.5219081498330398,0.43938270272449065,0.038709147442469685
0.4729350717740345,0.44537404555880683,0.08169088266715845
0.4264092215631253,0.5357079789135619,0.03788279952331269
0.4854797714593982,0.4789591699726045,0.03556105856799733
0.4256366214356173,0.5434851826996864,0.030878195864696128
0.4543291907501614,0.5064996972596995,0.03917111199013914
0.42674489847251845,0.5343719138727495,0.03888318765473191
0.4640755439728493,0.4964579177408556,0.03946653828629471
0.4669015076423305,0.4961530141390658,0.03694547821860355
0.49336780915124684,0.4703282967731664,0.03630389407558694
0.4507421983317965,0.5107954416934233,0.03846235997478007
0.5175166635498758,0.37376941294619914,0.10871392350392503
0.43950934514016426,0.5232165675522347,0.037274087307601005
0.43425720806015516,0.5434804895467645,0.02226230239308013
0.5289592035524455,0.4341787835142621,0.03686201293329238
0.4075618511610731,0.5649243426547219,0.02751380618420477
0.4386296952038471,0.5214831432879992,0.03988716150815357
0.4607307286924985,0.4995425224816743,0.03972674882582708
0.3831830744545066,0.5833756150763396,0.03344131046915392
0.4006381708898027,0.5434530527265404,0.0559087763836571
0.42243618532444094,0.5443712292261514,0.03319258544940775
0.39899475788095884,0.561159327129146,0.03984591498989517
0.47513769863321825,0.4803851327865795,0.04447716858020221
0.533780021505317,0.42658667039592674,0.03963330809875593
0.4561453224635124,0.5033517291269689,0.040502948409518395
0.5108211149504248,0.4519930894795728,0.0371857955700023
0.5251487331317823,0.43899695056693405,0.03585431630128345
0.45460909596057714,0.5074599477512459,0.037930956288177005
0.43646420996885227,0.5240888210326687,0.03944696899847917
0.4461202422454118,0.5155419174524639,0.038337840302124296
0.4983301839797929,0.46200639993258585,0.039663416087621264
0.3898397752149286,0.5717167767696018,0.03844344801546955
0.5055932749390473,0.44947259702808895,0.0449341280328635
0.4914786077514963,0.47912777022959124,0.029393622018912276
0.3825292565964249,0.5821835798286074,0.03528716357496772
0.5150009379226757,0.44719104728443165,0.037808014792892745
0.5625021750964351,0.40060639645015084,0.036891428453413956
0.45339057150984147,0.5084125100090674,0.03819691848109091
0.4945582244784509,0.4566192421686194,0.04882253335292969
0.42615207641976427,0.5388123661908475,0.0350355573893882
0.44081694642231767,0.5185681051990192,0.040614948378663196
0.40725724360874505,0.5537648708055021,0.03897788558575286
0.4185714226004868,0.5410429121588005,0.04038566524071276
0.41382068753507,0.5468109234223669,0.03936838904256288
0.493495031585161,0.4711163663962799,0.0353886020185591
0.44403058929445355,0.5105201084451583,0.04544930226038815
0.43931095898423256,0.5215384929688468,0.03915054804692053
0.4356153472072851,0.5333844408002575,0.031000211992457248
0.4972051610818342,0.46474219617608387,0.03805264274208183
0.41209234893921354,0.5481712775346992,0.03973637352608734
0.42304617596959215,0.53809239826952,0.03886142576088787
0.4161232965317156,0.5479166341739301,0.03596006929435423
0.40617482111456576,0.553130131823597,0.04069504706183717
0.4471536187812904,0.518097184857037,0.03474919636167265
0.4106533632055322,0.5525101453875222,0.03683649140694564
0.44160027894894316,0.5203495015708096,0.03805021948024688
0.4908467416869533,0.4755120527047745,0.033641205608272384
0.4950121497746987,0.4670304303772935,0.03795741984800763
0.4368626304967404,0.5248477276784692,0.038289641824790416
0.5774406651716756,0.3891594755610705,0.03339985926725383
0.43781705827186873,0.529354616521591,0.03282832520654023
0.39355116872714513,0.5206451912756749,0.08580363999717994
0.4244847854789313,0.5376912171512453,0.03782399736982317
0.4235403971685353,0.5586974056692738,0.017762197162190806
0.4210078092417482,0.5397686767140853,0.039223514044166234
0.45192768622719787,0.5092745148132963,0.038797798959506
0.43829457533161703,0.5242565700611181,0.03744885460726453
0.4784903495402346,0.48429213162268236,0.037217518837082936
0.44753682773619546,0.5334880208756211,0.018975151388183384
0.4856437106866789,0.47078331750723956,0.04357297180608168
0.4195835029801346,0.5410849113677162,0.039331585652149226
0.4807498140834384,0.4794241212137459,0.03982606470281553
0.4660426576443398,0.4952383410531817,0.0387190013024785
0.4849225916279869,0.4744157872639765,0.04066162110803654
0.4270615437088102,0.5341454820805356,0.03879297421065414
0.43553749753601106,0.5238352023942089,0.040627300069779895
0.41064007899894317,0.5532324836903117,0.0361274373107449
0.4204868509051386,0.5412019357809815,0.03831121331387957
0.44606145438913913,0.5151580684383973,0.03878047717246363
0.5311677084606885,0.4330061811854931,0.03582611035381805
0.5131874020921184,0.4551608283683835,0.031651769539497984
0.42657724333864916,0.5357891061427225,0.03763365051862839
0.5600176226496841,0.4055142860547853,0.03446809129553068
0.47753431820132053,0.49243314184023224,0.030032539958447287
0.4205511714264328,0.5450696863574507,0.034379142216116466
0.4470231613260476,0.5148230086354691,0.03815383003848354
0.49035885233915494,0.47015203868417604,0.03948910897666895
0.4098332871262413,0.5547989502219831,0.0353677626517758
0.4113469425621001,0.5495707346825394,0.039082322755360464
0.42980018667201664,0.531587107744529,0.03861270558345412
0.47526456802623207,0.48515339390327766,0.03958203807049035
0.4391119678875572,0.5221603938680365,0.038727638244406136
0.4268602400461316,0.5326585471592541,0.040481212794614044
0.4850635878715432,0.47382568187825796,0.04111073025019892
0.5270053697597528,0.4348851038931885,0.03810952634705845
0.43586555817670747,0.5280892849243131,0.036045156898979525
0.4219882085720711,0.5439196437296713,0.034092147698257705
0.4109167059353484,0.5481836315436316,0.04089966252102015
0.45688569613380703,0.505235999298713,0.03787830456748018
0.4471377183084506,0.5137687671832427,0.03909351450830644
0.5238754431065302,0.43743165519004584,0.03869290170342392
0.4156142647076931,0.5493532355751876,0.035032499717119116
0.5024899495276228,0.4596559136046103,0.03785413686776677
0.47149119044470217,0.48824428474365794,0.04026452481163974
0.4462572525991191,0.5129706637082051,0.040772083692675765
0.4155523308505807,0.5239257350306484,0.06052193411877083
0.442452254239826,0.5200038841557402,0.037543861604433744
0.4576797742053691,0.5040753364220092,0.038244889372621625
0.581330911198271,0.3959932269162253,0.022675861885503634
0.4366333573076468,0.525444453836661,0.037922188855692096
0.46465399707689875,0.4992816756484896,0.03606432727461175
0.4464179746587379,0.513536223326489,0.04004580201477316
0.5204508741431805,0.4468720258255984,0.03267710003122133
0.4470277123114218,0.5230203618116503,0.02995192587692772
0.4313909027948308,0.5296176463317614,0.03899145087340792
0.4122812248058836,0.5484496993253252,0.039269075868791185
0.4139835634711357,0.5469688472238905,0.03904758930497364
0.5102752132890512,0.4512593424395888,0.03846544427136006
0.4241017971906393,0.5373212762845329,0.03857692652482791
0.5242299645035325,0.43496216919511016,0.04080786630135726
0.44562071835855444,0.5196870044646484,0.03469227717679721
0.41773722703578164,0.5434503605774283,0.0388124123867899
0.36673286214777245,0.5587554751534098,0.07451166269881773
0.497594182528079,0.46184684474947324,0.04055897272244773
0.4646377838987782,0.5009249928690318,0.03443722323219
0.44215978271767514,0.5172639239977717,0.040576293284553165
0.42001927033499054,0.542445288844932,0.03753544082007725
0.4984094533871712,0.46115833485055385,0.04043221176227481
0.45530650262063066,0.5168344233674151,0.027859074011954185
0.40775275913831815,0.5534362588190455,0.03881098204263634
0.45753042645088804,0.5061901499853031,0.03627942356380873
0.44951550684814334,0.511586430152891,0.03889806299896569
0.4879411551161699,0.47544711237456766,0.03661173250926229
0.460330693462353,0.5118436910409939,0.027825615496652977
0.5151935936022225,0.44544409187621703,0.03936231452156039
0.48132071431566426,0.47878214153399823,0.03989714415033741
0.5604990802231936,0.40192644449208453,0.037574475284721694
0.41615046419814483,0.549885142756134,0.0339643930457214
0.46855112351452494,0.491092360058649,0.04035651642682602
0.4859489696776022,0.47356232908831164,0.040488701234086454
0.5090338244514058,0.4610319396565028,0.02993423589209165
0.5260471418367302,0.433743489439102,0.04020936872416803
0.5241973414912062,0.44380420136341364,0.03199845714538012
0.41996393124666376,0.541383709216119,0.038652359537217004
0.45328452304776196,0.5066843363324814,0.040031140619756884
0.46242515159047376,0.4969428099910746,0.040632038418451505
0.5546231053058159,0.30637474177992857,0.13900215291425533
0.41822935542999534,0.5374874581450996,0.04428318642490494
0.47284294430037616,0.4873315424754085,0.039825513224215375
0.5178862272985727,0.4454287054586325,0.03668506724279491
0.41845722782100025,0.5517413372082157,0.02980143497078402
0.49873176704030825,0.46414548952435003,0.037122743435341776
0.5615020233387945,0.3772521924043771,0.06124578425682827
0.4984988624645851,0.45328467425886376,0.048216463276551075
0.4455414083923806,0.5149592864927,0.039499305114919725
0.5495629950932908,0.41765761062761236,0.03277939427909674
0.40305035014653207,0.5692275088610478,0.02772214099242022
0.4887453990573081,0.4751527043292137,0.0361018966134779
0.5130699361761991,0.44668015818624557,0.04024990563755544
0.413103656488667,0.5509164664518441,0.03597987705948888
0.41332184680745054,0.5516695381165327,0.035008615076016505
0.4042250390733704,0.5581130099008353,0.0376619510257943
0.46093589357177184,0.49885883920129787,0.04020526722693014
0.46774838316065515,0.49131752634467846,0.040934090494666404
0.4522542420602434,0.5138926662987242,0.033853091641032305
0.3967694611866049,0.5659981641110609,0.03723237470233417
0.5288733961989122,0.4292075503818283,0.04191905341925961
0.45200128465411604,0.5087380711453766,0.0392606442005073
0.4489096265633099,0.5115969721963091,0.039493401240380824
0.500358623346277,0.467181497993216,0.03245987866050713
0.4433412223518219,0.5189080579642862,0.037750719683891924
0.4324535298820289,0.5213837770074484,0.0461626931105226
0.45554914961170445,0.5062969625736709,0.038153887814624705
0.5106871858778592,0.45097419683916823,0.0383386172829726
0.4707273927387249,0.49150612047059,0.037766486790684756
0.43583803850014247,0.5264183928801225,0.03774356861973491
0.448564389349746,0.5122684555690691,0.03916715508118481
0.44007540374736104,0.5205336794547734,0.039390916797865536
0.4691841813306666,0.491107972974715,0.039707845694618556
0.4109001958594218,0.550467206440298,0.038632597700280366
0.44129993006899143,0.5191232251702077,0.03957684476080087
0.45474624449130424,0.5059171293013804,0.039336626207315456
0.46962964099075394,0.49695077303802876,0.03341958597121708
0.41134443015390454,0.5484028934863945,0.0402526763597008
0.5006676502931893,0.46384835118266365,0.03548399852414723
0.5099656976708418,0.4568078028169717,0.033226499512186515
0.4074218295927528,0.5531716670385337,0.03940650336871352
0.4657275437732052,0.5014711906232673,0.03280126560352738
0.4504653172095616,0.5089350405912887,0.04059964219914954
0.4326461097093283,0.527186406957808,0.04016748333286382
0.4284945431671537,0.5317548030069777,0.03975065382586861
0.4489784340803324,0.5218158348039047,0.0292057311157628
0.4217378463089494,0.538718752619324,0.03954340107172666
0.4755251516116625,0.4858910562331469,0.0385837921551907
0.5073559404339268,0.4405614450656905,0.0520826145003827
0.4373189333785545,0.5262531267123544,0.03642793990909123
0.5496389130314935,0.4095467752545474,0.04081431171395896
0.41203031133307216,0.5498543639761297,0.03811532469079838
0.4687942859170029,0.49159335407077764,0.039612360012219676
0.4491487782343575,0.5102074354143827,0.040643786351259634
0.4189270453276095,0.5440955861983496,0.03697736847404077
0.4821717185361487,0.4698118280711901,0.04801645339266127
0.4581909787531494,0.5022461646385229,0.03956285660832782
0.46547188685834584,0.49467122836334765,0.03985688477830674
0.4058788215864318,0.5578333677945491,0.03628781061901912
0.40588709204725215,0.5556983672990908,0.03841454065365671
0.4480709515051203,0.5114134837000699,0.04051556479480986
0.45450011970293863,0.5064457162915749,0.039054164005486426
0.44964317000104775,0.5100012886162147,0.040355541382737635
0.4796498519348063,0.48722238193351863,0.03312776613167524
0.4001933126466057,0.562789029373251,0.03701765798014304
0.44985040150793976,0.5142828317680336,0.03586676672402663
0.43023109244438007,0.5303490932399254,0.03941981431569449
0.48823881279222403,0.4726855961116639,0.039075591096112264
0.43671118931867636,0.5221581815816807,0.041130629099643025
0.43961737750210417,0.5202846549758321,0.04009796752206393
0.49548169127916947,0.43228252616982993,0.07223578255100055
0.42160314216166506,0.40541514088407293,0.17298171695426207
0.4120405284538683,0.5523710000460472,0.03558847150008453
0.4762525157536566,0.4845012555610447,0.039246228685298694
0.40973662415795725,0.5499066085370243,0.040356767305018366
0.4478606780898257,0.5122907380106398,0.039848583899534266
0.46625480521768226,0.49359855342354675,0.04014664135877108
0.41053384339525795,0.5485603392594703,0.0409058173452715
0.43738578944579776,0.5222929867569364,0.04032122379726604
0.40851476647059676,0.5524141190530966,0.03907111447630667
0.44055904492594267,0.5208539974969812,0.03858695757707598
0.4159907756875215,0.5500866093326284,0.033922614979850094
0.4753708098472726,0.4832352603759618,0.04139392977676547
0.4228149730203053,0.5354509199693183,0.041734107010376505
0.4812702364814879,0.47833300994958083,0.04039675356893135
0.47470050024155586,0.4871277982559863,0.03817170150245785
0.4619139272217171,0.4994763688832344,0.038609703895048475
0.4581341454014305,0.5022523216883176,0.0396135329102517
0.36608115678559144,0.5016563740981161,0.13226246911629227
0.4816972093432195,0.473229598307941,0.04507319234883963
0.41497701161918066,0.5486382551148861,0.03638473326593324
0.4212389201457593,0.5427757111956609,0.03598536865857963
0.43408355195033016,0.5284130487774771,0.037503399272192484
0.4576544185143917,0.5030556877313792,0.03928989375422922
0.4570326992973325,0.5030583310147728,0.039908969687894466
0.5146525001436041,0.4468657992946663,0.03848170056172947
0.46163889439771005,0.5000510143541578,0.038310091248132
0.41855656035518135,0.5430311424735123,0.03841229717130622
0.42914697742017216,0.532910914198449,0.03794210838137864
0.4546903195419497,0.506918839297231,0.03839084116081948
0.4649898505558052,0.5128387262669908,0.022171423177203976
