0,1,2
0.4589658189374426,0.5000798816064435,0.04095429945611391
0.4540907334277605,0.5049725042285779,0.04093676234366174
0.45538875243073257,0.5035980972311657,0.04101315033810188
0.46002078389404155,0.499088101297656,0.040891114808302535
0.4597917699376302,0.4992421020295718,0.04096612803279788
0.4597142575270338,0.4994154074139692,0.040870335058996864
0.4554940232482894,0.5038598119787545,0.04064616477295607
0.45995668233427844,0.4990910862952195,0.04095223137050195
0.4601761943659016,0.49886814037175214,0.040955665262346175
0.4568243068709454,0.5021797632108834,0.04099592991817126
0.4591087694487017,0.5000027435092217,0.04088848704207646
0.4521660926505704,0.5069951873926556,0.04083871995677406
0.4462204711961601,0.5129504137808681,0.04082911502297206
0.45852687298174755,0.5004213413532521,0.04105178566500039
0.4589368655030868,0.5004827948241641,0.04058033967274914
0.46028943586301824,0.49889594840054413,0.04081461573643776
0.4398819224103517,0.5196029934541554,0.04051508413549303
0.4597453174005256,0.4992735739539324,0.04098110864554227
0.4589207496861363,0.5001308997505036,0.04094835056336011
0.4497357152388338,0.5093241835608769,0.040940101200289424
0.4603048889623753,0.49873718755250745,0.04095792348511742
0.4580244910599338,0.5010314969184124,0.04094401202165351
0.4567961971335742,0.5022870854466884,0.04091671741973748
0.4460594482544156,0.5129407801254565,0.040999771620127745
0.4602465877786723,0.4988196834152378,0.04093372880608981
0.459929633544762,0.4991758144056314,0.04089455204960649
0.4598380991999895,0.49929815271987493,0.04086374808013556
0.45257288002568846,0.5065018140893776,0.040925305884933476
0.46005633599219153,0.4989619642194248,0.04098169978838365
0.4603391439465429,0.49880460568471624,0.04085625036874084
0.4504800714596696,0.5089022140985969,0.040617714441733475
0.4560397538428666,0.5030592564102475,0.04090098974688576
0.4515599576365091,0.5074348677668361,0.041005174596654835
0.4598975566740001,0.4992350957259169,0.040867347600083044
0.45961018063338976,0.49936545548106437,0.041024363885545874
0.45906024208550733,0.5000296053225447,0.040910152591948135
0.45884559077393167,0.5002626000600686,0.04089180916599985
0.4595278292237056,0.499632862197711,0.04083930857858346
0.45986652540958084,0.4990717728120784,0.04106170177834104
0.45734938651452817,0.501989532377971,0.04066108110750086
0.45425725073698536,0.5049337333511218,0.040809015911892954
0.45621931611231786,0.5028478245357862,0.04093285935189604
0.45989716886589216,0.4991374049369207,0.04096542619718724
0.4623898403031196,0.5021183198426442,0.035491839854236144
0.4561862465999007,0.5030432648421571,0.04077048855794218
0.45386998021082076,0.5051778143585245,0.04095220543065456
0.4571284842969902,0.5019109814647964,0.04096053423821323
0.4598327630195822,0.4991222531210146,0.041044983859403444
0.4601723618689109,0.4988690185391841,0.040958619591904666
0.4567741560426048,0.5023143659442946,0.04091147801310039
0.44955679993680936,0.509458148479148,0.040985051584042365
0.4579830647021173,0.5013059461688504,0.04071098912903215
0.45615191077810874,0.5027427839196321,0.041105305302259344
0.4558121295282045,0.5034725244270838,0.04071534604471197
0.45707714695957563,0.5022479805437449,0.04067487249667958
0.4595971896254683,0.49914191830492133,0.04126089206961039
0.45566413553600676,0.5033785202352629,0.04095734422873024
0.4556065250103958,0.5034506821379214,0.04094279285168281
0.45677667109159154,0.5024375406356708,0.04078578827273757
0.4604473451052975,0.4987914494141445,0.04076120548055788
0.4599984141252978,0.4990817262656807,0.04091985960902127
0.45295471332513804,0.505979178892348,0.041066107782513864
0.4545994716976563,0.5046930235388136,0.04070750476353007
0.4557896510837909,0.5034192563104996,0.0407910926057094
0.4565776041110696,0.502490130227513,0.04093226566141747
0.4628943380298328,0.5036217845038592,0.03348387746630793
0.45887198150368697,0.5000537174801376,0.04107430101617542
0.4601104238126525,0.4987598431381287,0.041129733049218756
0.45995706877378906,0.49912198049912154,0.0409209507270892
0.45989861313727354,0.4990839797944977,0.04101740706822877
0.4598579026212325,0.49912193656303633,0.04102016081573111
0.4600472001657401,0.4988679171004453,0.041084882733814755
0.4570853959149797,0.5019585002843143,0.040956103800705766
0.45257401686629095,0.5062661826070799,0.04115980052662915
0.4479310814800173,0.5119908774275437,0.040078041092438815
0.4577181787021319,0.5015260304976323,0.04075579080023586
0.4517713730008969,0.5076587733977581,0.0405698536013446
0.45927765656035496,0.5001529440257635,0.040569399413881456
0.45310091026400245,0.5061695209706654,0.040729568765332
0.4457917045627337,0.5133662059188184,0.04084208951844791
0.45047832600921556,0.5086572189543898,0.040864455036394486
0.4596284511987386,0.4992878172048972,0.04108373159636423
0.46034071731343895,0.4987759590868041,0.0408833235997569
0.459755913005797,0.4992236157982523,0.04102047119595058
0.4584005375509951,0.5005307825348596,0.041068679914145305
0.4607565927840823,0.49979515416257625,0.03944825305334133
0.44945545409859,0.5095843600605516,0.040960185840858185
0.379576332480815,0.4799093978498514,0.14051426966933372
0.45919058635479765,0.49985216313791636,0.040957250507286054
0.45929022397932756,0.4998185169904768,0.04089125903019571
0.45991117225063444,0.4990143901006367,0.041074437648728784
0.45946031830137896,0.499679050618523,0.040860631080097964
0.45899201039433096,0.5001148646617743,0.04089312494389482
0.46013599833850705,0.4992071704031672,0.04065683125832565
0.4602244794579182,0.4990607676829608,0.040714752859120754
0.4516399457499772,0.507282180475969,0.04107787377405397
0.4588659401332637,0.5001362120599723,0.0409978478067639
0.45942576491045645,0.49962107404336775,0.04095316104617578
0.45394347383004047,0.505032599695612,0.0410239264743477
0.45381423952475464,0.5051498856718162,0.041035874803429025
0.45179589867808806,0.5071675562210272,0.04103654510088499
0.4567566371237062,0.5025887179909606,0.04065464488533334
0.45279884901020007,0.5062348377679721,0.04096631322182769
0.45272417999164244,0.5063643029585003,0.040911517049857404
0.44932703622858217,0.5099323242265108,0.040740639544907135
0.45749299429990575,0.5015825387878768,0.04092446691221741
0.44850108867695504,0.5104971539294854,0.04100175739355976
0.4570273813048019,0.5020551692892228,0.04091744940597532
0.45936582095426687,0.49969201433204563,0.04094216471368751
0.45869485132001864,0.5003731592887282,0.04093198939125326
0.4575654091738811,0.5015620917826191,0.040872499043499634
0.4589991463637129,0.5002392881560096,0.04076156548027754
0.4564303876346992,0.5026017684069629,0.04096784395833794
0.4604405872445294,0.4986455901303473,0.04091382262512316
0.4603175008626668,0.49876612318039615,0.040916375956937104
0.4589178824150045,0.5001249640965562,0.04095715348843947
0.4534464516252843,0.5057641209157829,0.04078942745893302
0.4552258186864862,0.503983811551692,0.04079036976182155
0.4572487920841581,0.5019136402132853,0.040837567702556705
0.4568881573898788,0.5022526460544643,0.040859196555657076
0.45605610493937476,0.5030459904925891,0.04089790456803613
0.4604644837692241,0.4986633279230701,0.040872188307705656
0.45939666223337816,0.49974993953090546,0.04085339823571637
0.4590850214696986,0.5000487984170585,0.04086618011324306
0.45810181172109066,0.5008053494040479,0.041092838874861426
0.4565405815518248,0.5024150745343856,0.04104434391378954
0.4595825889139781,0.49931476717087236,0.041102643915149346
0.45615112954117304,0.5030933698181344,0.04075550064069262
0.4596315566690344,0.49981293572789076,0.04055550760307479
0.4477011873143517,0.5114553465248237,0.04084346616082463
0.4607899889811066,0.500600971756402,0.038609039262491485
0.46003136656153265,0.49913341850532345,0.040835214933143904
0.45926655217584883,0.4999583984234274,0.040775049400723996
0.4597551137953516,0.4996093035483475,0.04063558265630078
0.45894584787967774,0.5003775088983252,0.040676643221997065
0.45099795650095786,0.5079668920288087,0.04103515147023346
0.4522035319561173,0.5072289627669124,0.040567505276970214
0.45252363266818424,0.5064252028067285,0.04105116452508705
0.4599715495951247,0.4989786703063191,0.041049780098556275
0.4549478098374818,0.5045380696398987,0.04051412052261931
0.45937736807819357,0.49975146677396887,0.04087116514783762
0.4594670187842465,0.4995300003061248,0.04100298090962869
0.460118372631513,0.4988799741298398,0.0410016532386471
0.45997235683209853,0.4990062700835847,0.04102137308431691
0.4588882888596177,0.5001203506864471,0.04099136045393519
0.45273219262531766,0.5063643160226017,0.040903491352080996
0.45980645245220503,0.4992555775375603,0.0409379700102348
0.46107151753624076,0.5015326292662974,0.037395853197461915
0.45390485050061447,0.505187174425591,0.04090797507379429
0.45214313973495185,0.5069272573744403,0.040929602890607895
0.4599419471696455,0.49918027548956695,0.04087777734078757
0.46011144042491336,0.498962925152346,0.04092563442274043
0.4601548649788837,0.4989017044362139,0.040943430584902664
0.45789869636250274,0.5012171465961683,0.04088415704132855
0.45872756267427095,0.5003616643666636,0.04091077295906558
0.4600071726831753,0.49909449984948423,0.04089832746734034
0.45976926597440054,0.49931446812436087,0.04091626590123871
0.4601768615251876,0.4990638870346187,0.0407592514401937
0.4602100291205513,0.5002437688672619,0.039546202012186914
0.46290214293961396,0.5046844832437272,0.032413373816658805
0.44339512967092803,0.516172598835571,0.040432271493500954
0.4569616468208411,0.5023104512910894,0.04072790188806918
0.4604603596996164,0.4994548111839415,0.040084829116441845
0.45914478621752647,0.4998765887891468,0.0409786249933269
0.45712937189828884,0.502182314573466,0.04068831352824519
0.4576468635488104,0.5014003176269516,0.04095281882423769
0.46287323147233755,0.5028574434933158,0.0342693250343467
0.4614204150227459,0.5007573525116725,0.03782223246558151
0.45909877510408253,0.5000518616928646,0.040849363203052644
0.46100661978371604,0.49992693418383743,0.03906644603244652
0.4594786806499631,0.4994477511895611,0.04107356816047585
0.4543508394845173,0.5048811976664047,0.040767962849078083
0.4549391044200437,0.5041110821148986,0.04094981346505766
0.45812389738537335,0.5008715383964897,0.04100456421813696
0.45766258585466507,0.5008400149072837,0.04149739923805153
0.4588087970313101,0.5001719926879213,0.0410192102807685
0.4588431399418813,0.5001459619049883,0.041010898153130616
0.4599080615676668,0.49920473244917196,0.040887205983161326
0.4598749014909538,0.49913750843291116,0.04098759007613515
0.4591348615947044,0.5010441372844396,0.039821001120856105
0.4599524656749806,0.4993780675376395,0.04066946678737976
0.45842978041557164,0.5008288911631991,0.04074132842122895
0.4520639625847241,0.5070977707727722,0.040838266642503965
0.4566478752773358,0.5024999837105697,0.0408521410120945
0.46030993232898276,0.4992222974191098,0.040467770251907544
0.46281522541310743,0.5021836296888824,0.03500114489801021
0.4595219549114533,0.49952325105474843,0.04095479403379825
0.4561036993282998,0.5030536463939456,0.04084265427775446
0.45888297520136495,0.5007922464798437,0.04032477831879117
0.46068481758661506,0.5006964884453821,0.03861869396800294
0.4598643888642551,0.49926280712525084,0.04087280401049415
0.44581627808912916,0.5134453230695231,0.040738398841347674
0.46020706348691265,0.4993161417315614,0.04047679478152594
0.4538197021465694,0.5015608621821007,0.044619435671329664
0.4589806049022188,0.5000443136404139,0.04097508145736722
0.45882255811484174,0.5001252510436663,0.041052190841491976
0.46012217653816606,0.49885365382559876,0.041024169636234877
0.45887440432095566,0.5000996700784666,0.04102592560057794
0.4595592679133039,0.49982738429594353,0.040613347790752735
0.45960027786786245,0.49954535731117794,0.04085436482095959
0.45631826873479375,0.5030509135356301,0.040630817729576135
0.45630696269570203,0.5029960239585145,0.04069701334578352
0.45957768215407424,0.49940703294321687,0.04101528490270896
0.45999204813784433,0.4990747221473553,0.040933229714800165
0.4498573536405116,0.5090699775644962,0.04107266879499225
0.45488040995830603,0.5042433941896651,0.04087619585202886
0.4600293868054184,0.49894263436523967,0.04102797882934187
0.46010147922547423,0.4990659417619173,0.04083257901260839
0.45951584568865766,0.49934918913298487,0.0411349651783577
0.4602157044416868,0.49887460090790314,0.04090969465041037
0.45988700965182067,0.49922318146948247,0.040889808878697066
0.4588373866695148,0.5002049027051874,0.04095771062529764
0.45943463199021994,0.4995281450838179,0.04103722292596205
0.4601111464431395,0.4989098547570559,0.04097899879980459
0.45905630019879495,0.49999562143896664,0.040948078362238474
0.4600162488254723,0.4990831283509,0.04090062282362781
0.45878247327269345,0.5001551984926854,0.04106232823462109
0.4479877866395128,0.5110843557744418,0.04092785758604529
0.45993836284394274,0.4992090728375095,0.0408525643185478
0.45919520693745297,0.4998415508806675,0.040963242181879335
0.459930288065768,0.4991344829904446,0.04093522894378749
0.4595620848633183,0.4994036011570386,0.04103431397964315
0.45966473192055163,0.49946832891494625,0.0408669391645023
0.4573484753423218,0.5017431510006349,0.0409083736570433
0.445568034432984,0.5135065946891236,0.040925370877892574
0.4625046332385462,0.5032144242442053,0.03428094251724841
0.4596833673154756,0.49947739235279387,0.040839240331730364
0.454829648047616,0.5044137272428374,0.040756624709546385
0.4611375363929728,0.5003451139108249,0.03851734969620248
0.44576346277724005,0.5133860800836657,0.04085045713909455
0.46007718099200057,0.49886135473299736,0.04106146427500187
0.44963791286470817,0.5092980185036814,0.04106406863161053
0.4577250239695275,0.5013862031945515,0.04088877283592078
0.4592805847869033,0.49979392106566306,0.040925494147433475
0.4589692279444738,0.500127354288091,0.04090341776743525
0.4590908000676985,0.4999593535125402,0.04094984641976141
0.45899102991237656,0.5001077659466655,0.04090120414095779
0.4597651424800909,0.499204082623732,0.0410307748961771
0.45783729037788523,0.5013288270839397,0.0408338825381751
0.46010729403349554,0.4992842377275723,0.040608468238932195
0.4590737866593588,0.4998698681082457,0.04105634523239559
0.46022086171588344,0.49945738508300125,0.04032175320111519
0.45880583127813723,0.5001470399955206,0.041047128726342245
0.45893095024626657,0.5000483144946407,0.04102073525909273
0.4582439574280141,0.5007668312578352,0.040989211314150654
0.4569550076571743,0.5021479253652745,0.040897066977550904
0.45658106648696084,0.5024168034416836,0.04100213007135538
0.45651701016185664,0.5025364800998285,0.04094650973831447
0.4559042291982319,0.5030962921379987,0.040999478663769254
0.4563123882206977,0.5028049803677017,0.04088263141160036
0.45002161464244583,0.5088537702472365,0.04112461511031765
0.4535294193879122,0.5058762981929313,0.04059428241915641
0.4601248461313735,0.49924187406115444,0.040633279807472104
0.45870750953467887,0.5003638543714759,0.04092863609384532
0.4606311761444619,0.498573160817222,0.0407956630383162
0.45501125166684797,0.5039972623615683,0.04099148597158406
0.4566949328550177,0.5023363933397175,0.04096867380526495
0.45306443473104097,0.5061564318680781,0.04077913340088094
0.4541146116202879,0.5048993719877425,0.040986016391969506
0.4577867664964939,0.5015305793442609,0.04068265415924528
0.4618064024566662,0.5010450036892589,0.03714859385407462
0.46008096861102366,0.49931643054522806,0.04060260084374837
0.4525456841111118,0.5066759217336496,0.04077839415523878
0.4595384293479615,0.4997227366474761,0.04073883400456251
0.4593500750210143,0.4995025669930606,0.04114735798592496
0.46001000039949747,0.4989389512863876,0.04105104831411481
0.4594962683003841,0.49947257821781677,0.041031153481799164
0.45889394709773884,0.5001185750564197,0.04098747784584141
0.4593112441293034,0.49966809290811204,0.04102066296258471
0.4603426257694578,0.498954044794598,0.0407033294359443
0.46083201516427674,0.49850451432879544,0.04066347050692782
0.4601741095508038,0.49879076948923773,0.04103512095995831
0.462127955668607,0.5020123409051738,0.035859703426219226
0.45591600509747227,0.5031147556204327,0.040969239282095074
0.45936517589868053,0.499658414108894,0.04097640999242548
0.4594125831979047,0.4996761392391252,0.04091127756296992
0.45952632650664516,0.4993422392473079,0.041131434246047024
0.4586386265384115,0.5002875904524952,0.041073783009093416
0.45917263681521175,0.4997202561019451,0.04110710708284294
0.45955892550798794,0.49932284845087466,0.04111822604113735
0.45871081387374135,0.5002507149093747,0.04103847121688407
0.45993932257143666,0.49923611255352535,0.04082456487503801
0.45189522706937396,0.5070639696846119,0.04104080324601433
0.4544387851858942,0.5046926398676747,0.0408685749464313
0.4615390209987062,0.5013171962586346,0.03714378274265908
0.45987961629157503,0.4990902652845794,0.04103011842384575
0.4547791205086217,0.5042810647905515,0.04093981470082683
0.4532262125885954,0.5058888628873078,0.0408849245240964
0.46097379768502916,0.500441050072643,0.038585152242328
0.4602011339949637,0.4987002130925118,0.04109865291252422
0.4602073612919985,0.49891148553503123,0.040881153172970135
0.451784705593666,0.5072106461016098,0.04100464830472411
0.4581210894429215,0.5010315646421662,0.04084734591491229
0.44631678259331475,0.5126381160874868,0.041045101319198606
0.4569771664492576,0.5023606244258627,0.04066220912487948
0.45946411581410335,0.4995648616197228,0.040971022566173965
0.4588391096981525,0.5001157472648377,0.041045143037010054
0.4598796955723516,0.49912416109369473,0.040996143333953544
0.460274811308785,0.4988473938342519,0.040877794856963225
0.45931655423946494,0.4995416233840363,0.04114182237649891
0.45525832148692014,0.50398326012297,0.04075841839010997
0.4600191849480481,0.4989905274661904,0.040990287585761315
0.45857618021272833,0.5005726885201247,0.04085113126714715
0.459017861683039,0.49988381611167937,0.04109832220528149
0.44933231903856014,0.509603265588142,0.041064415373297976
0.4455326031923622,0.5135448812032001,0.040922515604437514
0.4601206865851008,0.49888245499965567,0.04099685841524341
0.4533503645971217,0.5059953619059009,0.0406542734969773
0.46044624915676163,0.4985618816019443,0.04099186924129421
0.45869413075735754,0.5004526315401874,0.04085323770245492
0.4525966609184542,0.5066036701096954,0.04079966897185054
0.4556441914871701,0.5034145247066536,0.04094128380617614
0.44928626003307054,0.5097678914515529,0.040945848515376373
0.45808335990510646,0.5009846133003767,0.04093202679451678
0.4594208298192998,0.4996381995493915,0.04094097063130874
0.4588239412791544,0.5001986107614155,0.04097744795943039
0.46066328699304154,0.498390807605996,0.040945905400962414
0.45844042719742556,0.5007110902046804,0.04084848259789411
0.45993396034399897,0.4990529481726423,0.04101309148335854
0.4596671221010784,0.49931389511287055,0.041018982786051233
0.45923627334757505,0.4998619183150674,0.040901808337357494
0.4594663782893792,0.49961299296684214,0.040920628743778685
0.45594144599349523,0.5032239977821201,0.04083455622438448
0.45749721459119197,0.501646471696275,0.04085631371253297
0.4593942777189921,0.49961056071517673,0.0409951615658311
0.4540233321022773,0.5049404343379045,0.04103623355981818
0.45972218501355494,0.49941833415773784,0.04085948082870739
0.45998776283819975,0.4990879286627851,0.04092430849901514
0.45699703530252805,0.5019798835966758,0.041023081100796305
0.4509733236075158,0.5082798555928529,0.04074682079963129
0.45909930804647553,0.500199340515301,0.040701351438223454
0.456649766555771,0.5025186427476347,0.040831590696594665
0.4598987935460286,0.49930377958970384,0.04079742686426738
0.4536620530116786,0.5056270319561066,0.04071091503221469
0.457733512873309,0.5015520871580852,0.04071439996860596
0.45716151125881077,0.5021436336012302,0.04069485513995894
0.4563844007496333,0.5029640115646572,0.04065158768570947
0.4533566638485805,0.5057333336848041,0.040910002466615414
0.4552801146355595,0.5039163020875086,0.040803583276931885
0.46010370795442235,0.49884163899129025,0.04105465305428763
0.46003857959988737,0.49882261770032976,0.041138802699782775
0.4596499565396492,0.49928240842452853,0.04106763503582244
0.459997399727597,0.49896922454695936,0.041033375725443605
0.45897737373864983,0.5001060008225776,0.04091662543877266
0.45741834066257187,0.5019148517756248,0.04066680756180327
0.45413065011936754,0.5049468435354453,0.040922506345187154
0.4572658749727508,0.5016940416438428,0.041040083383406326
0.4597150149450541,0.5007833210113194,0.039501664043626324
0.44505900838232837,0.5138779151154961,0.04106307650217528
0.4551603447548042,0.5039984814215532,0.04084117382364256
0.45742185453110257,0.5018065967934254,0.040771548675472134
0.45862920999460177,0.5004612338567951,0.04090955614860317
0.4551067988287389,0.5041481003486078,0.040745100822653244
0.4591548548927362,0.5010015143049514,0.039843630802312374
0.4593745198922802,0.49979836229327734,0.04082711781444262
0.46042974096956507,0.49912011946372464,0.04045013956671023
0.4528758002502555,0.5062738394243826,0.0408503603253617
0.4595705532286798,0.49949111366571886,0.040938333105601084
0.45901728370098255,0.4999548284313738,0.04102788786764369
0.4589897907481915,0.4999908851512491,0.04101932410055911
0.45845106954924536,0.5005987966279561,0.040950133822798294
0.45601254906244715,0.5028959708080707,0.04109148012948248
0.4561549615972379,0.5028451169970514,0.040999921405710515
0.4600018951507673,0.4989948860870932,0.04100321876213935
0.4601730788689866,0.49888424316221675,0.04094267796879662
0.4598621344903587,0.4992479856043694,0.04088987990527212
0.4582988833143175,0.5012862617349572,0.040414854950725124
0.46037704428331894,0.4988313915934155,0.04079156412326586
0.4556490587809332,0.5033756146599573,0.040975326559109536
0.460324445615426,0.49878077633035056,0.04089477805422352
0.4588551261997444,0.5001859056778893,0.0409589681223663
0.4604257271318505,0.4986756750140976,0.040898597854051935
0.4475619841301273,0.5114041949236123,0.04103382094626023
0.449313754152604,0.509890433828316,0.040795812019080134
0.4444769948868784,0.5159271163741509,0.039595888738970846
0.45301857291856135,0.506106248051068,0.04087517903037076
0.45883348774772426,0.5001665057819881,0.04100000647028768
0.4599657761158385,0.4991440983518821,0.040890125532279456
0.460189955020262,0.4985709558074066,0.04123908917233159
0.45436889446798134,0.5048207534866338,0.04081035204538478
0.45996666217457,0.4990384046624031,0.04099493316302657
0.45952605806059094,0.4996788669384737,0.04079507500093543
0.4592849379408163,0.4997739976358964,0.040941064423287245
0.45919918665338433,0.49985235376119647,0.040948459585419386
0.4600557046305359,0.4988700876488666,0.04107420772059766
0.45997103219290014,0.4990133169502776,0.04101565085682217
0.4597646352245524,0.49920272362069806,0.041032641154749736
0.46011686698000687,0.4988882741137426,0.040994858906250604
0.4603088000346,0.4984818664919272,0.04120933347347269
0.45797047829804677,0.501281406875679,0.04074811482627405
0.44579049829199846,0.5132348700783319,0.040974631629669675
0.4593697163985555,0.4996545361965535,0.04097574740489092
0.45926092755108716,0.4998511788326385,0.04088789361627417
0.45977961266922185,0.49889778612014796,0.04132260121063017
0.4601641783708402,0.49871266266440384,0.041123158964755935
0.46002268617923553,0.4989592887422287,0.0410180250785359
0.4555913289226711,0.5036780749505487,0.04073059612678018
0.4591146134671948,0.4998889987146241,0.04099638781818129
0.4589592530180171,0.5000795881484574,0.04096115883352542
0.45676932058051084,0.5021689379199501,0.04106174149953901
0.4602025591875016,0.49883221135536193,0.04096522945713661
0.4597533112922379,0.4991768792671659,0.04106980944059609
0.4577758662139134,0.5013467146911329,0.04087741909495365
0.4535213270865089,0.5059023709885421,0.0405763019249491
0.4527787581471047,0.5061508961821618,0.041070345670733345
0.4597196141725244,0.49922774703682915,0.041052638790646676
0.449658538132775,0.5094605550104114,0.040880906856813275
0.44267448979591884,0.5164527345600118,0.04087277564406901
0.45586184842928146,0.5033859688544345,0.040752182716284106
0.4613178385569919,0.5005405470434574,0.03814161439955087
0.4547497782867282,0.5043376628418097,0.04091255887146211
0.46009799353721476,0.4989694862951829,0.040932520167602376
0.4596803701836096,0.4993522267034526,0.040967403112937735
0.45868982192894386,0.5002349624966785,0.04107521557437794
0.4551233733077624,0.5039994284004493,0.040877198291788326
0.45855764272436933,0.5003973588935726,0.04104499838205815
0.45012428097175233,0.5090728125125861,0.040802906515661555
0.45992577865801265,0.4992276658630262,0.04084655547896101
0.45799553970774143,0.501097786475207,0.04090667381705155
0.4601626071556628,0.4988686714629656,0.040968721381371594
0.46012824933875457,0.49904589406447486,0.04082585659677066
0.4593542753923343,0.49950751965436146,0.04113820495330431
0.4591056913018287,0.49979953823005546,0.04109477046811605
0.4555901436249685,0.5035589379714407,0.040850918403590564
0.4560383287886345,0.5032444515382059,0.040717219673159846
0.4591458101363277,0.500009725271543,0.0408444645921291
0.4469948886018232,0.4921258893402527,0.060879222057923926
0.4516536961034541,0.5074433352498261,0.040902968646719724
0.4500855334117298,0.5088694107500428,0.04104505583822739
0.44882542408756404,0.5103119871126476,0.040862588799788636
0.4598618032030586,0.4992063623035153,0.040931834493426134
0.46005235698133634,0.49910397915461985,0.0408436638640438
0.4559986760844936,0.5030036771438672,0.04099764677163893
0.46022730544934676,0.49877350049303043,0.04099919405762271
0.46018800844842367,0.4987972293532361,0.04101476219834017
0.4601436387221371,0.4989158167907154,0.04094054448714725
0.4598627440787919,0.49925507930454427,0.04088217661666399
0.46010651040933964,0.4990446553743578,0.040848834216302546
0.4527529360161969,0.506389900748211,0.04085716323559204
0.4597914550225003,0.49921803537705095,0.04099050960044873
0.4533361202011019,0.5055060430643388,0.04115783673455934
0.45706314457884284,0.5018704129323274,0.041066442488829534
0.4543551120470447,0.5048452117748605,0.04079967617809482
0.45513983924941215,0.5041205514014943,0.040739609349093424
0.459449436312139,0.49958113693804707,0.040969426749813874
0.45992584931578345,0.498944180956872,0.04112996972734454
0.4598506961028339,0.49917951733717864,0.04096978655998727
0.4527748495551207,0.5063680490497268,0.04085710139515235
0.4603123444765147,0.49898097956486254,0.0407066759586226
0.4599063216140201,0.49867624582827763,0.04141743255770233
0.4583409866359882,0.5006279850570456,0.04103102830696612
0.44716143510858447,0.5121597199521642,0.04067884493925136
0.46009031124521793,0.4990309010200416,0.04087878773474041
0.4560772121693634,0.5030169005706606,0.04090588725997627
0.4614056048667488,0.49825377453269143,0.04034062060056001
0.4568389351906814,0.5022572372376861,0.04090382757163251
0.4580643119955128,0.5011397902076158,0.04079589779687132
0.45488471057533036,0.5043197676682412,0.04079552175642832
0.45292305983985665,0.5062350791747159,0.04084186098542755
0.4528128079394002,0.5063551653131209,0.04083202674747872
0.45138395379778334,0.5076697570471187,0.04094628915509785
0.4587284333190257,0.5002233601764143,0.04104820650456005
0.4596579757048116,0.4992956565035121,0.04104636779167636
0.45960924752845533,0.499509520286681,0.040881232184863614
0.4588389936517637,0.5001784274898329,0.04098257885840352
0.4522388656689785,0.5070854529122648,0.0406756814187568
0.45489570108309024,0.5042746742602695,0.04082962465664022
0.4588215563287698,0.5001878524746418,0.0409905911965882
0.4597440799744186,0.4993706255413288,0.04088529448425255
0.4596849178964474,0.49944269989865997,0.04087238220489261
0.45998883545786606,0.49896557997593294,0.04104558456620089
0.4627081621591882,0.5030013010309119,0.03429053680989988
0.46275967778423766,0.5031920611816177,0.034048261034144635
0.4593643838165229,0.49962507708782444,0.041010539095652866
0.4604902851569547,0.4995207473928004,0.03998896745024498
0.4524368567127183,0.5066298858927307,0.04093325739455083
0.4578838556561577,0.5014774168500655,0.04063872749377652
0.45672664816570335,0.5022558169442607,0.04101753489003563
0.4552861851381947,0.5038831539785923,0.040830660883213035
0.4553669096765773,0.5037564003813652,0.04087668994205744
0.45954826644312674,0.499438906464153,0.04101282709272031
0.4484917124467609,0.5104643959035985,0.041043891649640715
0.45925483168827447,0.49988734065648005,0.04085782765524581
0.46138521671444155,0.5010160815318836,0.03759870175367442
0.44865579453819393,0.5103845224442379,0.040959683017568096
0.4589959913402872,0.5000123169216557,0.040991691738057175
0.45997268259853086,0.5003642660341205,0.03966305136734841
0.4591664512760901,0.4999420269543771,0.04089152176953275
0.459762585198334,0.49939522651849183,0.040842188283174305
0.45936465601467047,0.49970193463403234,0.0409334093512973
0.46021205599623854,0.49918918826718295,0.040598755736578444
0.4597110395757651,0.4992397968547808,0.041049163569453935
0.46049791614892194,0.49843370433338524,0.04106837951769281
0.4582188809036879,0.5008638274414995,0.040917291654812546
0.459196636900509,0.49981803159157073,0.04098533150792019
0.460031487743343,0.49901591985274796,0.04095259240390909
0.460006224169308,0.499012267000873,0.040981508829818894
0.4472438461222072,0.5120154335653667,0.040740720312426155
0.4471041869679176,0.512092973832961,0.04080283919912156
0.4593090918206676,0.49965743701323484,0.0410334711660974
0.46047027592785167,0.4994762848360686,0.04005343923607989
0.45260484794840444,0.5071024515626674,0.040292700488928405
0.4589991297898528,0.5001072264656002,0.04089364374454691
0.45645286777917005,0.5027014896889712,0.04084564253185896
0.457462224049548,0.5017390537831622,0.040798722167289615
0.45644910913078685,0.5026338669735106,0.04091702389570259
0.45251533810157163,0.506683803057213,0.04080085884121521
0.456917656943567,0.5024411241747001,0.040641218881732916
0.4490621799225979,0.5102442273833897,0.04069359269401245
0.45912582539934754,0.49987146246199077,0.041002712138661614
0.4553247319659127,0.5036915091095565,0.040983758924530996
0.45626376491469695,0.5027732429057588,0.040962992179544314
0.45996008099172186,0.4990352166756803,0.041004702332597884
0.4564916588953647,0.502665205394405,0.04084313571023046
0.4594038578006289,0.49989108968047935,0.04070505251889175
0.4550233543510395,0.5040798877108144,0.04089675793814625
0.46004022822513935,0.5008414384191573,0.039118333355703326
0.45996118968210675,0.4990885933545457,0.040950216963347615
0.4581658848633013,0.5015634760268464,0.0402706391098525
0.45934424852212263,0.49969776032068214,0.04095799115719508
0.45880512846176363,0.5001689986009348,0.041025872937301484
0.45966294842287525,0.49954695740083005,0.04079009417629485
0.4542481248716646,0.5049604182443928,0.04079145688394276
0.45968507721360663,0.4992248370195373,0.04109008576685601
0.4580673509364752,0.5011330672852597,0.040799581778265134
0.45765228896223875,0.501499352386438,0.040848358651323566
0.45954851983639045,0.4995784228875191,0.04087305727609032
0.455103552829766,0.49979151405475475,0.0451049331154792
0.4542837653244583,0.5049089336788661,0.04080730099667571
0.4579125139944874,0.5010850786558472,0.04100240734966528
0.4600127192699817,0.4991236999767874,0.04086358075323103
0.4600346160383481,0.4988932483887786,0.0410721355728732
0.4592410409800673,0.4996441071480783,0.041114851871854444
0.4594915927157869,0.49958243875171676,0.04092596853249628
0.45993984985679354,0.49901879025732615,0.041041359885880216
0.4578989650902613,0.5015662723867477,0.04053476252299126
0.45744135323813395,0.5018241561614835,0.04073449060038253
0.455379453547603,0.5038024501369417,0.04081809631545516
0.45917766532146664,0.49978149779064424,0.04104083688788932
0.4598541824803307,0.49915690693425185,0.04098891058541735
0.45464383297656585,0.5021770941781003,0.04317907284533354
0.4599173237209747,0.49903765349418283,0.041045022784842705
0.4554923848168033,0.5035609350967839,0.04094668008641301
0.46004989583992595,0.4989522625208361,0.04099784163923779
0.4508243055248791,0.5081517561162705,0.04102393835885019
0.46075074850266473,0.4990892053007977,0.04016004619653741
0.45348103061708506,0.5057792438556404,0.040739725527274354
0.4601459149156026,0.49883105915440074,0.041023025929996744
0.4589749510529522,0.5000964887872352,0.04092856015981262
0.4553917870291549,0.5035696864311726,0.04103852653967247
0.45882615410056315,0.5004122109952021,0.04076163490423486
0.4575281235199277,0.5016733824012733,0.04079849407879891
0.459571748171738,0.499383758692126,0.041044493136136194
0.459297587486765,0.4998358116141855,0.040866600899049574
0.4556568966252258,0.503789549171167,0.040553554203607144
0.4592217132334813,0.49994718200748167,0.04083110475903714
0.4602051829372734,0.4990736675671289,0.040721149495597526
0.45312884640661344,0.5061515757040552,0.04071957788933149
0.45822719741537093,0.5011049231158742,0.040667879468755046
0.4593835256776874,0.4998147825804282,0.040801691741884305
0.4593288627128172,0.4997825190655168,0.040888618221665715
0.4600308473162591,0.4990199272708998,0.04094922541284081
0.46037906882220636,0.49929370715923027,0.04032722401856357
0.45387179985443343,0.5033347398898682,0.04279346025569847
0.4604514946048622,0.49923658306626145,0.040311922328876405
0.4594477172849917,0.49951734782080154,0.04103493489420688
0.4594557303964581,0.4995679733995727,0.040976296203969226
0.4589541077538973,0.500012055279146,0.041033836966956436
0.45935143303470843,0.49957487115854415,0.041073695806747315
0.45961864608984293,0.49933734835586724,0.0410440055542901
0.4608728844462069,0.5004485470446879,0.03867856850910518
0.45993310326245407,0.49917299387549713,0.040893902862048755
0.45699332646316587,0.5021100577346657,0.04089661580216836
0.4485058586640164,0.5106204556656864,0.0408736856702975
0.45861436307716463,0.49989691904344175,0.041488717879393795
0.4602197811249606,0.49878618860856705,0.04099403026647237
0.4600407469184277,0.49895623017858776,0.041003022902984604
0.4598885046257649,0.4995172961700564,0.040594199204178776
0.4600252834237852,0.4989134480355293,0.04106126854068533
0.45968720825782,0.4994483345037777,0.04086445723840237
0.4590783813923398,0.5003011515952716,0.040620467012388875
0.45961654511435546,0.49982033695880684,0.04056311792683775
0.46241846689358823,0.5013214828157353,0.036260050290676374
0.4513933131885707,0.5081102377460968,0.04049644906533255
0.4421401398868512,0.5172782240388247,0.040581636074324
0.43990138749740415,0.5196041939437873,0.04049441855880853
0.4571697440524462,0.5018915198555526,0.04093873609200113
0.4597818500107757,0.4993807638010115,0.040837386188212456
0.4602810039826166,0.4989970391300433,0.04072195688734002
0.4587803656516364,0.500160053616704,0.04105958073165929
0.4600607331455446,0.4997453775126949,0.040193889341760485
0.4594609139556627,0.4995965056715072,0.04094258037283008
0.459522194487114,0.4995173928587351,0.04096041265415077
0.4598735307394086,0.4991679728498072,0.040958496410784175
0.45088980252104693,0.5082819080795664,0.040828289399386486
0.45270830086064157,0.506786890403735,0.04050480873562339
0.4525795134582019,0.5067623225444228,0.04065816399737527
0.45209624131984755,0.5068669221363784,0.04103683654377413
0.45650731332225003,0.5024523571127631,0.04104032956498684
0.4497679358036736,0.5091855830846583,0.041046481111668115
0.44956725824904653,0.5095216948252261,0.04091104692572736
0.4483423354324262,0.5108752799255227,0.04078238464205099
0.45914097747523924,0.5001520967801026,0.04070692574465835
0.452394227356827,0.5068048760024432,0.040800896640729785
0.45799450069871017,0.501083313040539,0.04092218626075062
0.45896987567609393,0.5000328429265274,0.04099728139737861
0.4517603187572378,0.5074548783565173,0.04078480288624494
0.4589412795212697,0.5000558728770319,0.041002847601698277
0.45928582689535574,0.49965404364736205,0.041060129457282046
0.4598714084456746,0.49920654718308183,0.040922044371243416
0.4598326782810004,0.49913732404273425,0.04102999767626529
0.4598315023604689,0.4992929738204746,0.040875523819056604
0.4583133382848012,0.5008840047173637,0.04080265699783517
0.45571347020539227,0.5034101808136462,0.04087634898096184
0.4593674045712884,0.4998147620899415,0.04081783333876964
0.45363589557109524,0.5054687948367528,0.04089530959215236
0.4555990754745653,0.5032994765733853,0.0411014479520495
0.46070631645177795,0.49895578276811947,0.04033790078010243
0.4578380051289814,0.5012873384457044,0.0408746564253141
0.45494627167526364,0.5027783474993547,0.04227538082538175
0.45185116477748377,0.5072354198273813,0.040913415395134656
0.45495349538712365,0.5040705745682544,0.0409759300446219
0.4592211153170228,0.5002492707675216,0.0405296139154557
0.45512054340553626,0.5040967809757102,0.040782675618753476
0.45279249334459903,0.5063627206088988,0.04084478604650224
0.46046520588511614,0.4984641592350432,0.041070634879840515
0.45224578085736344,0.506988856122305,0.04076536302033143
0.4566631575571204,0.5023898055029673,0.04094703693991247
0.45919230910627856,0.4999637480695275,0.04084394282419409
0.45982126699579196,0.4992304893394904,0.04094824366471746
0.45890721155213005,0.500135711373978,0.04095707707389187
0.45632105673544343,0.502557412834575,0.04112153042998142
0.45506654263426627,0.5039620122532709,0.04097144511246282
0.45747144400833645,0.5015885603706028,0.040939995621060675
0.46004656426235757,0.4991583636469596,0.04079507209068297
0.4556168966409549,0.5035959108471405,0.04078719251190469
0.4565800325592875,0.5027135604658828,0.04070640697482985
0.4579901541103033,0.5009866505877084,0.04102319530198803
0.4593766126183985,0.4997263401313183,0.04089704725028313
0.4563035615217731,0.5025591526990101,0.041137285779216805
0.4548583326800157,0.5040623094772908,0.0410793578426938
0.44883932016778066,0.510200132667579,0.04096054716464012
0.45360801810567003,0.5054335111922186,0.040958470702111234
0.45942175921339484,0.49960147082922346,0.0409767699573814
0.4512371280751756,0.5079670414011258,0.0407958305236986
0.45212502539230875,0.506954030032538,0.04092094457515326
0.4593649320522361,0.49960253315591574,0.0410325347918481
0.4592225912338819,0.4999607362628552,0.04081667250326292
0.4600467817234947,0.49908647768879555,0.04086674058770959
0.45964251355755964,0.4994540324474852,0.04090345399495534
0.44634088378981995,0.5120332362422333,0.04162587996794663
0.44942217343798735,0.5098189481006483,0.040758878461364334
0.4569045787714845,0.5029505870321686,0.04014483419634666
0.4587701993571214,0.5002835434334763,0.04094625720940242
0.4487999205744585,0.5100952268921496,0.041104852533391634
0.4600520596704245,0.49881763175296073,0.04113030857661484
0.4587102037720342,0.5003462009317139,0.040943595296251856
0.45602369208123533,0.5030271641389024,0.04094914377986247
0.4542376272586482,0.5048457762940286,0.04091659644732317
0.4550585853871779,0.5040613128373785,0.04088010177544363
0.45097528405914555,0.5083719719634466,0.04065274397740783
0.45714906135896505,0.5019842575161167,0.04086668112491828
0.45899068401907994,0.5003911130264418,0.040618202954478405
0.44790349133954227,0.5110428542412027,0.04105365441925493
0.46190785395513395,0.5052946106501809,0.032797535394685155
0.4599622523908139,0.49918423264426937,0.040853514964916855
0.4591220839818181,0.4999267901311622,0.04095112588701985
0.4564265743967881,0.5026454931262612,0.040927932476950736
0.45451230377175095,0.5047401607078291,0.04074753552042004
0.45961829948728616,0.49935068406525673,0.04103101644745692
0.45873806776496484,0.5003402146565209,0.04092171757851404
0.4598366204317677,0.4991879632369198,0.0409754163313125
0.4591448552903501,0.5000346714343,0.04082047327534978
0.4600108464027908,0.4989939918637169,0.04099516173349233
0.45880375970863996,0.5001469354524805,0.04104930483887947
0.45465277143091515,0.5043765964699236,0.040970632099161214
0.4608794055906438,0.5007589231829586,0.038361671226397685
0.45854816056964454,0.5006836330648949,0.04076820636546038
0.4479165358740734,0.5111483649794663,0.04093509914646044
0.4588375691962144,0.500129832901999,0.04103259790178671
0.45087537987449583,0.5082266014941905,0.04089801863131392
