0,1,2
0.45864635507006846,0.5002613385926684,0.04109230633726325
0.45870478859200553,0.5003286297673059,0.040966581640688636
0.4585091273432128,0.5004402617144246,0.04105061094236255
0.45874743008413754,0.5002973976045696,0.040955172311292844
0.458595603767403,0.5002187680619536,0.04118562817064344
0.4587111631556426,0.5002219665629473,0.04106687028141038
0.4583873552279728,0.5005359448434937,0.04107669992853332
0.45855554975989316,0.5004133380243199,0.04103111221578695
0.4584128875593651,0.5004991711508668,0.04108794128976814
0.45847629927237277,0.5004597981384856,0.04106390258914162
0.4583379945978173,0.5005521076825346,0.04110989771964812
0.4586894459841598,0.5003416650692086,0.040968888946631636
0.45862213886928244,0.500214781737093,0.04116307939362443
0.4585246570534923,0.5004311727798797,0.0410441701666277
0.45862196270423916,0.5002234605378899,0.041154576757870834
0.4585687341513627,0.5004058124783174,0.041025453370320056
0.4586340625586347,0.5002376702774627,0.04112826716390236
0.4583671175534715,0.5005298177867055,0.04110306465982291
0.45875399958046253,0.5002918337475564,0.04095416667198113
0.4586468253584198,0.5002456899312896,0.041107484710290534
0.4577490842438118,0.5011282829198179,0.04112263283637045
0.4587049340643414,0.5003146856425515,0.04098038029310713
0.4586163956256611,0.5002415689436884,0.041142035430650294
0.4587183214014095,0.5002726794850494,0.04100899911354114
0.45833192006435425,0.5005612676961718,0.04110681223947388
0.45871597249863194,0.500225494160553,0.041058533340815134
0.4586083638716972,0.5001745047432917,0.04121713138501106
0.4585623272806048,0.5003417245763938,0.041095948143001056
0.45855157041219363,0.5004156187807202,0.04103281080708623
0.45873061394472797,0.5002753249367007,0.0409940611185714
0.45873149996599244,0.5002440783720679,0.04102442166193971
0.4587293071082112,0.5002399314769395,0.041030761414849334
0.45865667910474117,0.5002505169954116,0.04109280389984707
0.4587090912099728,0.500220597766188,0.041070311023839
0.45833131685257905,0.5005594514026743,0.04110923174474667
0.4584424996004102,0.5004804661517669,0.04107703424782278
0.45868900456893513,0.5001873905321819,0.041123604898882886
0.458706305287644,0.5003368513800661,0.040956843332289834
0.45863510780482886,0.5002384454136054,0.041126446781565844
0.4586634858808852,0.5002534365664608,0.04108307755265384
0.45864522486686593,0.5003727090962587,0.04098206603687532
0.4585556035544462,0.500413307222909,0.04103108922264468
0.4586397789000151,0.5004896774009099,0.040870543699074974
0.45858609413450413,0.5001914765468356,0.04122242931866007
0.3115521273006869,0.5536833179202961,0.13476455477901705
0.45873546698478107,0.5002771252435168,0.04098740777170208
0.4585562418992141,0.5004129417859732,0.041030816314812715
0.4583314421611773,0.5005591971963207,0.04110936064250215
0.45864831395620326,0.5002035894923683,0.041148096551428516
0.45865333622671767,0.5002646388972444,0.041082024876037744
0.45864449026845877,0.5002444080868941,0.04111110164464721
0.45875022615832256,0.5002921976983364,0.04095757614334072
0.4586266166330175,0.5002096040021965,0.04116377936478624
0.45862141689281544,0.5002649169573207,0.0411136661498642
0.45873326714915297,0.5002494419545868,0.041017290896260016
0.45851281316302067,0.5004604658784921,0.04102672095848706
0.45870945334921526,0.5002208311714236,0.041069715479361356
0.4585472135241269,0.5003760672964274,0.04107671917944564
0.4587533487547506,0.5002891867182172,0.040957464527032174
0.4587111669907434,0.5002692431723463,0.041019589836910404
0.45835572850881856,0.500552514701533,0.04109175678964846
0.4587114376661515,0.5002693231704974,0.041019239163350776
0.45858479170088523,0.5005433183660536,0.04087188993306123
0.45873130120058775,0.5002436391049082,0.041025059694504096
0.45862626224391023,0.5003857163735944,0.04098802138249499
0.45869254168461165,0.5002537353256405,0.04105372298974779
0.4587499367755737,0.5002930792849545,0.04095698393947164
0.4586885737363161,0.5003381793119024,0.04097324695178134
0.4584722930470962,0.5004622159774801,0.04106549097542386
0.45862502682184186,0.5002289620930029,0.04114601108515522
0.4586050268623533,0.5002306710678869,0.041164302069759746
0.45839501655867293,0.5005316800256285,0.04107330341569858
0.45862117949372394,0.5003762375721719,0.04100258293410417
0.45853229764760073,0.5004479940869986,0.041019708265400634
0.4586598543958874,0.5002519140303254,0.04108823157378711
0.4585568902027064,0.5004320320414083,0.04101107775588527
0.4586281707446443,0.5002325749972365,0.04113925425811928
0.4585786883957403,0.5003796716361891,0.041041639968070545
0.458669283206422,0.5002557240991606,0.0410749926944171
0.458362626006003,0.500533012874368,0.04110436111962918
0.4587197750535007,0.5002287169804193,0.041051507966079995
0.4584459625433964,0.5005019291245921,0.04105210833201159
0.45867657534170286,0.5004364943195307,0.040886930338766385
0.45868265955036563,0.5002604800946117,0.04105686035502254
0.45835476745985,0.5005387439974993,0.04110648854265054
0.45864872365118037,0.5002625067139371,0.04108876963488231
0.4584238010686454,0.5005151214684905,0.04106107746286427
0.4587535527164431,0.5002891269706161,0.04095732031294085
0.458570630049584,0.5004230099563928,0.04100635999402338
0.45839695852184953,0.5005095377900063,0.04109350368814428
0.458628018156873,0.5002324200276973,0.04113956181542942
0.45833722146079775,0.5005528046185993,0.041109973920603046
0.45869000864762993,0.5002479482190821,0.04106204313328788
0.45843420400424995,0.5005089701251423,0.04105682587060763
0.4584221750648496,0.5004932333271737,0.0410845916079766
0.4587359049960179,0.5003072564446844,0.040956838559297486
0.45859548997725125,0.5003906667007122,0.041013843322036656
0.4585942374342695,0.5003734794964426,0.04103228306928795
0.45849079308327184,0.5004511145027315,0.04105809241399675
0.4584679479157392,0.5004885427950133,0.0410435092892474
0.4585989567008109,0.5003887144496507,0.0410123288495383
0.4587272011880755,0.5002368232697145,0.041035975542210015
0.45861636309444304,0.5002415412999143,0.04114209560564265
0.4586998379528476,0.5002755776115554,0.04102458443559689
0.4586445525195097,0.5003631428833056,0.04099230459718473
0.4586213492859345,0.500217241520768,0.04116140919329736
0.4586595343876904,0.5002038527475899,0.041136612864719764
0.4587259275620692,0.5002686859940323,0.04100538644389844
0.4586539381625882,0.5002035375508204,0.041142524286591375
0.4585985468927951,0.5002229098538571,0.04117854325334765
0.4586710284768845,0.5002055077152391,0.04112346380787621
0.4586228523116958,0.5002255126599522,0.04115163502835205
0.4586382579492221,0.5002406237357558,0.04112111831502213
0.4586795771150541,0.5002594378698921,0.041060985015053696
0.4585873887722349,0.5003952369912849,0.041017374236480116
0.4587498009762406,0.5002868100428427,0.040963388980916754
0.458590637978675,0.5002101613469542,0.04119920067437063
0.4586402387396904,0.5002044500449355,0.04115531121537413
0.4583859011268666,0.5005367459463731,0.04107735292676043
0.458721709545314,0.5003180965581948,0.040960193896491186
0.4586946533647767,0.5002643099133784,0.04104103672184477
0.45867413028722326,0.5004408790419649,0.04088499067081192
0.45857257079199687,0.5003816742535092,0.041045754954493925
0.45842144842660654,0.5004936953578295,0.04108485621556396
0.4586211736095173,0.5002191960755648,0.041159630314918
0.458347617020998,0.5005264808795091,0.04112590209949267
0.45872283159264815,0.500270655490625,0.041006512916726745
0.45865815413746364,0.5003637438353921,0.04097810202714413
0.4585459303937135,0.5004391754131693,0.041014894193116866
0.458726728035301,0.5002361962892954,0.04103707567540363
0.45866765540154475,0.5002550979992315,0.041077246599223925
0.4587414064433929,0.5003036711701889,0.04095492238641809
0.45860108123822435,0.5002261300945116,0.04117278866726398
0.45863274623261224,0.5003546887435645,0.041012565023823104
0.4587556050105556,0.5002895991306012,0.04095479585884306
0.45858783153611327,0.5002032094920688,0.04120895897181815
0.4585788609543797,0.5003180490728893,0.04110308997273077
0.458708677513396,0.5003277502286252,0.04096357225797898
0.45871871400990316,0.50027253358839,0.041008752401706934
0.4584814817973137,0.5004566819274018,0.04106183627528458
0.45864105658737,0.5002423969079975,0.04111654650463243
0.4585577547999707,0.5004120761422393,0.04103016905779002
0.45875052069075434,0.500289367781879,0.04096011152736689
0.45833818175604185,0.5005519410801438,0.04110987716381449
0.45853029899285086,0.5004278923979262,0.04104180860922287
0.45860232261431916,0.5005282319849295,0.040869445400751304
0.4587245304946573,0.5002335292462423,0.04104194025910024
0.45852721318062944,0.500429685203814,0.04104310161555633
0.4585588397419279,0.5003843971075548,0.04105676315051737
0.45873374307834525,0.5002535053939012,0.04101275152775348
0.45852652647509423,0.5004517045988797,0.04102176892602617
0.4586966021743346,0.5003365244270673,0.04096687339859781
0.4583324489564866,0.5005577052251007,0.0411098458184127
0.45874584561236326,0.5002992574309678,0.04095489695666889
0.45866019075228154,0.5002039117769099,0.04113589747080841
0.4587035927985625,0.5003154442824854,0.04098096291895194
0.458637118356703,0.5003782894995912,0.04098459214370614
0.45861315781390044,0.5002387294987226,0.04114811268737697
0.4586921613207019,0.5002118762332206,0.0410959624460773
0.4585867684099049,0.5001992230764577,0.04121400851363729
0.4586947608911257,0.500264342947191,0.04104089616168325
0.4587295277015913,0.5002402952942033,0.041030177004205276
0.4586229152302135,0.500225635237875,0.04115144953191137
0.4586409572565019,0.5002423362021368,0.04111670654136115
0.45873269366643643,0.500259949907484,0.0410073564260793
0.45874079580970456,0.5003042066532618,0.0409549975370336
0.4587431570355154,0.5002807136080141,0.04097612935647044
0.4586281655196174,0.5002325697165642,0.041139264763818656
0.45834442899638156,0.50055767697004,0.04109789403357855
0.4587550544782028,0.5002888726260675,0.040956072895729626
0.45862590911555184,0.5002101454337301,0.041163945450717825
0.4585880357603296,0.5004114746356628,0.041000489604007505
0.45874623493217537,0.5002988654689512,0.04095489959887352
0.4587118874930937,0.5002694561802965,0.041018656326609726
0.4587205108495982,0.5002293962457377,0.041050092904664125
0.45868409750134576,0.5002609570500057,0.04105494544864848
0.45862290240202996,0.5002256104166024,0.04115148718136761
0.45871383059962745,0.5003231055583532,0.04096306384201939
0.458715448772129,0.500270513788847,0.04101403743902426
0.45874154438570675,0.5002798386818497,0.040978616932443576
0.45869896076746486,0.5003815521410897,0.04091948709144535
0.4587290546420128,0.5002658820318903,0.04100506332609683
0.45855904510731965,0.5004113383618234,0.04102961653085677
0.45867469563839275,0.5002063032929687,0.04111900106863867
0.45845722803870836,0.5004713818884995,0.041071390072792285
0.45874209055516396,0.5002942530252343,0.04096365641960163
0.4587288973472391,0.5002660521724906,0.041005050480270096
0.4587425675930678,0.5002940102500246,0.040963422156907625
0.45863063466916165,0.500234887637374,0.0411344776934643
0.45834837980929116,0.5005435835413081,0.04110803664940078
0.45873787454230813,0.5002781182627786,0.0409840071949132
0.4587161621593115,0.5002733972037011,0.04101044063698726
0.4586287013115414,0.5002082727502165,0.04116302593824183
0.4585079810489404,0.5004409362274229,0.0410510827236366
0.45864655911985885,0.5002455469247311,0.04110789395541011
0.45839035623217095,0.5005139138495858,0.04109572991824345
0.45874262526804144,0.5003025657822732,0.04095480894968523
0.45858163646649514,0.5005458810893141,0.040872482444190804
0.45872801712269123,0.5003138828455367,0.04095810003177196
0.45983997549023836,0.5012038818778785,0.03895614263188329
0.4587542841569161,0.5002889485483868,0.04095676729469697
0.44371901189340274,0.5153877320196093,0.04089325608698798
0.4585944313766348,0.500177154532152,0.041228414091213375
0.45836143005933583,0.5005496983448834,0.04108887159578088
0.45862213934956453,0.5002239320687282,0.041153928581707286
0.4586973925133677,0.5001769696588113,0.041125637827820805
0.45866190912517335,0.5002040873382406,0.04113400353658608
0.4586426264899915,0.5002040840291891,0.041153289480819574
0.45871557114701567,0.5002251785944932,0.04105925025849107
0.45833145113544893,0.5005591802698375,0.04110936859471367
0.45850872900104456,0.5004630597669587,0.0410282112319967
0.4586495244009443,0.5002628902877597,0.041087585311296096
0.45867219817146476,0.5002057476737212,0.04112205415481423
0.4583613823498074,0.5005497223315325,0.04108889531865993
0.4587532127877162,0.5002926585321016,0.04095412868018212
0.45861318936367207,0.5001751011632356,0.04121170947309232
0.45869754365997645,0.5001770933188965,0.04112536302112709
0.4585839337574585,0.5004142038614405,0.041001862381100984
0.4583524282910988,0.50054049352814,0.04110707818076118
0.4583762611718984,0.5005419796270846,0.041081759201017094
0.4585678899994716,0.5003829509062054,0.04104915909432299
0.45857298346652947,0.500403396511226,0.04102362002224458
0.45863951671510234,0.5002414379601742,0.04111904532472355
0.45841537752390976,0.500497572161943,0.041087050314147194
0.45868810865966264,0.5002439483972592,0.041067942943078174
0.4583642604415572,0.5005482641685064,0.04108747538993622
0.45870948358481184,0.500220850767697,0.04106966564749121
0.4587187407940107,0.500227795107315,0.04105346409867421
0.4587305819654061,0.5002753137382535,0.04099410429634048
0.45863218945069545,0.5002362009675941,0.041131609581710624
0.45867024807947004,0.5003486702178384,0.04098108170269154
0.4587316444996021,0.500244409497151,0.04102394600324681
0.4584266077681061,0.5004904236292275,0.04108296860266637
0.4586907649033131,0.5002631018143158,0.041046133282371194
0.45998782259540827,0.5012568788406208,0.038755298563971266
0.4586408170716746,0.5003504077109066,0.04100877521741893
0.4587098087683066,0.5002210625972626,0.04106912863443052
0.45864560531736603,0.5002037639380087,0.04115063074462537
0.4583662040978987,0.5005472673916073,0.04108652851049408
0.4586943774897886,0.5002754020135336,0.041030220496677795
0.45870108491787026,0.5002159870360523,0.04108292804607744
0.4585996628281122,0.5002243618144505,0.04117597535743701
0.458750360492494,0.5002883611625684,0.04096127834493737
0.45864865562342433,0.5002466527229398,0.041104691653635915
0.4584248870158689,0.5004915125619788,0.04108360042215212
0.4586540545082925,0.5002035405439762,0.041142404947731394
0.45834880945082984,0.5005557615956915,0.04109542895347879
0.45864959454702264,0.5002471335723832,0.04110327188059442
0.45867083386660995,0.5002563096999362,0.04107285643345388
0.4586503488689297,0.5002632792942048,0.041086371836865566
0.458713257850897,0.5002234380900906,0.04106330405901234
0.4586257355661054,0.500210287099786,0.041163977334108634
0.4585873283129867,0.5002015185887162,0.04121115309829708
0.45870344319515644,0.5003294368201704,0.04096711998467324
0.4585960286013355,0.5003903632500862,0.041013608148578226
0.45866230491598137,0.5002682592531338,0.04106943583088468
0.45837162418841554,0.5005266589626319,0.041101716848952405
0.45873140016816955,0.5002438556107001,0.041024744221130574
0.4582636288887503,0.5006940174877917,0.041042353623458205
0.4585512088141562,0.5003615027516928,0.041087288434151006
0.4586631356956006,0.5002532929739604,0.041083571330439085
0.45848721986106694,0.5004532463606474,0.041059533778285584
0.45862573667454976,0.5002102861829578,0.04116397714249253
0.458733413314205,0.5002573591486318,0.04100922753716323
0.4587147346117129,0.5003225417205572,0.04096272366773002
0.4587299344617153,0.5002409910147662,0.04102907452351839
0.4587074003196312,0.5002681312326129,0.04102446844775608
0.45870846934392545,0.5002202024909822,0.04107132816509228
0.4585870031831253,0.5004121622736424,0.0410008345432325
0.4587390603326891,0.5002958200720335,0.04096511959527745
0.458688332029279,0.5002748081823759,0.04103685978834503
0.4587129172720746,0.5002697610530622,0.04101732167486345
0.4587296120389462,0.5003121201176564,0.04095826784339758
0.4586874754366096,0.5001891360706787,0.04112338849271191
0.4586212638529266,0.5002205871891091,0.041158148957964276
0.45867497752628866,0.5002722047409734,0.041052817732737654
0.4586238119596508,0.5002474560184423,0.04112873202190684
0.458709848139721,0.5002210883793791,0.041069063480899844
0.45863683130894,0.5002051705458599,0.0411579981451999
0.45873066461923395,0.5003120361527276,0.04095729922803832
0.458625416947097,0.5002105574165081,0.041164025636394805
0.4586516640937282,0.500344539517967,0.04100379638830481
0.4584655363952577,0.5004900241519349,0.041044439452807294
0.45874499434532123,0.5002999660805328,0.040955039574145896
0.4583577801980281,0.5005515135801848,0.04109070622178693
0.4586395691658858,0.5002414712735616,0.04111895956055273
0.4583860368331179,0.5005168061267669,0.041097157040115136
0.45870306187909476,0.5002170353940515,0.041079902726853385
0.45866582282708607,0.5002694924445883,0.04106468472832581
0.4585892719172373,0.5002071244491081,0.041203603633654495
0.4583877202596602,0.5005357432988771,0.04107653644146253
0.45858698647171553,0.5002001902679171,0.041212823260367314
0.4586435942140534,0.5002039643124621,0.04115244147348441
0.45842208701706205,0.500493289289871,0.04108462369306695
0.45872025093032215,0.5003190418127709,0.04096070725690697
0.45297938896393947,0.5059458909923655,0.04107472004369502
0.4584591712237113,0.500493919191382,0.041046909584906636
0.45867584933637,0.500272424936961,0.04105172572666912
0.4587460024759839,0.5002825655672075,0.04097143195680856
0.45869282197043504,0.5002637443157553,0.04104343371380968
0.4569797257431285,0.5019027032117881,0.041117571045083366
0.4584566813680115,0.5004717168000806,0.041071601831907896
0.45870550267907473,0.5003282000447963,0.040966297276129056
0.45874918677655796,0.5002947125601908,0.040956100663251616
0.4611231188932934,0.5017635448742471,0.03711333623245962
0.4586268040766645,0.500209469357043,0.04116372656629255
0.45870300494922556,0.5002755030758804,0.041021491974893895
0.45859268721523855,0.5001782843153991,0.0412290284693623
0.45862837021829794,0.5002327752129451,0.041138854568757134
0.45869268614969855,0.5002120920942036,0.041095221756097866
0.4584977215222361,0.5004700143416879,0.0410322641360759
0.458728786804095,0.5002391064494729,0.04103210674643207
0.45862990558390637,0.5002342365041851,0.041135857911908616
0.4586211874857594,0.5002197194156964,0.04115909309854418
0.4568003301625845,0.5020834302163755,0.04111623962104003
0.45871903075862136,0.5003201024794665,0.04096086676191213
0.4587342267502676,0.5002766432835495,0.040989129966182855
0.45870589281365165,0.5003297860702266,0.04096432111612183
0.45848948367399817,0.500451895062711,0.04105862126329086
0.4586994524821678,0.5002657678902549,0.041034779627577414
0.4587022798662588,0.5002666139370842,0.04103110619665706
0.458589964620277,0.5001808523210798,0.041229183058643266
0.4587004357099114,0.5003758460796143,0.04092371821047462
0.4585990394207346,0.5003886678905958,0.041012292688669516
0.4586756269503049,0.5003312449346967,0.0409931281149985
0.458333996252635,0.5005559361788546,0.04111006756851043
0.4587042868782113,0.5002754324164232,0.04102028070536532
0.4585920608452702,0.5004087901422887,0.04099914901244102
0.4583361439948247,0.5005538033601207,0.04111005264505451
0.45862677585846334,0.5002495998307875,0.0411236243107491
0.45872429107878154,0.500269801486079,0.041005907435139356
0.45835721032433047,0.5005517931391592,0.04109099653651037
0.45844841137487635,0.5004768042744404,0.04107478435068328
0.45859492085316295,0.5004068787922344,0.040998200354602596
0.4587234526929264,0.5003167909212336,0.04095975638584
0.4583386249257677,0.5005515495550054,0.041109825519226886
0.45872941130703787,0.5002401022170089,0.04103048647595308
0.4586322795482328,0.50037001957728,0.040997700874486995
0.45867703768533147,0.5003448081550511,0.04097815415961731
0.45862754115217613,0.500231924834827,0.0411405340129968
0.4586369368564732,0.5001847694075277,0.04117829373599909
0.45863244686840654,0.5003548459164686,0.041012707215124865
0.4587429748705422,0.5003022384380003,0.04095478669145744
0.4586194794566933,0.5002441140060623,0.04113640653724443
0.4586238733585395,0.500212108948557,0.04116401769290348
0.4585482743541178,0.5003692577665755,0.041082467879306854
0.45875051671958467,0.5002893226983955,0.04096016058201977
0.45875278036707406,0.5002930908392377,0.04095412879368817
0.45875047952951675,0.5002909710281411,0.04095854944234232
0.458467470599444,0.500488836245754,0.041043693154801775
0.4586997189922821,0.5003342725003863,0.04096600850733166
0.45860103040519223,0.5002260681037438,0.0411729014910638
0.4586555922451155,0.5002500232328392,0.04109438452204538
0.4587497953982355,0.5002867987007049,0.040963405901059576
0.4583322157355938,0.5005613163950969,0.04110646786930932
0.4584081390091167,0.5005022357898571,0.04108962520102634
0.45874884717408426,0.500295312716566,0.04095584010934974
0.4587294912828495,0.5003122124468014,0.04095829627034924
0.4587535455332365,0.500289129014282,0.040957325452481465
0.45858647979233125,0.5001976983486275,0.04121582185904102
0.458718599506058,0.5003201012623582,0.04096129923158387
0.4583563589821588,0.5005375663478118,0.04110607467002956
0.4583855591912556,0.5005171274922975,0.04109731331644709
0.45870208660572626,0.5003685797111915,0.04092933368308223
0.4586319284771328,0.5002359870110161,0.041132084511851144
0.45872335276103293,0.5003170199015416,0.04095962733742566
0.45841660864409456,0.5004967835267107,0.04108660782919479
0.45851835463055046,0.5004348505386459,0.041046794830803666
0.4586881445112952,0.5002103227831407,0.04110153270556401
0.458619587452765,0.5001766885579195,0.04120372398931568
0.45870923950208525,0.5002686740595177,0.04102208643839701
0.45875306284538525,0.5002928098023967,0.04095412735221818
0.45839457460543054,0.5005111119505486,0.04109431344402091
0.4586839968378501,0.5002609238421405,0.04105507932000951
0.45869185894069564,0.500184108628974,0.04112403243033027
0.45862595762831837,0.5002301415865429,0.04114390078513879
0.45844192912591775,0.5005043542846478,0.04105371658943437
0.4586252328620035,0.5002107200924932,0.041164047045503124
0.4586931469905585,0.5003213579960699,0.0409854950133713
0.4586320397069665,0.500206694257735,0.04116126603529849
0.4586886551225055,0.5002450720188876,0.04106627285860666
0.4587458162940219,0.5002923943472246,0.0409617893587535
0.4587296458169212,0.5002404938663703,0.04102986031670872
0.45865174528232583,0.500203511043667,0.0411447436740071
0.4587036282339533,0.5003604719707634,0.0409358997952832
0.4586322474660849,0.5002066125907055,0.041161139943209454
0.45854731360720413,0.5003739242950483,0.04107876209774758
0.4584662316779167,0.5004895973665492,0.041044170955534094
0.4585863029263672,0.5001893894006891,0.041224307672943675
0.4586875182172237,0.5004140967163849,0.040898385066391325
0.45869745707415915,0.5002141988883874,0.04108834403745357
0.4586314726042907,0.5002069258545276,0.041161601541181744
0.4583462096546456,0.5005452795956172,0.04110851074973721
0.45862446679959373,0.5002281875770443,0.041147345623361774
0.4584526881929515,0.5004978632562066,0.04104944855084176
0.458526856247584,0.5004298927888092,0.041043250963606656
0.45869719423458905,0.5001776574778327,0.04112514828757806
0.4587162165430455,0.5003221948069025,0.04096158865005205
0.45858689741936653,0.5001866784102506,0.04122642417038308
0.45865354489742205,0.5002647309649574,0.04108172413762051
0.4586719611163654,0.5003333006236343,0.04099473826000043
0.45864948730693356,0.5002322455277186,0.041118267165347964
0.4586678294109467,0.5002701486875806,0.04106202190147268
0.4583394317520247,0.5005596441282649,0.04110092411971042
0.4586847220723837,0.500340403883327,0.04097487404428912
0.45872473974662703,0.5008583986880286,0.04041686156534444
0.45869985285861353,0.5002153606567771,0.04108478648460923
0.45851087371037197,0.5004616985398685,0.04102742774975946
0.45834476624582265,0.5005575346440204,0.041097699110156975
0.4587147759586261,0.5002245656298041,0.04106065841156983
0.458683191470997,0.5002740059288029,0.04104280260019991
0.45862793254566075,0.5002087245885967,0.04116334286574234
0.4587556529369813,0.5002893535009523,0.040954993562066486
0.45854729629453356,0.5003772722084855,0.041075431496980945
0.4587269456892717,0.5002364820153081,0.04103657229542007
0.45847853368579494,0.5004584530288604,0.041063013285344785
0.45847948283743284,0.5004814156691205,0.041039101493446584
0.4585502264208766,0.500382605200571,0.041067168378552316
0.4585814944760755,0.5003985702397841,0.041019935284140406
0.4582405274320177,0.5007309525731024,0.04102851999487989
0.4586313462372129,0.5002355005417035,0.041133153221083366
0.4586476583711325,0.5002461324417108,0.04110620918715668
0.4585930370230154,0.5001780323884679,0.04122893058851678
0.4585751662378387,0.5003808644560486,0.04104396930611247
0.4586390488828888,0.500376963293444,0.04098398782366698
0.4586390448546925,0.500204673992416,0.041156281152891765
0.4587093370967739,0.5002749002003862,0.041015762702840006
0.4586833489002435,0.5002086867938628,0.04110796430589363
0.458716824917358,0.5003212281658576,0.040961946916784224
0.4587318409656253,0.5002757603007325,0.0409923987336422
0.4586011276658404,0.5002261866271323,0.0411726857070271
0.4587331970470063,0.5002583206715081,0.04100848228148522
0.45858607575970967,0.5001937872902384,0.04122013695005194
0.4586492510131404,0.5002627599690593,0.04108798901780011
0.4584339402139852,0.5005091270450461,0.04105693274096863
0.45869459039693045,0.500334675506619,0.04097073409645046
0.4585879427010231,0.5001839843514212,0.041228072947555545
0.45867024391663774,0.500205354027547,0.041124402055815044
0.4585961504509339,0.5002769133579452,0.04112693619112104
0.45858810000525063,0.5003948352591887,0.04101706473556049
0.45864046717949586,0.5003759878893735,0.0409835449311305
0.4587147271552,0.500224528526418,0.041060744318382005
0.4587388612318627,0.5003058375312703,0.04095530123686708
0.45874971306678514,0.5002959370771664,0.04095434985604854
0.4587238976119003,0.5002328230503846,0.04104327933771485
0.45871197126331403,0.5002744407751591,0.041013587961526654
0.4585119701420528,0.500438591141734,0.04104943871621303
0.45862137766267225,0.5001772775713874,0.041201344765940257
0.45833761659227285,0.5005524466059807,0.04110993680174628
0.45965544894181637,0.5011402220729966,0.03920432898518701
0.45861036427764396,0.5001746829131545,0.04121495280920156
0.45831186295467763,0.5005624135116851,0.041125723533637235
0.4586709201063641,0.5002563419699181,0.0410727379237178
0.45874972998118546,0.5002935922834848,0.04095667773532956
0.4586794140397236,0.5001982757961414,0.041122310164134875
0.4586773675078778,0.5003446199144274,0.04097801257769476
0.4587196368240852,0.5003196503994433,0.04096071277647162
0.4586697899080251,0.5002707565973548,0.041059453494620285
0.45645709865590295,0.502429371727416,0.041113529616681084
0.458719455196912,0.500319553667114,0.04096099113597403
0.4583367143571089,0.5005532702573229,0.04111001538556843
0.4586346506770858,0.5002381100151131,0.04112723930780112
0.458666627229008,0.5003362798033514,0.040997092967640675
0.4586609214019487,0.5002523692733389,0.04108670932471275
0.4586462111392207,0.5001911704425298,0.04116261841824939
0.4586558375858465,0.500203605794577,0.0411405566195764
0.45865680932943625,0.5002661224126915,0.0410770682578719
0.45860316105619175,0.5003694540699756,0.04102738487383265
0.4583369708766322,0.5005530338002919,0.04110999532307576
0.45871142879093224,0.5003245922589037,0.040963978950163946
0.4583376944231371,0.5005602408455743,0.04110206473128849
0.45873850421879314,0.5002961116905879,0.04096538409061914
0.4583923758925062,0.5005125696758559,0.04109505443163798
0.45867308890108177,0.5003532795624415,0.04097363153647676
0.4587018951045176,0.5003694836058595,0.04092862128962267
0.45875015695286375,0.5002924342892126,0.04095740875792382
0.4586463539099546,0.5001912804270255,0.04116236566301971
0.45868703585877524,0.5003248150776931,0.04098814906353179
0.4585896979140655,0.5001811823220345,0.0412291197639
0.458629904870039,0.500234235853978,0.04113585927598289
0.4583266882373856,0.500673992887911,0.040999318874703636
0.45540380010728293,0.5034923023326071,0.041103897560110125
0.4586460234348945,0.5001910263822156,0.041162950182889714
0.4587189781330585,0.5003198593140752,0.040961162552866394
0.45874973601505387,0.5002935782146375,0.0409566857703085
0.4587458408590271,0.500299313680046,0.040954845460926995
0.4587401800752172,0.500279162527094,0.040980657397688657
0.45874770186600533,0.5002970343305173,0.04095526380347746
0.45860267940582794,0.5003696779112042,0.041027642682968136
0.45858606125758367,0.5001932258577049,0.04122071288471139
0.45854310823368644,0.50057412596429,0.04088276580202359
0.4583376958658993,0.500560240376653,0.04110206375744762
0.4586479209421577,0.5002621164747241,0.0410899625831182
0.4586057676813948,0.5003848842596473,0.04100934805895764
0.4586133225534705,0.500394502495895,0.0409921749506343
0.4587238475308451,0.500270073697298,0.04100607877185698
0.4584273556687002,0.5004899510295462,0.041082693301753646
0.4586143009934791,0.5002397528668439,0.04114594613967693
0.45869208503887754,0.5002752235909635,0.04103269137015861
0.4584510998435127,0.5004751460162075,0.041073754140279674
0.4587335015398565,0.5002507220765494,0.04101577638359408
0.45873235548923846,0.5003100130504531,0.04095763146030842
0.4584407937797411,0.5005050350918492,0.04105417112840949
0.45862889099452536,0.5001803797675867,0.041190729237888024
0.4586449642773652,0.5002606290605432,0.04109440666209138
0.45870178326068134,0.5002755482566423,0.041022668482676286
0.45860439739712344,0.5004005222980028,0.040995080304873664
0.45873541167207377,0.5002771033639488,0.0409874849639773
0.4586758790055828,0.5003454689517544,0.04097865204266279
0.4586034838760325,0.5002865507462355,0.04110996537773191
0.45848323286985454,0.500390227491683,0.04112653963846261
0.45870871132031993,0.5002685181885985,0.04102277049108159
0.4585922931974079,0.5001785855325952,0.04122912126999701
0.4583536670794654,0.5005395640916923,0.041106768828842205
0.4586265657550547,0.5002588339783245,0.041114600266620754
0.458690209666002,0.5003411183491666,0.04096867198483147
0.458346698318069,0.5005567016861739,0.041096599995756995
0.45869324629427694,0.5002123258619071,0.04109442784381607
0.4587496058403748,0.5002938720535479,0.04095652210607746
0.45874464925436886,0.5002816224918858,0.04097372825374523
0.45875540150674,0.5002900433505069,0.04095455514275314
0.45872285165765503,0.5002727694748619,0.04100437886748278
0.45862904931371545,0.5002334380215131,0.041137512664771454
0.4586567226506682,0.5002660866484977,0.041077190700834196
0.45864809436490106,0.500203599784801,0.041148305850297794
0.4586483564052135,0.5002464976721905,0.041105145922595746
0.4584077515187623,0.5005024867838342,0.04108976169740324
0.45873803370497424,0.5003065094059106,0.0409554568891152
0.45865871230284344,0.5002514190365998,0.04108986866055708
0.4584574289069689,0.5004949814926221,0.04104758960040889
0.4587015351206682,0.5002663918255087,0.041032073053823115
0.45866272106748285,0.5002104085559962,0.04112687037652097
0.4586568438759021,0.5003562399595403,0.040986916164557685
0.45841989977219527,0.5004946814603384,0.04108541876746628
0.4587064706102922,0.500333335845615,0.040960193544092825
0.4583406963383275,0.5005334358857506,0.041125867775921705
0.4587421330718064,0.5002801473577618,0.04097771957043172
0.45853753096711164,0.5004446176394127,0.04101785139347579
0.4586080296099477,0.500383613655443,0.04100835673460932
0.4587269522839999,0.50023649074319,0.04103655697281019
0.458678895735282,0.5002073707174138,0.041113733547304236
0.45844431935852475,0.5005029183359122,0.04105276230556308
0.4586939255696969,0.5003350646241828,0.040971009806120326
0.45864484860946425,0.5004835484010294,0.040871602989506504
0.45874257813618646,0.5002803885766688,0.04097703328714456
0.4587034585947183,0.5003614527778008,0.04093508862748099
0.45887973865704623,0.5009008004571179,0.04021946088583578
0.45861148384954015,0.5003654864976924,0.041023029652767225
0.4587310161073551,0.5002633345021429,0.04100564939050197
0.458730326357738,0.500264337280476,0.04100533636178572
0.4583328256080661,0.5005572426620175,0.04110993172991642
0.45858665835991996,0.5001875649064316,0.041225776733648356
0.4583617569960035,0.5005336371380493,0.04110460586594698
0.45863540086515786,0.5002376329875251,0.04112696614731709
0.45846475101454537,0.500466789724918,0.04106845926053674
0.4583567425267095,0.5005520217824644,0.04109123569082595
0.4584239521238943,0.5005150327103071,0.04106101516579854
0.4587028649092188,0.5002667880956112,0.04103034699516997
0.4582641385672939,0.5007390423088719,0.04099681912383421
0.4586821235731099,0.5003468861555136,0.040970990271376705
0.4587185126116798,0.5003204885521588,0.04096099883616145
0.4587166981199335,0.5002732317425684,0.041010070137498085
0.4585981282263604,0.5004047314316664,0.04099714034197333
0.45864237250410206,0.5002041180858099,0.04115350941008823
0.45854141414729843,0.5004421051305968,0.041016480722104814
0.45852157888194095,0.5004548746575265,0.04102354646053254
0.4585328433830647,0.5004264165953148,0.04104074002162045
0.4586615923745217,0.5002040527107423,0.041134354914735966
0.4586936687600837,0.5002125045026984,0.04109382673721763
0.45863954581436805,0.5002414564480258,0.041118997737606064
0.4587044051862851,0.5003555786451007,0.04094001616861437
0.45870647211501536,0.500275254028701,0.04101827385628386
0.45861514753187416,0.5003636867548229,0.041021165713303026
0.45862735307541147,0.5002090937220902,0.04116355320249834
0.45875460400834195,0.5002888964325606,0.04095649955909754
0.45863076927845575,0.5002350052195063,0.04113422550203801
0.45860534822196947,0.5003684292043027,0.0410262225737278
0.45861299712546927,0.5002385837441917,0.04114841913033933
0.45867632883015536,0.500206698491933,0.041116972677911645
0.45862328588318224,0.500212851031241,0.041163863085576714
0.45874886966687567,0.5002952746642343,0.040955855668889894
0.4587153283418581,0.5002704778436947,0.041014193814447084
0.458686290301743,0.5002096627096475,0.04110404698860953
0.45837735214065023,0.5005413946166974,0.04108125324265212
0.4586644414754431,0.5002538250899439,0.04108173343461307
0.458647432383353,0.5003615275896711,0.040991040026975824
0.4586433979984858,0.5002598087466491,0.04109679325486519
0.4586640544821087,0.5003377110248025,0.040998234493088655
0.4587462410170469,0.5002827475005306,0.04097101148242264
0.4586268241976556,0.500249633893272,0.04112354190907228
0.4583884548982012,0.5005353371581907,0.04107620794360839
0.45866128881141366,0.5002040204815063,0.0411346907070802
0.45874377076657635,0.5003014731990539,0.040954756034369565
0.45835454190577024,0.5006645737412092,0.0409808843530205
0.458637373080485,0.5004924925368632,0.04087013438265165
0.4585473943952739,0.5003732724877992,0.0410793331169269
0.45859605636576034,0.5003726813677829,0.04103126226645669
0.45857206559843994,0.5004220630591784,0.0410058713423814
0.4584155273685237,0.5004974761053644,0.04108699652611192
0.45836892897631826,0.5005285428600951,0.04110252816358656
0.45833492490262095,0.5005549844032205,0.04111009069415852
0.45865796678374693,0.5003410804120846,0.04100095280416825
0.4587554921524652,0.5002889909270493,0.04095551692048541
0.4587337421320342,0.5002534562696138,0.04101280159835214
0.4586079550552419,0.5003836555251314,0.04100838941962653
0.4586214894687314,0.500216603392371,0.041161907138897585
0.4585404942011455,0.5004427009049649,0.04101680489388944
0.45869840863578915,0.5002654533796281,0.041036137984582756
0.45872829529560777,0.5002666691377503,0.04100503556664181
0.458661985902775,0.5002528167865663,0.04108519731065883
0.45862124238255114,0.5002179526432373,0.041160804974211554
0.4586010601700886,0.5003875308309067,0.041011408999004885
0.45872999803971976,0.5002647687809235,0.041005233179356754
0.4585936252347154,0.500177638832736,0.041228735932548694
0.4583325713376102,0.5005575517105304,0.04110987695185923
0.45852618715725024,0.5004302820378789,0.04104353080487083
0.45863014482289083,0.5003712152032472,0.0409986399738618
0.4586965651016399,0.5003335165320048,0.0409699183663553
0.45840084650086044,0.5005069839567543,0.041092169542385364
0.4583968557075849,0.5005306459786779,0.041072498313737334
0.4586290040739148,0.5002081054432944,0.04116289048279053
0.4586847815633145,0.5002611820112678,0.041054036425417564
0.45864576776054206,0.5002451171924878,0.041109115046970054
0.45872825662991784,0.5002667070381236,0.04100503633195843
0.45859008904014525,0.5002089961115427,0.041200914848312106
0.45864490851162004,0.5002038262099946,0.041151265278385335
0.45874368128245535,0.5002810202449028,0.040975298472641766
0.45871341845549607,0.5002699096635718,0.04101667188093208
0.45836228195269385,0.5005492689631605,0.04108844908414549
0.45873013686643266,0.5002645894890136,0.04100527364455383
0.4587177221568113,0.5002728926616047,0.04100938518158414
0.45862257648850685,0.5002139387644127,0.04116348474708038
0.4587500189396383,0.5002928536729254,0.04095712738743629
0.4586278558700367,0.500357240253666,0.04101490387629738
0.45873264752935106,0.5002470986690438,0.04102025380160504
0.4587329757096972,0.5002591091513839,0.04100791513891886
0.4586533205277902,0.500343633580141,0.04100304589206856
0.4586727013161014,0.500205854872076,0.04112144381182231
0.45861038714651475,0.5003964859462494,0.040993126907235715
0.45866883545136566,0.500255553066956,0.04107561148167829
0.4585913025314605,0.5001794358396076,0.04122926162893192
0.45873370445633466,0.5002525744779073,0.04101372106575806
0.45862330309262644,0.5002263491968175,0.041150347710556055
0.4587188492988144,0.500319941702999,0.040961208998186664
0.4586473965094363,0.5002459941297893,0.04110660936077443
0.45834114923116165,0.5005590028386965,0.04109984793014195
0.4587251535173186,0.5002342492032223,0.04104059727945907
0.4587206517367514,0.5002717348944103,0.04100761336883811
0.4586302888919687,0.5002074537813453,0.041162257326685936
0.45873101131346505,0.500311790020967,0.04095719866556793
0.45865974623494243,0.5003626340575674,0.04097761970749009
0.4586899662940184,0.5002628501510918,0.041047183554889705
0.45866886629073017,0.5003350310612004,0.04099610264806943
0.45863807793766304,0.500204877263043,0.04115704479929369
0.4587132515213152,0.5002741657286965,0.04101258274998794
0.4586352980947956,0.5003795384161823,0.04098516348902205
0.4587203315697633,0.5003189897953059,0.04096067863493074
0.4587064390398027,0.5003138348470048,0.040979726113192665
0.45856945975747465,0.5003310897868166,0.04109945045570882
0.4587157254117021,0.5002705964198431,0.041013678168455005
0.4587487968271152,0.5002953971215229,0.04095580605136174
0.45862388601170617,0.5002120941303121,0.04116401985798166
0.4586109835565301,0.500381955248459,0.04100706119501092
0.4587335298406492,0.5002509118718531,0.04101555828749755
0.45873564275448675,0.5003074614358811,0.0409568958096321
0.4587202860447684,0.5002291865454929,0.04105052740973888
0.45875120202963354,0.5002899593985789,0.04095883857178755
0.4585591231179859,0.5003468454806771,0.04109403140133682
0.45868196759059504,0.5003419873419841,0.04097604506742096
0.45863995229126436,0.5002045011581777,0.04115554655055787
0.4583395876094903,0.500559587812346,0.041100824578163664
0.4587232094240324,0.5003171143463787,0.04095967622958888
0.45850112728478615,0.5004449801350634,0.04105389258015042
0.45873259499158425,0.5003106512762859,0.04095675373212974
0.4587205608133132,0.5002720592207083,0.04100737996597859
0.4585930064347009,0.5002146073781597,0.041192386187139496
0.4585770359156781,0.5003205178970687,0.041102446187253255
0.4584507430098974,0.5004990419379997,0.0410502150521031
0.45874823967302614,0.5002845668177227,0.04096719350925109
0.4587505291158273,0.5002904735360695,0.04095899734810322
0.4585163075924379,0.5003570145568669,0.041126677850695355
0.4587192703528278,0.5003196722003458,0.04096105744682631
0.45843119169669405,0.5004875334586192,0.04108127484468684
0.45863334981925347,0.5002062057819151,0.041160444398831396
