0,1,2
0.45732994355770795,0.5009407727993794,0.041729283642912715
0.45730362094866295,0.5007669231301426,0.04192945592119434
0.45728737064062447,0.5007038714637897,0.04200875789558598
0.4573124964857689,0.5009277091216461,0.041759794392584766
0.45736925811958457,0.5007780358353908,0.0418527060450246
0.45749936569582456,0.5009359611529816,0.041564673151193825
0.45757764811971513,0.5008387525729834,0.04158359930730161
0.45742826389832353,0.5008159893016271,0.041755746800049315
0.45758066369114414,0.5007740505902335,0.04164528571862221
0.4571924084589882,0.5007234127571297,0.04208417878388204
0.45756430135346066,0.5007672999672489,0.041668398679290376
0.45736846641825635,0.5007773456017937,0.04185418797994989
0.4573403615125996,0.5009343904104577,0.041725248076942716
0.45768359820366344,0.5004727080413327,0.04184369375500378
0.45738425985455433,0.5010975509554177,0.04151818919002798
0.4571799027352843,0.5006687524609336,0.04215134480378234
0.4573315192906598,0.5008974422569807,0.041771038452359424
0.4572398551862664,0.5006829260910135,0.04207721872272004
0.4573206781631858,0.5009119786098362,0.041767343226977935
0.45738533831723915,0.5008557846595936,0.0417588770231673
0.45736214217646637,0.5008659303655535,0.04177192745798003
0.4573841662366507,0.5008473038890128,0.041768529874336456
0.45734810887900545,0.500927931830402,0.0417239592905925
0.45748166606089796,0.5008038174978735,0.04171451644122858
0.45712948517222146,0.5006830709745638,0.0421874438532146
0.45749853181817857,0.5007796044088827,0.04172186377293866
0.4573873490080369,0.5007824613016244,0.04183018969033847
0.457338452403609,0.5009357620166315,0.04172578557975948
0.4573206856475116,0.500911967189158,0.041767347163330436
0.45761685193365487,0.5010079579245744,0.04137519014177072
0.4571338813695871,0.5006897678558129,0.0421763507746
0.4573841633003456,0.5008473062189867,0.041768530480667775
0.45733662414833476,0.5009369933869273,0.04172638246473776
0.4571508289153798,0.5007029205837105,0.04214625050090976
0.45774807623116376,0.5005207671013027,0.04173115666753353
0.45732960671880535,0.5009409312010465,0.04172946208014816
0.4574630735755125,0.5008730136463354,0.04166391277815185
0.4575853103153536,0.5008207265337198,0.04159396315092639
0.4572655456328414,0.5006615334262748,0.04207292094088396
0.4572994708237426,0.5007108681971357,0.04198966097912159
0.4575015892475922,0.5005673899505602,0.04193102080184763
0.4573415114892132,0.5008861198883954,0.04177236862239145
0.4575461763933382,0.5008193761160358,0.04163444749062586
0.45771381231851743,0.5009562122384792,0.04132997544300352
0.45757054737216735,0.5007687415250964,0.04166071110273606
0.45747126290335377,0.500955445000711,0.04157329209593531
0.4574419149799956,0.5007951077137817,0.04176297730622282
0.4573856397861128,0.5008533822210961,0.04176097799279101
0.45744812658269873,0.500804536678604,0.041747336738697405
0.45749426162270207,0.5007813109051772,0.04172442747212045
0.4575898875803767,0.5007995285235145,0.041610583896108756
0.45752556874003497,0.5010509586366635,0.041423472623301504
0.457303131249247,0.5007131492174747,0.04198371953327831
0.45758813977368434,0.5008110336668816,0.04160082655943425
0.4571295971506446,0.5006765701302898,0.042193832719065905
0.457506602419443,0.5008144680958491,0.041678929484708
0.45723041435070344,0.5006798144392248,0.042089771210071826
0.4572480936508529,0.5006763666831161,0.04207553966603089
0.45778078160505814,0.5005198450721349,0.04169937332280695
0.457463504318138,0.5008073582118772,0.04172913746998479
0.4572303498996807,0.5006797943010258,0.04208985579929353
0.4573644603568768,0.5009089449908235,0.041726594652299755
0.45716209086146803,0.500667540445483,0.04217036869304891
0.4573850167079271,0.5008225118753901,0.04179247141668288
0.45766952595619365,0.5004990752645634,0.041831398779242995
0.45717592702510573,0.5006683294264026,0.042155743548491664
0.4574443416484044,0.5009549568581221,0.04160070149347367
0.45714719767794254,0.5006683410606181,0.04218446126143964
0.45761389147709,0.5005406561109607,0.04184545241194929
0.4573397778360496,0.5009348189835753,0.04172540318037514
0.4573576019795884,0.5007751118630865,0.04186728615732495
0.45738948496434173,0.500792211421878,0.04181830361378033
0.45713749114942004,0.5006706314040951,0.042191877446484984
0.45749891686258254,0.5009363382279527,0.04156474490946454
0.4572994630233198,0.5009178244546068,0.041782712522073585
0.4572703818484858,0.5007508978985256,0.04197872025298882
0.45754897324920457,0.5007088973613539,0.04174212938944173
0.4571297380727323,0.5006763006701083,0.04219396125715935
0.45749032964934916,0.5009431902441384,0.04156648010651223
0.4574435773271792,0.5008036723803446,0.04175275029247626
0.45738380868722484,0.500864525109631,0.04175166620314409
0.4624446632362185,0.49714306932275526,0.04041226744102643
0.4573826630823305,0.5008111294943841,0.04180620742328538
0.45763370520927876,0.500449227603548,0.041917067187173175
0.45726803567037044,0.5006597523900033,0.04207221193962604
0.45751276401172014,0.5008153817500888,0.04167185423819108
0.4573556152740837,0.5007588676874222,0.04188551703849412
0.45719600422789897,0.5007248948208279,0.042079100951273145
0.4573072868778274,0.5007158401593833,0.04197687296278912
0.4574062901213893,0.5007960281328566,0.04179768174575412
0.4573734216250171,0.5008938690567702,0.04173270931821258
0.45745356853687447,0.5009604648831001,0.04158596658002555
0.45713990575836627,0.5006698371981688,0.042190257043465136
0.4574721484213653,0.5007912749200509,0.04173657665858391
0.46012670565904373,0.49914796773980374,0.0407253266011524
0.45749769226683007,0.5008072584032857,0.04169504932988425
0.4938915531557256,0.4785552739937456,0.027553172850528645
0.45722218660527636,0.5007349133914754,0.04204290000324812
0.4574812293812679,0.5008037233802447,0.04171504723848735
0.457216529836619,0.5006758195492316,0.042107650614149346
0.45770176962941705,0.500435373091817,0.04186285727876613
0.4573438465955047,0.5006200258574504,0.04203612754704498
0.45746715947282446,0.5009573657876975,0.04157547473947791
0.45758981353244554,0.5007929482237248,0.0416172382438298
0.45732303452307327,0.5009432747766884,0.0417336907002385
0.457584888308567,0.5007785760009396,0.04163653569049356
0.4571911782862911,0.5007228986215176,0.042085923092191564
0.45744337005899793,0.5009528328235484,0.04160379711745376
0.45732630619821835,0.500627693389098,0.04204600041268387
0.4571548807785402,0.5007053424293947,0.042139776792064834
0.4573367730961667,0.5007697300551688,0.0418934968486646
0.4574408528814801,0.5008082620853936,0.04175088503312624
0.4573751096112567,0.5007900065554783,0.041834883833265016
0.4573371929486097,0.5009366189839819,0.0417261880674086
0.45720843951465395,0.5007298070077786,0.04206175347756754
0.45751985556567504,0.5007607287027672,0.04171941573155753
0.46011889722551513,0.49915446370718747,0.040726639067297274
0.4571392192433344,0.5006947708215173,0.042166009935148435
0.457321740579393,0.5009103841115775,0.041767875309029735
0.4577092432225662,0.5004166968377204,0.04187405993971305
0.45730961998001357,0.5007691632399286,0.04192121678005788
0.4573560648430904,0.5009197219714352,0.04172421318547431
0.45712992618762754,0.5006759769216139,0.042194096890758655
0.45737790387458527,0.5008839112531427,0.04173818487227192
0.457130315796483,0.5006848942593495,0.04218478994416738
0.45733843475517594,0.5008411928403278,0.04182037240449633
0.4571380413973713,0.5006704319775297,0.042191526625098855
0.45714529162548323,0.5006686330693819,0.04218607530513505
0.4574437391753454,0.5009285872702044,0.04162767355445007
0.45736531211439,0.5009077001954105,0.04172698769019931
0.4572469325215195,0.5006775816780306,0.04207548580045004
0.45731213472660315,0.5009288005854783,0.041759064687918596
0.4575067539991761,0.500814490923443,0.041678755077380794
0.4573724604861972,0.5008569009153591,0.041770638598443564
0.45734448889885043,0.5009311288926147,0.041724382208534944
0.45771267138825456,0.500404561423271,0.04188276718847433
0.45758711188994294,0.5007823836349852,0.04163050447507194
0.4574534313559893,0.500665706961938,0.04188086168207258
0.4574788648872063,0.5008389568881598,0.0416821782246337
0.4571668088676563,0.5007117640319174,0.04212142710042624
0.45745001155001536,0.500959791703236,0.0415901967467487
0.457610024317953,0.5006035301228854,0.041786445559161375
0.45731594635961786,0.5009199404624927,0.041764113177889445
0.45738600264174667,0.5008307888637918,0.04178320849446161
0.4632750992976328,0.49862895748248376,0.03809594321988348
0.4573648044283717,0.5007714707184907,0.04186372485313776
0.45752911331697566,0.5008140533533509,0.041656833329673446
0.45757424712645983,0.5008452805206923,0.04158047235284765
0.4573116968435429,0.5009303120632852,0.04175799109317175
0.4572700820591373,0.5010089288966585,0.041720989044204286
0.4574047104080662,0.5007956801402282,0.041799609451705376
0.4576789650634964,0.5004815374895134,0.04183949744699037
0.4571297172259024,0.5006836541444121,0.042186628629685696
0.45734313245477276,0.5009322454477634,0.041724622097463845
0.4572998814348438,0.5007596251358283,0.04194049342932769
0.4574862708823419,0.5006219701581989,0.04189175895945916
0.4574647736145356,0.5009583209215126,0.04157690546395201
0.4575278851731071,0.5007701875709136,0.041701927255979064
0.4574264132702292,0.5008171683531744,0.041756418376596466
0.45754097561656937,0.5008168043972112,0.04164221998621937
0.457354518254206,0.5008730106074791,0.041772471138314705
0.45735543824859964,0.5009204323096493,0.0417241294417509
0.45734973384478694,0.500926391392139,0.041723874763074244
0.4705670514133267,0.49464148921572754,0.03479145937094576
0.4575455992711688,0.5008193550578515,0.04163504567097962
0.45735386017706714,0.5007741603323229,0.041871979490609876
0.4572653604593482,0.5007490112623857,0.04198562827826597
0.4571516122864894,0.5006678622817302,0.04218052543178026
0.45720837893630334,0.5007297838052363,0.04206183725846024
0.45751287684007264,0.5008153981963935,0.04167172496353403
0.4573597419227677,0.500784743870927,0.04185551420630517
0.45737552411941607,0.500854327273634,0.041770148606949976
0.45758897087938727,0.5008070482192285,0.04160398090138401
0.45716335156382,0.5006675623017985,0.04216908613438128
0.45722586412027283,0.5007362302008006,0.04203790567892665
0.45748133948868386,0.500810443814531,0.041708216696785025
0.45744912538085514,0.5009594394780693,0.04159143514107565
0.4574296045849868,0.5006988092119505,0.04187158620306274
0.45731822268756234,0.5009437751688012,0.04173800214363677
0.4575272667629107,0.5008136437140993,0.041659089522989995
0.4573865802161263,0.5008454007532571,0.04176801903061684
0.4574552043048132,0.5007980566576852,0.04174673903750186
0.4573112184400668,0.5009384159115081,0.041750365648424936
0.45737779498923203,0.5007962684892979,0.04182593652147035
0.4573704402863804,0.5008586236510972,0.04177093606252206
0.4578790476361363,0.5008584885707349,0.04126246379312885
0.45749376031133066,0.5006122739468393,0.04189396574183009
0.45747872964663505,0.5008031841144707,0.04171808623889438
0.4575835829301782,0.5007769105130164,0.04163950655680536
0.4576989962609263,0.5004415191062048,0.04185948463286887
0.4573235872228993,0.500727581901874,0.04194883087522657
0.45745773688712366,0.5009602336933677,0.04158202941950869
0.457484269022939,0.5007855881760066,0.04173014280105454
0.4574492037322888,0.5009594743960731,0.041591321871638075
0.4575353777141042,0.5007685747266797,0.04169604755921608
0.45757641874966887,0.5008411796784368,0.0415824015718941
0.4573816922999049,0.5008729043164786,0.0417454033836164
0.4571450571376575,0.5006991551619782,0.042155787700364156
0.457475445144238,0.5008094459557457,0.0417151089000162
0.4573560717805991,0.5009197140412557,0.04172421417814511
0.457513020237238,0.5008105452148397,0.04167643454792232
0.45717887337939916,0.5007175293551938,0.04210359726540695
0.4573116480943996,0.5007629360360019,0.041925415869598734
0.45714337251133197,0.5006979636812929,0.04215866380737511
0.45747975933053436,0.5008034063516026,0.0417168343178627
0.4574553219210693,0.500798082570029,0.041746595508901765
0.4573845966806063,0.5008199957646529,0.04179540755474095
0.45754064834367486,0.5008189710692469,0.0416403805870781
0.4572333954834526,0.5006999097506486,0.042066694765898756
0.45759056095874917,0.5004955587541514,0.04191388028709929
0.45736664126210447,0.5009056909857807,0.04172766775211503
0.4573535131316524,0.5009225433049082,0.04172394356343949
0.4572698609797769,0.5010103909854168,0.041719748034806
0.45722085077502733,0.5006769887714769,0.042102160453495845
0.4575231429596922,0.5008168462295643,0.04166001081074353
0.4577130454525168,0.500653639130737,0.0416333154167462
0.45758814411981724,0.5007849112782147,0.041626944601967954
0.4571995729462204,0.5006718901714435,0.04212853688233637
0.45733405356765955,0.5007363347018009,0.04192961173053947
0.4574744523104492,0.5009537431571209,0.04157180453242971
0.45712901848224935,0.5006782020651599,0.0421927794525909
0.4574828295964189,0.5005725976748487,0.04194457272873226
0.45735196418174506,0.5007736757096346,0.041874360108620216
0.45754650500974997,0.5008183156690683,0.041635179321181895
0.45753481118909856,0.5009007696396235,0.04156441917127815
0.4571297676901129,0.5006837711520279,0.04218646115785929
0.45758748260760435,0.5008136486225506,0.04159886876984487
0.4617298775849091,0.4993722052645368,0.03889791715055398
0.4574661826124354,0.5009577725067674,0.04157604488079724
0.45726740469526767,0.50075020535968,0.04198238994505238
0.4573845991723847,0.5007817969940379,0.04183360383357737
0.45744365684489185,0.5009289905638189,0.041627352591289406
0.4573603738973061,0.5008038073392996,0.041835818763394206
0.4575429332275287,0.5008191777182639,0.04163788905420719
0.45724967908411895,0.500738033072798,0.04201228784308296
0.45747302468118733,0.5009545256885675,0.04157244963024506
0.4573292994789101,0.5009410727670965,0.041729627753993026
0.4576563111303505,0.5005229336574939,0.04182075521215537
0.4573301752392603,0.5007329618338761,0.04193686292686365
0.4575468812415507,0.500818441948926,0.04163467680952345
0.45745528294632504,0.5007980739849269,0.04174664306874796
0.457385816550437,0.5008517405272099,0.041762442922353184
0.4573130903529172,0.5007704123090483,0.04191649733803472
0.4572304622349723,0.5006798294106094,0.04208970835441837
0.45744864786635947,0.5009592093112237,0.04159214282241683
0.4575473109149089,0.5008185980724253,0.04163409101266564
0.45713254453619845,0.5006732113292625,0.04219424413453925
0.4573360020424655,0.5008921906020799,0.04177180735545462
0.45734844627791776,0.5009276174493452,0.04172393627273719
0.45731742322787505,0.5009437056743306,0.04173887109779428
0.45729386222560064,0.500707525457353,0.041998612317046324
0.45712995697945624,0.5006841862460317,0.042185856774511934
0.4575898903427398,0.500799479874302,0.04161062978295842
0.4573808048881139,0.5008046791344731,0.041814515977412994
0.4575062815688924,0.500776706455952,0.0417170119751557
0.47773379643352654,0.49016159255284947,0.03210461101362395
0.4573830383582456,0.5008678818728465,0.041749079768907855
0.4573120954965946,0.5006343915485079,0.04205351295489765
0.45754402268608735,0.5005564068395485,0.041899570474364385
0.4572413726411377,0.5006841727099388,0.04207445464892331
0.4573555957341969,0.5008117206516722,0.04183268361413105
0.4575546059174477,0.5007665892906237,0.04167880479192856
0.4578308743115859,0.5005497505904438,0.04161937509797032
0.45751746292444245,0.5007730202127605,0.041709516862796926
0.4575865628980479,0.5008168662210758,0.04159657088087627
0.45764428604415447,0.5005441877758795,0.04181152617996585
0.45770137891585444,0.5004362551870581,0.04186236589708724
0.4575094905459847,0.5009269881132389,0.04156352134077608
0.4573117167379668,0.500930236993855,0.04175804626817814
0.4573771277826069,0.5008858137218037,0.0417370584955896
0.45740726522343716,0.5007871896653705,0.041805545111192416
0.457313904642672,0.5009424692836971,0.0417436260736307
0.45779347163380685,0.5005932306682245,0.04161329769796863
0.45732778858744655,0.5007753743112107,0.041896837101342774
0.4572941773173447,0.5007077085570419,0.04199811412561315
0.4574920056715907,0.5008060397618278,0.04170195456658146
0.45723273717441815,0.5007386415982712,0.04202862122731087
0.4572218214439481,0.500677260642592,0.04210091791345998
0.45714168734939237,0.5006967174382981,0.04216159521230927
0.45743277399474025,0.5008015633156808,0.041765662689579035
0.4573806763650831,0.5008500995801797,0.04176922405473711
0.4600592242748857,0.5001164168006974,0.039824358924416776
0.4572248827608037,0.5007358806808277,0.04203923655836876
0.45732171069561534,0.5009104282633031,0.04176786104108152
0.4573533260486205,0.5009227428575179,0.041723931093861424
0.45780495655178266,0.5005828592283562,0.04161218421986105
0.45754047191798763,0.5007677143878518,0.04169181369416055
0.45736087758454136,0.5009138524174122,0.04172526999804651
0.4578290113925749,0.5005538776438405,0.04161711096358464
0.4573765092376764,0.5008535093705887,0.041769981391734726
0.45758124797008476,0.5005060782473096,0.04191267378260578
0.4577129400657058,0.5004030680668795,0.04188399186741463
0.45754486334520533,0.500817822323549,0.04163731433124568
0.4573573096667752,0.5008703735253626,0.041772316807862364
0.45714712493944476,0.5007005549004611,0.04215232016009428
0.45739765034119645,0.5008369758361977,0.041765373822605624
0.4574777754143133,0.5008411949003061,0.041681029685380684
0.4574807195381238,0.5006292218077795,0.04189005865409688
0.4572355179620917,0.5007395998897842,0.042024882148124186
0.45734148141736064,0.500933545439553,0.041724973143086354
0.45771304264221624,0.5004024065287775,0.041884550829005995
0.457600266731165,0.5004847753922145,0.04191495787662038
0.457586001131866,0.5006447799195978,0.04176921894853608
0.6231868306729194,0.29622289964725257,0.08059026967982814
0.4573861387540117,0.5008326115978379,0.0417812496481502
0.4572416739070956,0.5006835627286832,0.04207476336422134
0.4574423542432616,0.500948780001269,0.041608865755469356
0.45733480569964535,0.5008935615464987,0.04177163275385601
0.45754821834525067,0.5008191246646843,0.041632656990064826
0.45728959476876596,0.5009413943802031,0.041769010851030894
0.45730153825893394,0.5007121465437019,0.041986315197364336
0.457406105316266,0.5008308545922932,0.041763040091440946
0.4572314457307115,0.500738193234838,0.0420303610344504
0.4573167153535217,0.5007716833437501,0.04191160130272824
0.4574868483202566,0.5006212190377715,0.04189193264197158
0.4573127248902108,0.5009414272893564,0.04174584782043276
0.4574570750256111,0.5009603256427028,0.04158259933168627
0.4575328590388665,0.5008148946845924,0.04165224627654105
0.45781716895857477,0.5005703221020814,0.04161250893934374
0.4571342838609665,0.5006902034655492,0.04217551267348426
0.4573577083131471,0.5007615221050474,0.04188076958180551
0.4571672816029923,0.5007120016607218,0.04212071673628566
0.4574634901543909,0.5007956512602026,0.041740858585406444
0.4575037248091468,0.5008085504175976,0.04168772477325535
0.45745292427646717,0.5009604147799698,0.04158666094356318
0.4573550402889164,0.500783464774994,0.041861494936089816
0.4574004253671644,0.5008349379390125,0.04176463669382304
0.45749590885303226,0.5006095105380943,0.04189458060887336
0.45731298927239283,0.5009417111032705,0.04174529962433677
0.4581169816590899,0.500703939824975,0.041179078515935406
0.45756946652673813,0.5006732635483216,0.04175726992494029
0.45725035432086214,0.5007385987321739,0.04201104694696376
0.5071920604058688,0.45133307615891305,0.04147486343521794
0.4573727333239401,0.5008952152402287,0.04173205143583152
0.45738470950288823,0.5008206394140703,0.04179465108304151
0.4573119478906748,0.500929413587953,0.041758638521372335
0.45769738445233543,0.500444984751541,0.04185763079612363
0.4573850421033143,0.5008578256744172,0.041757132222268296
0.4575133684735946,0.5008106201686141,0.0416760113577915
0.4575649958529172,0.5007674149043014,0.04166758924278137
0.45738625755196205,0.5008458232469704,0.0417679192010675
0.4573678446724537,0.5009037965104748,0.041728358817071334
0.4571289123035227,0.5006788039901553,0.04219228370632214
0.4575143942685951,0.5008108410976898,0.04167476463371522
0.45712901674963197,0.5006814318595146,0.042189551390853425
0.4573677041550525,0.5009040216110152,0.04172827423393236
0.45753456350211164,0.5008152835494302,0.041650152948457954
0.4574503150589846,0.5008049475650006,0.04174473737601495
0.45738521282865796,0.5008566806395564,0.04175810653178559
0.4572345482375756,0.5007392668054074,0.0420261849570171
0.4571547657554136,0.5006676595671102,0.04217757467747609
0.45754099548754,0.5005533306918188,0.04190567382064117
0.45782946547891723,0.500552977705652,0.04161755681543084
0.45731425678561133,0.5007708249460945,0.04191491826829408
0.4574536154704829,0.5009604674886552,0.041585917040861876
0.4574809032528228,0.5008036530724804,0.04171544367469706
0.4573109151541799,0.5009354132764086,0.041753671569411455
0.45751505573989887,0.5009216877611579,0.041563256498943164
0.4573387026553789,0.5008891680137448,0.04177212933087612
0.4573924432658171,0.5008408784677549,0.04176667826642798
0.4574428448009632,0.5009511558956974,0.04160599930333939
0.4573718162076207,0.5007833346322312,0.04184484916014805
0.4573774236510995,0.5008850990448432,0.04173747730405704
0.4571293229783925,0.5006771925182106,0.04219348450339682
0.457444140591553,0.5009545855004126,0.04160127390803434
0.4571330591022864,0.5006888306642099,0.04217811023350364
0.4572276221127766,0.5007368529973626,0.04203552488986081
0.45733954631218104,0.5007790193343258,0.04188143435349331
0.45768347043048896,0.5005281750389218,0.041788354530589
0.45734393026107845,0.5007457443303844,0.04191032540853725
0.4573332994877544,0.5008953181992827,0.0417713823129631
0.4670170249284715,0.4929281988075977,0.040054776263930794
0.4573703508632141,0.5007876308052582,0.04184201833152744
0.45750996276108785,0.5009265483569955,0.04156348888191669
0.4572543064484164,0.5006704779567257,0.04207521559485778
0.46267351511527216,0.498923715280332,0.038402769604395946
0.4578319527289782,0.5005375416542579,0.041630505616764055
0.4574995058106217,0.5008076468115845,0.041692847377793815
0.4574394227642495,0.5008091142767543,0.04175146295899597
0.4571955698995504,0.5007247173955294,0.04207971270492043
0.45716531632227414,0.5006676183160019,0.042167065361723946
0.4574323176714633,0.5008014724293617,0.041766209899175136
0.45725230520183086,0.5006875300615039,0.04206016473666524
0.4573730363436696,0.5007857010835339,0.04184126257279652
0.4574535039824837,0.5009604610745572,0.04158603494295915
0.46078454078948017,0.4985932637282966,0.04062219548222311
0.45722086116710137,0.5007344340026991,0.042044704830199495
0.45714167338728634,0.5006693690854532,0.04218895752726048
0.4573804609595057,0.5008036144537429,0.04181592458675138
0.4574929496546066,0.5008062421750323,0.04170080817036101
0.4575394058422622,0.5008188463965946,0.041641747761143245
0.4573292021810054,0.5009411170127829,0.041729680806211734
0.47130772146786337,0.48879917474568646,0.03989310378645018
0.45712966206793293,0.5006835226797475,0.04218681525231959
0.45744063703421994,0.500836353315131,0.04172300965064901
0.4572337134575396,0.5006987611085222,0.0420675254339382
0.45736767231027703,0.5007760185293426,0.04185630916038026
0.4573632160272386,0.5007690975321152,0.04186768644064603
0.4574435153106496,0.5009297015129079,0.04162678317644256
0.4575238998102705,0.5007711954458762,0.04170490474385322
0.45739581465106527,0.500793679458008,0.04181050589092667
0.4573690103914004,0.5009018871472206,0.04172910246137895
0.4572417160196837,0.5007301762750825,0.04202810770523383
0.4573722858844603,0.5007842323725019,0.041843481743037966
0.45770704608089324,0.5003906984998036,0.041902255419303244
0.4574438951632316,0.5009278417172257,0.04162826311954276
0.4572342132219372,0.5007177187383708,0.0420480680396919
0.45744709845928533,0.500915416365783,0.0416374851749317
0.4573137706446134,0.5007635240404825,0.041922705314903976
0.4571433399581155,0.5006689971177604,0.042187662924124396
0.4572353274831128,0.5006813935737368,0.04208327894315049
0.45741333091302316,0.5008258249710758,0.04176084411590104
0.4573450987860538,0.5006195000728639,0.04203540114108207
0.4572064350158822,0.5006733516785872,0.04212021330553027
0.4573110850998718,0.5009377819188456,0.04175113298128229
0.45739140741352863,0.5007834364880369,0.04182515609843444
0.4573789129704676,0.5008812912055578,0.041739795823974433
0.45730962213629206,0.5007623722168325,0.04192800564687544
0.4575337811525594,0.5008182146978042,0.04164800414963655
0.45733457162035235,0.5008938322492283,0.04177159613041941
0.457490601966321,0.5008155380758175,0.041693859957861464
0.4574014868437305,0.5008341659521557,0.041764347204113664
0.45744199625504894,0.5009447160258107,0.04161328771914025
0.45738181218704327,0.5006051130736321,0.042013074739324544
0.45723201116743806,0.500680318148665,0.042087670683897
0.4575223531682118,0.5007716123976679,0.04170603443412005
0.4573850640014676,0.5008576830657444,0.04175725293278806
0.45770304630849273,0.5004324468063952,0.0418645068851119
0.4574695622542756,0.5008011982634205,0.041729239482304135
0.4572859691306884,0.5010832928193525,0.04163073804995938
0.45737167143399204,0.5007830610888566,0.04184526747715129
0.4575135952864181,0.5008106689999702,0.04167573571361149
0.4573775949334891,0.5008846794404023,0.04173772562610866
0.4573287550889221,0.500731766446487,0.041939478464590785
0.4572901803891607,0.5007054257631613,0.042004393847678005
0.4572445831273023,0.5006846064000958,0.0420708104726017
0.45728909023581843,0.5009426862911671,0.04176822347301447
0.45731195371877453,0.5009293938375877,0.04175865244363763
0.4573032116245261,0.5007667662943779,0.041930022081096134
0.4573853864315088,0.5008250729331662,0.04178954063532503
0.45754843176923016,0.5008842228078612,0.041567345422908714
0.45724706316969027,0.5007357205826107,0.04201721624769905
0.45742703140180757,0.500816773297443,0.041756195300749685
0.4572262168006437,0.5007363554850086,0.04203742771434747
0.4575880164250106,0.500784554971058,0.04162742860393118
0.4576134310952146,0.5004704641638816,0.04191610474090394
0.45914055052545916,0.49994711260015895,0.040912336874381824
0.4573840431734113,0.5008634040046812,0.04175255282190718
0.4776789668451972,0.490197610875026,0.03212342227977688
0.45744667863493893,0.5008048583274792,0.04174846303758177
0.45783003562915775,0.5005335375988378,0.04163642677200448
0.45731113755205033,0.5009380572792864,0.04175080516866308
0.4571297230635131,0.5006836678332125,0.04218660910327455
0.45754785400185377,0.500818832432633,0.04163331356551318
0.45752721745113895,0.5008173898585574,0.04165539269030374
0.4576057028839583,0.5010135523545257,0.04138074476151592
0.45756180928941975,0.5006865228357185,0.04175166787486182
0.45738633467605255,0.5008439093268927,0.04176975599705471
0.4573842073222927,0.5008472712908302,0.04176852138687734
0.45724889680436587,0.5006862118595784,0.04206489133605572
0.4575712196114693,0.5006702352005002,0.041758545188030356
0.45744253463106854,0.5009498044865098,0.04160766088242148
0.4572895609541613,0.5006462346733493,0.042064204372489075
0.4573531073750981,0.5007739681141822,0.04187292451071975
0.45753712696889925,0.5007297670045716,0.04173310602652905
0.45737473502407106,0.5006077477339538,0.04201751724197525
0.45741806938177765,0.5008226236962914,0.04175930692193079
0.45754858089576145,0.5007668119991526,0.04168460710508595
0.4573117269643065,0.5009301986990301,0.04175807433666355
0.45783016936548726,0.5008884053592921,0.041281425275220426
0.45758114463845206,0.500774458465592,0.04164439689595619
0.45740599514612257,0.5007868923005122,0.0418071125533651
0.45712895376517504,0.5006810788046371,0.04218996743018778
0.45713946263887845,0.5006949702674865,0.04216556709363503
0.45713982578166634,0.500695264551626,0.042164909666707585
0.4573863584081178,0.5008430702431942,0.04177057134868803
0.45734226450297544,0.5008853178431913,0.0417724176538331
0.45717252608483316,0.5007145694165352,0.04211290449863161
0.45734635639563853,0.5007722323681919,0.04188141123616957
0.45744218972477346,0.5009387999920479,0.0416190102831785
0.4577482460519096,0.5005207556804406,0.04173099826764977
0.4572425097220848,0.5006838593766882,0.04207363090122665
0.46012406372328796,0.499150165864475,0.04072577041223704
0.4571977924691735,0.5006715404485315,0.04213066708229501
0.45729257008055796,0.5006445449678768,0.04206288495156551
0.4575286266182267,0.5007700110485548,0.04170136233321847
0.4573854438977603,0.5008255113424654,0.04178904475977424
0.4574422255904997,0.5009478486342339,0.041609925775266274
0.4573169266987843,0.5009436325109268,0.041739440790288705
0.45742795697548305,0.5008161840748615,0.04175585894965523
0.45722862462854885,0.5006792607481354,0.042092114623315934
0.45731366798805806,0.5009423007097035,0.04174403130223826
0.4573863813969498,0.5008418899100926,0.041771728692957574
0.4573844920369939,0.5008194168245489,0.04179609113845735
0.45756523893517936,0.5008604809263685,0.04157428013845199
0.4574464603250009,0.500804221714806,0.041749317960193204
0.4575349761582379,0.5008183561316805,0.0416466677100815
0.45763354223907315,0.500449393939738,0.041917063821188934
0.457427198611372,0.5010298345320251,0.041542966856602866
0.45735678001369584,0.5009188967908471,0.04172432319545708
0.4573403076432386,0.5009344303042952,0.041725262052466135
0.45770249322641193,0.5004337232231966,0.04186378355039163
0.45757204687288844,0.5008492318647861,0.04157872126232567
0.4577739481320117,0.5006092627394853,0.04161678912850306
0.457327138447167,0.5009419865305944,0.041730875022238746
0.45720857623096245,0.5006738439202574,0.042117579848780305
0.45715155427380605,0.5007033656928884,0.04214508003330552
0.45740586444675957,0.5007868616689858,0.04180727388425475
0.457393598490019,0.5008400036095892,0.041766397900391806
0.45731018591896677,0.5007177847514389,0.041972029329594276
0.4574433922998487,0.5009528929084103,0.04160371479174109
0.4584529582943402,0.5007438351816602,0.040803206523999457
0.4572909048910422,0.500705833212858,0.04200326189609969
0.45736147876250777,0.5009130636474657,0.04172545759002655
0.45749448529628545,0.500808017344391,0.04169749735932378
0.4573843220775076,0.500847180280268,0.04176849764222432
0.4571383793935403,0.5006703152794917,0.04219130532696797
0.4574134441630906,0.5007886286807959,0.041797927156113544
0.4573119215184299,0.5009402668934211,0.04174781158814905
0.45751870643226744,0.5007726496986242,0.04170864386910856
0.45738085944565704,0.5008048511085402,0.041814289445802656
0.45731805229671746,0.5007647019484954,0.04191724575478675
0.4573146902719134,0.500942925584304,0.04174238414378271
0.45712974575014653,0.5006762867193365,0.04219396753051692
0.45739855580812516,0.5007851393819666,0.04181630480990827
0.4573847598247381,0.5008209335256555,0.04179430664960673
0.4574961002500374,0.5008069173768979,0.04169698237306474
0.4572509185494972,0.5006735753698945,0.04207550608060841
0.4575367536580665,0.5007683222225249,0.041694924119408686
0.4574496049141074,0.5009074897697159,0.04164290531617694
0.4580811584373448,0.5007280075589268,0.04119083400372855
0.4768900100907826,0.483267115479781,0.03984287442943649
0.45714748867895755,0.5006683014336275,0.04218420988741492
0.4573624462243028,0.500865655692135,0.04177189808356225
0.4574828413521857,0.500948551026887,0.04156860762092731
0.4573110111485684,0.50093729481286,0.04175169403857147
0.457133064724013,0.5006728421076442,0.04219409316834269
0.45778828838636815,0.5005201246807511,0.04169158693288065
0.45735545966383606,0.5009204082244934,0.04172413211167065
0.45752788555777274,0.5005604566905283,0.04191165775169901
0.6081134486543353,0.32460427694284494,0.06728227440281995
0.45723461642858176,0.5007187721662616,0.04204661140515659
0.45765246411786786,0.500529771309096,0.04181776457303605
0.4575501338003612,0.5007617755103803,0.04168809068925863
0.4572806289323823,0.5007003035070807,0.04201906756053707
0.4577052940864934,0.500390954284155,0.04190375162935162
0.45744285669701823,0.5008070790572777,0.04175006424570386
0.4573149537258021,0.5009218930606175,0.04176315321358042
0.4573184885170085,0.5009154540244197,0.04176605745857176
0.45719719757072874,0.50072538012319,0.04207742230608138
0.4574699016850994,0.5008084877878313,0.04172161052706958
0.45731986298984795,0.5007247155748871,0.04195542143526496
0.45747400754222667,0.5008021629182667,0.04172382953950651
0.45750857223617175,0.5008095895430262,0.041681838220802216
0.45726165663637725,0.5006913783475125,0.0420469650161103
0.4575471811460146,0.5008193797416443,0.04163343911234102
0.4575481557135235,0.5007103300317187,0.041741514254757875
0.4571296767719667,0.5006764146367462,0.04219390859128704
0.45749074661151407,0.5007827711483787,0.041726482240107186
0.4573218653592743,0.5008716464986381,0.04180648814208758
0.4574470394785357,0.5009581743058872,0.041594786215576975
0.5354274355535249,0.41905740038058703,0.0455151640658881
0.4573574744447113,0.5007612199723395,0.04188130558294944
0.45729908502357874,0.5009186781231643,0.041782236853257416
0.45754821962449704,0.5008191477039149,0.04163263267158804
0.45752982242300133,0.5008177257515983,0.04165245182540029
0.45724077398390284,0.5006849868130258,0.042074239203071136
0.45740725358850814,0.5008300431257492,0.041762703285742546
0.46165858847979974,0.49940534329517566,0.03893606822502452
0.45731536430463837,0.5009432163715785,0.04174141932378334
0.45749071294034466,0.500805762466587,0.0417035245930681
0.4573551796830956,0.5009207220492826,0.04172409826762192
0.4575642058612753,0.5008620843671434,0.04157370977158144
0.4571807870058779,0.5007183940178069,0.042100818976315166
0.4573243177278663,0.5009429418880303,0.04173274038410327
0.4576168163559732,0.5004668467250152,0.04191633691901157
0.4572704890141156,0.500695338671028,0.04203417231485639
0.4573166513066178,0.500918633015634,0.041764715677748074
0.4573769914717297,0.5007942978813809,0.041828710646889276
0.4573525281605811,0.5009235830919194,0.041723888747499174
0.45732987187801244,0.500899458937708,0.04177066918427939
0.4574466940117066,0.5009167976494459,0.041636508338847626
0.5371642168674138,0.43918040444807405,0.02365537868451213
0.45737497213401973,0.500890679674785,0.041734348191195446
0.4575008874212517,0.5007786957646685,0.04172041681407981
0.4578107895814285,0.5005771398240421,0.04161207059452928
0.45732243423211083,0.5009434058399868,0.04173415992790238
0.45726884993108896,0.5010185136466173,0.041712636422293684
0.4575638487317115,0.5008626332578787,0.04157351801041
0.4575897854703686,0.5007926398619873,0.041617574667644285
0.457635959461688,0.5004469347703266,0.04191710576798533
0.45731967728085327,0.500630756819318,0.042049565899828896
0.4575730801997248,0.5008473992485774,0.041579520551697766
0.45735245974514444,0.5009236543286288,0.04172388592622665
0.4572509703684407,0.5007447603886562,0.04200426924290301
0.4573700846488288,0.5007801542824781,0.04184976106869298
0.45741041664038284,0.5008278317584578,0.0417617516011593
0.45758918756230466,0.5007886698308476,0.041622142606847934
0.4573390583057661,0.5008887769212601,0.04177216477297397
0.45736510846333794,0.500771936114204,0.04186295542245813
0.4572346546717502,0.5006959943517744,0.042069350976475225
0.4573672410434544,0.500904756108413,0.04172800284813248
0.45738469413511734,0.5008205504886664,0.04179475537621638
0.45735854032639184,0.5009167978197259,0.041724661853882586
0.45754263376098087,0.5007674140761276,0.041689952162891376
0.4573841783091404,0.5008472943097138,0.04176852738114572
0.45764997855700185,0.500534168802556,0.041815852640441985
0.4574543821040307,0.5008942024992076,0.04165141539676182
0.4573709426285594,0.5008985431080105,0.041730514263430045
0.45740755528599,0.5007963052971198,0.04179613941689042
0.4573128284039666,0.5009267893537707,0.04176038224226302
0.45720813681043454,0.5006737415171949,0.04211812167237069
0.45734840238195446,0.5008789910756146,0.0417726065424307
0.45736855477248317,0.5007774952543786,0.04185394997313804
0.4573976476611357,0.500599421218286,0.04200293112057816
0.45754094783816096,0.5008935553358669,0.041565496825972124
0.4572883883716476,0.5007606845845558,0.04195092704379649
0.4575154938185644,0.500921259643522,0.04156324653791361
0.4575583440149728,0.5007666857040358,0.04167497028099143
0.4571617691925181,0.5006675366994735,0.04217069410800835
0.4574507081304554,0.5009042547042577,0.04164503716528691
0.45753934237422694,0.5005553304268693,0.041905327198903844
0.45731172362722455,0.5009302111755856,0.04175806519719
0.4575855978433437,0.5008198812151099,0.041594520941546254
0.45753112478087477,0.5009049310583789,0.04156394416074606
0.4571992195040312,0.5007261952611657,0.04207458523480312
0.4574881300043565,0.5010663365643362,0.0414455334313074
0.4573524932408987,0.5007738111085471,0.041873695650554245
0.45744308547682433,0.5009519939673446,0.041604920555830975
0.45737712016380094,0.5007946073445155,0.041828272491683555
0.4574505494620306,0.500959963496803,0.04158948704116633
0.4575784329945322,0.5008371567132428,0.041584410292225
0.45717767334156156,0.5006685055684031,0.04215382109003527
0.45752085188522457,0.5007720303705777,0.04170711774419747
0.45769812551515016,0.5003937703469743,0.04190810413787575
0.4572622256331913,0.5007483617150436,0.041989412651765146
0.4574315244084201,0.5008013140812966,0.04176716151028324
0.45725600504301633,0.5006690089932643,0.042074985963719405
0.4571325916364564,0.5006882638982243,0.042179144465319514
0.45733310361681806,0.5006246513118511,0.042042245071330586
0.45755941759249824,0.5008692327532747,0.04157134965422704
0.4573336169188014,0.5009388392531339,0.04172754382806472
0.45731139746840277,0.5009390416629736,0.041749560868623595
0.4572558826156397,0.5006889616299014,0.04205515575445886
0.45738188363911325,0.5008722405811764,0.041745875779710485
0.4573832888873753,0.5008668381322215,0.04174987298040315
0.45736356951069607,0.500910213262354,0.04172621722695017
0.4572874116217833,0.5007038938428583,0.042008694535358326
0.4575364328232592,0.5008185238508484,0.04164504332589251
0.4571732861991089,0.5007149318804027,0.042111781920488596
0.45729957359369744,0.5007653483359457,0.04193507807035685
0.5295190965965333,0.4260515656458782,0.04442933775758867
0.45739286122727557,0.500840561339714,0.041766577433010536
0.4574956441796053,0.5008068196661619,0.041697536154232835
0.4573202747916221,0.5009437290421139,0.04173599616626394
0.45739778982139273,0.500836872719985,0.04176533745862217
0.45734383467897455,0.5009316728934903,0.04172449242753541
0.4573644312052528,0.5009089870284679,0.04172658176627952
0.4575454736014037,0.5008179979411828,0.04163652845741354
0.4573649668024284,0.5007717188072627,0.041863314390309235
0.45756697606943847,0.5008577292683873,0.0415752946621743
0.457378511134675,0.5007981082278199,0.041823380637505146
0.45731092016747343,0.5009352106510605,0.04175386918146605
0.45718808371834335,0.5006698571453183,0.04214205913633852
0.4573433450793412,0.5007801442658631,0.04187651065479578
0.457457454389628,0.5007988506402067,0.041743694970165376
0.4573213820940797,0.500910916335226,0.04176770157069454
0.45727383044337616,0.5009901887933005,0.0417359807633234
0.45731221439441744,0.5009407559295177,0.04174702967606486
0.4573774000768966,0.5007952883738983,0.04182731154920538
0.4573169885092984,0.5009180268305338,0.041764984660167884
0.4571455417800004,0.5006994890404033,0.0421549691795965
0.4573110926629857,0.5009378243611702,0.0417510829758443
0.4575054169833007,0.5009307039462679,0.04156387907043151
0.4577091321542864,0.5003908195640431,0.04190004828167037
0.45731513609385094,0.5009431268342373,0.041741737071911714
0.4574913493509504,0.5007825172663634,0.041726133382686534
0.45754320065157433,0.5008191993896282,0.041637599958797525
0.45751151680200397,0.5007749036986823,0.04171357949931357
0.45733403360560976,0.5007363169164507,0.04192964947793947
0.4571410822326681,0.5006695165071516,0.042189401260180406
0.4572830211507906,0.501011845872502,0.04170513297670731
0.4573613523967428,0.5008666464644236,0.04177200113883352
0.6824875952063915,0.2100969218900925,0.10741548290351613
