0,1,2
0.5191284325538921,0.45558524590455823,0.025286321541552605
0.33831733151330995,0.33947526724966903,0.3222074012370184
0.4586526042844607,0.5218728388064287,0.01947455690910934
0.5211785027230227,0.46145079563071695,0.017370701646259392
0.5043214947965657,0.4831480367579839,0.012530468445453198
0.4629470328090927,0.5253889425770002,0.01166402461391064
0.4691724431573576,0.5134146339058784,0.017412922936766145
0.46778554503654435,0.5198545245612256,0.012359930402231604
0.4987811870567514,0.4939687901656885,0.0072500227775633055
0.32480891765617914,0.6659511183765909,0.009239963967228027
0.47710422842420974,0.5115267962407885,0.011368975335004377
0.47232671456427344,0.514106420662919,0.013566864772809746
0.486616883944705,0.4887614235766139,0.024621692478682535
0.4510257943420722,0.5232151118632412,0.02575909379468509
0.5153559441330572,0.47119343580860334,0.013450620058342942
0.487249582893193,0.49319702413123045,0.01955339297557601
0.49349375005503854,0.4958240412240382,0.010682208720923535
0.5222628408877104,0.47288517895890614,0.004851980153386801
0.4911523198322648,0.5044904566725421,0.004357223495189913
0.5234040506121866,0.4590663887380559,0.01752956064975522
0.5097168315400883,0.47944276167124006,0.010840406788670974
0.3471719115061758,0.33851274805081927,0.314315340443002
0.45919851963397046,0.5290206649992544,0.011780815366774718
0.4753795605014025,0.5007457559107161,0.023874683587881404
0.5602867573341944,0.41864373797372795,0.02106950469207735
0.4435183117856088,0.5499766254708125,0.006505062743581146
0.40958793367596863,0.4686099075298892,0.12180215879414234
0.4777353361497212,0.5078072835209155,0.014457380329365175
0.43714287363645615,0.5230151351207049,0.03984199124284016
0.24505770676763308,0.7522969211871336,0.002645372045230859
0.48358662999568947,0.45828104525208607,0.05813232475222232
0.4991676112092187,0.4982200410863305,0.0026123477044506307
0.4917208078302268,0.503142779798859,0.005136412370913141
0.47797195693574757,0.48004957382553265,0.04197846923872269
0.48820305340298636,0.45329406468884925,0.0585028819081631
0.5515402531975547,0.4450150754360293,0.0034446713664181886
0.4426121673105995,0.5402932191779023,0.017094613511498213
0.4974278388735502,0.49540219430720295,0.007169966819245909
0.454129004099481,0.5169196871427236,0.028951308757795467
0.5082599590075141,0.4857593057995403,0.0059807351929423505
0.3829307192571657,0.5361218114504844,0.08094746929235239
0.3999749980030349,0.5867028239534599,0.013322178043505295
0.46087049009592546,0.45732009461295475,0.08180941529111951
0.39055512958635363,0.6021022052948656,0.007342665118778118
0.43488970142158473,0.5549351309402603,0.010175167638156015
0.4727657631626112,0.3732482172228281,0.15398601961456165
0.42301800787454086,0.47549223483105985,0.10148975729439684
0.49993833729285014,0.4757561287125459,0.02430553399460685
0.616619247132793,0.3819300882118661,0.0014506646553440379
0.4718338786895703,0.5059870690711238,0.022179052239303505
0.45378825353652885,0.5354574352909482,0.010754311172524454
0.5510216864992638,0.44790988189737146,0.001068431603364282
0.48883846441989937,0.47523677693704053,0.03592475864305802
0.4037902264626209,0.5887123019047774,0.007497471632599101
0.4646138194660484,0.43903756161473184,0.09634861891921727
0.5157603653243452,0.47268852200219263,0.011551112673460234
0.5035851382574119,0.456165317663862,0.040249544078727904
0.5248041981131651,0.43845933086505723,0.036736471021774415
0.424395207373917,0.4499974578893375,0.1256073347367477
0.48445190133234434,0.4415894374725332,0.07395866119512083
0.48386366234791667,0.4966775195009801,0.019458818151105093
0.5586277753013875,0.43579838785037706,0.005573836848237202
0.49396157560769605,0.49837510850812416,0.007663315884179561
0.4924732836084901,0.5034177321853889,0.004108984206124361
0.5130101358003412,0.47804501461985327,0.008944849579802164
0.48592993941698787,0.511668453426237,0.0024016071567730156
0.4893153750153022,0.48234299652315976,0.028341628461539474
0.48936349885755553,0.4850512987334169,0.025585202409027383
0.40236529564854384,0.589151732325743,0.008482972025713485
0.48542377306972206,0.4911126859129389,0.02346354101733915
0.4779265831922336,0.5023283522193992,0.019745064588368375
0.4851971775961367,0.44825839051698646,0.06654443188687346
0.5122982025641062,0.4430565651819912,0.044645232253905
0.4513142644118285,0.5376264087671107,0.011059326821061009
0.4183600278579765,0.5471900816179524,0.034449890524068015
0.47277447776120984,0.4687274182828118,0.0584981039559776
0.4804138418520902,0.49779415100514907,0.021792007142759924
0.4645354163962737,0.5161493549673271,0.019315228636400204
0.5373235032537182,0.4587469988979712,0.003929497848312286
0.36910744731987255,0.3706050178444178,0.2602875348357072
0.4801485746139565,0.5062289888968688,0.01362243648917328
0.3646488652767486,0.6338698893311628,0.0014812453920894143
0.47671949777319156,0.5060748969977611,0.017205605229048297
0.4519868157987521,0.5460471426851627,0.001966041516083339
0.5094079956968003,0.45926570755148527,0.03132629675171132
0.522376606661966,0.46329650194548305,0.014326891392550846
0.4666151154819672,0.5186941757705582,0.014690708747476737
0.3190621430454462,0.6801816390162486,0.0007562179383073536
0.25958825594458745,0.7401615500752727,0.000250193980138731
0.4533387355820069,0.34110994349136964,0.20555132092662007
0.5100709072432008,0.46333559430855703,0.026593498448243623
0.259131089802027,0.288110589009554,0.4527583211884211
0.44583950553994295,0.5433112767072665,0.010849217752791039
0.47883860581286597,0.5106038775254824,0.010557516661651459
0.515496593730603,0.48324439496628957,0.0012590113031094548
0.5094499500933193,0.47869232847246707,0.01185772143421403
0.3649906327531256,0.4279387602331167,0.20707060701376045
0.49299644051658154,0.4781266547349925,0.028876904748423325
0.48714594896808466,0.4856229024448064,0.0272311485871063
0.5016377740984657,0.47366360725327955,0.024698618648256145
0.49126263202808074,0.506411814875376,0.0023255530965444484
0.3199275774238771,0.35594617455632527,0.3241262480197969
0.5408130482239925,0.4444522108272422,0.01473474094876611
0.516559015608485,0.4743086836641302,0.009132300727382905
0.416376676222256,0.5676206575490546,0.016002666228688706
0.4925314898098255,0.48138148967276234,0.026087020517411057
0.47750067126140416,0.4792493591613031,0.043249969577295676
0.4525790712896167,0.5267158018261097,0.020705126884271403
0.49498051284087125,0.4818491174230367,0.02317036973609146
0.48609589232982997,0.43893712677076174,0.07496698089940547
0.42724411535961443,0.5541484300016472,0.018607454638739272
0.5750365765344716,0.4246923694573094,0.0002710540082177153
0.4881969748652917,0.49210624911683953,0.01969677601787068
0.5282801181334703,0.4420242092412836,0.029695672625244987
0.4927777028507794,0.45302323221228713,0.05419906493693335
0.5185703272531681,0.42786442995025287,0.05356524279657969
0.5237433726093901,0.4727949112296629,0.0034617161609479074
0.5607481950356904,0.41690116454215626,0.022350640422151576
0.5134901610157931,0.46721982562049125,0.01929001336371694
0.37791022439001754,0.620821489123755,0.001268286486225783
0.44324992291606946,0.45421594713009333,0.10253412995383537
0.5683340741247667,0.42091615340370747,0.010749772471527785
0.4810603199575223,0.5140942522644583,0.004845427778022326
0.5204267301166666,0.4755437467360677,0.004029523147268017
0.07679770684084707,0.9232011653135952,1.1278455554854615e-06
0.4140906145139523,0.5686779240790332,0.01723146140701654
0.4836490323719934,0.49619935831278644,0.02015160931522232
0.46629807923906347,0.5144025677356131,0.019299353025326586
0.3851128320763645,0.6134862984257952,0.0014008694978419123
0.48179395832845645,0.5025646319454369,0.01564140972610617
0.4953644653870797,0.49578088776025825,0.008854646852660021
0.48283472458365007,0.49304023220196375,0.024125043214387725
0.4980563257055204,0.46075691227017607,0.0411867620243061
0.5249071328999958,0.4648920863246918,0.010200780775311365
0.46813232175351377,0.5131902993404865,0.018677378905999457
0.38602725833392,0.6051419396907044,0.00883080197537913
0.5116136275978106,0.4814967848986758,0.0068895875035125224
0.3472812425833416,0.6274906156010114,0.02522814181564779
0.480545381948669,0.49869078788002935,0.020763830171302622
0.41057234044919044,0.4950232126602526,0.09440444689055351
0.4994801870424297,0.4901693855326495,0.010350427424922575
0.44152190128484275,0.5493738927136216,0.009104206001534734
0.48872474645930947,0.4621979771762739,0.049077276364414495
0.5240929416435353,0.46216149840654835,0.013745559949919566
0.2825191583204752,0.5116665256362614,0.20581431604326073
0.46419540456151437,0.49829899672018557,0.03750559871830314
0.4597505976500917,0.4246364950211289,0.11561290732878099
0.5126885816352152,0.484338261733358,0.0029731566314291254
0.48725083831098365,0.48413362842673624,0.02861553326228085
0.4302121265248752,0.5564640754805656,0.013323797994558437
0.4907950083166349,0.42383484003074406,0.08537015165262195
0.4279461663822756,0.5554288569064995,0.01662497671122625
0.4539394832658608,0.4529847732963171,0.09307574343781932
0.43330302667280235,0.5558435409174527,0.01085343240974177
0.48555999745812317,0.45680773834467053,0.05763226419720932
0.34585875261278753,0.6431670031016352,0.010974244285577082
0.24259284227777347,0.7532564131629225,0.004150744559304615
0.44579213824970687,0.5505939694065697,0.0036138923437263656
0.508082906384459,0.4855403509099077,0.00637674270563402
0.4853165732017044,0.46251232274169535,0.05217110405660225
0.4214371726806866,0.4281805698428514,0.1503822574764648
0.28597621365976167,0.344677815947578,0.36934597039266265
0.5547833689719965,0.4328574556036329,0.012359175424367748
0.2868245383825586,0.6757413067233619,0.03743415489407606
0.4962266731992686,0.4921991997627176,0.011574127038016269
0.5001953260055886,0.45992882063959695,0.03987585335481715
0.47502724920546585,0.4813509334704489,0.04362181732408892
0.5823202917599724,0.39464096858141495,0.023038739658611095
0.46560138617297747,0.5029780682713378,0.03142054555568738
0.5298378708860204,0.4553124909231584,0.014849638190819
0.44165266373114864,0.5082602319520396,0.05008710431680946
0.4685094461542353,0.5186892647774332,0.012801289068328132
0.5069017176866271,0.48993502532978334,0.003163256983589864
0.47402417861567253,0.47343056000455164,0.05254526137977453
0.48478016890931336,0.5005464657796977,0.014673365310987617
0.4833953404804222,0.5072348565576559,0.00936980296192043
0.49106783114453156,0.5014255072307495,0.0075066616247167995
0.4830863724533753,0.5145435051648594,0.002370122381764309
0.46707460673475787,0.5163882817668555,0.016537111498389125
0.5181697027741019,0.47252655274156485,0.009303744484335503
0.5209413504807701,0.46919224865564085,0.00986640086358579
0.4863928387307454,0.4542471330413413,0.0593600282279106
0.5169863262714155,0.4697296440128709,0.013284029715714022
0.5198296720606222,0.43657436799777277,0.043595959941603195
0.3915520931158916,0.428287419151969,0.1801604877321418
0.4871000379041808,0.48702613840499526,0.025873823690824773
0.00036722488895197874,0.9996327751110445,4.763298044679492e-18
0.5142216555844753,0.45596143778472986,0.029816906630794445
0.49378079696962096,0.49094910542247433,0.015270097607901687
0.34323363923751304,0.347506432232306,0.3092599285301783
0.5298014547544796,0.41595749781560115,0.05424104742991937
0.4896682260048634,0.5075457285068532,0.0027860454882823057
0.5138156035062577,0.4781093026982746,0.008075093795471047
0.40208743940545816,0.5903475386058376,0.00756502198870652
0.49514706021515237,0.5017887820379775,0.0030641577468704453
0.48635823489334856,0.503037748178179,0.01060401692847168
0.48040441480233825,0.5129311651334367,0.006664420064225664
0.0797757947438421,0.9202196337916798,4.571464476559285e-06
0.5062826345977645,0.47439705704045476,0.019320308361777425
0.5571611926831547,0.4403306648142356,0.0025081425026061152
0.4293806177597941,0.5458080395717682,0.024811342668436202
0.44678684501432736,0.5316116436090856,0.021601511376590037
0.4697280078805273,0.4781522784453602,0.052119713674115255
0.4617711392532429,0.4506204892003773,0.08760837154638024
0.45393071815741626,0.5065382582710936,0.03953102357148773
0.2651402835893131,0.40101393165609095,0.3338457847545988
0.54572741578952,0.4437683753732542,0.010504208837228317
0.3945166248192007,0.3827432797099506,0.22274009547085208
0.44300805021648765,0.38650083119308004,0.1704911185904339
0.46358722982421796,0.5343724129067573,0.002040357269027709
0.5521559585840093,0.4373477866277893,0.010496254788204384
0.47656706821157296,0.47964341633950136,0.04378951544892349
0.47751669092610044,0.5121430264486383,0.010340282625260664
0.4477353413196115,0.5076494134742663,0.04461524520611965
0.3412098981259896,0.35438199079357874,0.30440811108043125
0.4502282396823323,0.44617277605111955,0.10359898426654612
0.4339062524265011,0.5579881272295852,0.008105620343912016
0.4905115898938862,0.47223565755755437,0.03725275254855777
0.4377333838162556,0.5518009191678261,0.010465697015919501
0.444042692977207,0.520854641538197,0.03510266548459425
0.5176071912109586,0.4645019169464383,0.01789089184260232
0.4943382531759127,0.45422981331628776,0.05143193350780052
0.4236880436744323,0.5546116473457239,0.02170030897984382
0.44873708838137777,0.5076411154630568,0.04362179615556645
0.39555009459847845,0.5913469939926693,0.013102911408851711
0.46826186180121565,0.4891425246046349,0.04259561359415019
0.4997631613208296,0.4976188244287205,0.0026180142504468734
0.5333524245123333,0.42449976408562284,0.04214781140204148
0.4758977963816304,0.518185345744498,0.005916857873869006
0.390115146539142,0.34885156802964906,0.26103328543120735
0.4965073736583037,0.46053197531558754,0.042960651026105745
0.5694899479228281,0.4232243308719287,0.007285721205242158
0.347860905469607,0.6441664124453267,0.007972682085063913
0.5011934398673479,0.44420471508417136,0.054601845048480736
0.5105321805716295,0.4817356502311182,0.0077321691972502375
0.5352890542694341,0.46219858600850866,0.0025123597220551024
0.3500515791570504,0.27656437942354345,0.3733840414194059
0.47851704187947686,0.510049274191911,0.011433683928613466
0.3348055002474499,0.3526052437559739,0.31258925599657705
0.20096010442574286,0.21450433322292933,0.5845355623513299
0.36431970296884114,0.38488908386560117,0.25079121316555547
0.45861404597021893,0.5322220433501107,0.009163910679667667
0.5245319684173556,0.42335573823310146,0.0521122933495457
0.41697187757659276,0.5679849098332598,0.015043212590150904
0.5261639683938938,0.461113839166757,0.01272219243934759
0.4182469646594584,0.5280515521365529,0.05370148320398516
0.4804066680314956,0.47203413067786426,0.0475592012906385
0.4018892540787658,0.5744465510615532,0.02366419485968442
0.4706484568123057,0.5135854523954388,0.01576609079225638
0.4485657496643881,0.5266912185486621,0.024743031786948096
0.48132363989667615,0.5127475692564972,0.00592879084682403
0.531237380355321,0.4584671537290975,0.010295465915583236
0.42564106692211434,0.556249288444592,0.018109644633296774
0.4921862387690373,0.4977914869034886,0.010022274327471188
0.5013418308171632,0.48704516439787265,0.011613004784962442
0.3952912261512131,0.4192222044309313,0.18548656941785469
0.5461532998627957,0.44773645911846366,0.006110241018743861
0.4769730599361488,0.47456953928129497,0.04845740078255891
0.5176243302454402,0.45660667835685287,0.025768991397710383
0.42374565142270804,0.469055831214404,0.10719851736288584
0.5185363615790032,0.479172941541944,0.002290696879055773
0.4775141665559536,0.5123133251301099,0.010172508313934051
0.1882621216106173,0.3244161403784849,0.4873217380108964
0.4878926816043668,0.503700715829704,0.008406602565926471
0.43868596842574253,0.5498310860989783,0.01148294547528009
0.48125237536637183,0.5148722306368665,0.0038753939967599896
0.4594635506482052,0.5377425265608896,0.0027939227909042573
0.522371721794209,0.4677523173017402,0.00987596090405214
0.49529804612554607,0.49985156034524664,0.004850393529206529
0.5099467633107021,0.45618315220142486,0.03387008448787453
0.3302341975563559,0.32488053385458826,0.34488526858905344
0.5203815808324236,0.4538006621677198,0.025817756999857833
0.4047602459950033,0.4730652831024113,0.12217447090258556
0.5147108840284133,0.47276424381168347,0.012524872159905096
0.5040681903656056,0.49318575297505224,0.0027460566593391733
0.449644133148108,0.5320379178845523,0.018317948967339064
0.49024491303381973,0.48946669542016147,0.020288391546016155
0.02244488615811209,0.9775550974050811,1.643680738113458e-08
0.34755971297291893,0.6410970106791988,0.011343276347881829
0.44215836988781115,0.49744515168916753,0.06039647842302353
0.44019332423778645,0.46742025993931013,0.09238641582290617
0.10898874306558114,0.08719267446295344,0.8038185824714655
0.5153543408818777,0.47644749222891525,0.008198166889204973
0.510691838253668,0.48619069655462827,0.003117465191706686
0.37776677671843617,0.6141330073084968,0.00810021597306706
0.42562590921674226,0.3619991146895446,0.21237497609371173
0.34560435154551106,0.4143383197958177,0.24005732865867158
0.48023216649708056,0.516535130229006,0.0032327032739133126
0.5575313192677528,0.4336215109378897,0.008847169794354948
0.4890489705390632,0.49467992210401796,0.01627110735691563
0.15142032927784746,0.23254619494842096,0.6160334757737288
0.4403979573494828,0.5495054240991178,0.010096618551396664
0.47504355379754326,0.47317728322354957,0.05177916297890803
0.4473743058759226,0.46223718237369554,0.0903885117503842
0.4706731404192995,0.48855375023284875,0.04077310934784924
0.5056275063239268,0.4746757347624146,0.019696758913657266
0.3657304952443712,0.5950027448942117,0.039266759861420045
0.32741080429852026,0.6669288366714147,0.005660359030068092
0.4193676602856574,0.5556332272314686,0.024999112482874352
0.43961149366833496,0.47662316237392055,0.08376534395774458
0.44468264416666964,0.5411297191921879,0.014187636641144833
0.4805596683278623,0.49757873957754767,0.02186159209458788
0.4893388878495089,0.5077398034776246,0.002921308672863505
0.29176837016180696,0.28026956087363253,0.4279620689645599
0.4819452396526901,0.5000490535358126,0.018005706811494042
0.4738015322268479,0.46827891018019363,0.057919557592958235
0.10827952254160125,0.8916976090912666,2.2868367129308804e-05
0.4736916998450381,0.5102298985290196,0.016078401625939345
0.5198868616372363,0.3969925748426745,0.0831205635200909
0.3531509773245456,0.6439569452114369,0.002892077464016763
0.5169653453259623,0.44271690371037614,0.04031775096366046
0.3895572933393238,0.5640664550760713,0.04637625158460756
0.46430767804820844,0.5050908638898656,0.030601458061922864
0.4860285491043575,0.4946886174060538,0.0192828334895859
0.45433674627748033,0.5291326335245753,0.016530620197941298
0.4693650200913619,0.5188778441119997,0.011757135796639923
0.44669314956017153,0.5261504990241154,0.027156351415710222
0.3520703564543862,0.3437268330233895,0.30420281052222564
0.3758469657941681,0.5414447887349805,0.08270824547085338
0.5362630939552863,0.45650014552776175,0.007236760516952158
0.5873243258272226,0.4019486791778009,0.010726994994976688
0.4859374515696609,0.49263536615350706,0.021427182276835075
0.5792136903728384,0.41848554124991616,0.002300768377241915
0.5429025294900754,0.44780860364176933,0.00928886686815714
0.4607083024594181,0.5307938085337427,0.008497889006841751
0.5318054658755348,0.3843335494440446,0.08386098468041882
0.4423412467151464,0.5378768299850696,0.01978192329978621
0.4246561257684382,0.5739145487219255,0.00142932550963488
0.4949953401003628,0.4863652536197794,0.018639406279858568
0.5056821174303661,0.4908241427074557,0.003493739862179187
0.5195524074636682,0.4777496374780225,0.0026979550583086966
0.3235058677261841,0.3658608918863474,0.31063324038747087
0.3858611625493576,0.6001811401315126,0.013957697319128047
0.5016159483174816,0.4902912531896895,0.008092798492830396
0.46076384136588083,0.5245840103953183,0.014652148238802794
0.472823194991208,0.5144097670149538,0.012767037993836017
0.42533008050076143,0.5200475662792508,0.054622353219989775
0.474552971695496,0.4918453258319682,0.033601702472533045
0.48052640602961744,0.4580694193099523,0.06140417466043129
0.46414593484145805,0.5274100792600597,0.008443985898480676
0.46799764174255454,0.5109583122786056,0.021044045978839583
0.46365105697993425,0.5153232937290945,0.02102564929096822
0.36855383954253135,0.49872093029488757,0.13272523016257864
0.4555114420390505,0.5143537914732145,0.030134766487734787
0.4884940255887271,0.4920113125402663,0.019494661871005136
0.4725477878042762,0.5236326349675935,0.0038195772281310143
0.527282031396166,0.46542630414745695,0.007291664456375041
0.020194484405987357,0.018765624263724478,0.9610398913302891
0.4110339449631099,0.5742938784775192,0.014672176559370748
0.2930498802916175,0.6964977733176186,0.010452346390765746
0.4275825451702319,0.5544516333489284,0.017965821480839653
0.43934877736410916,0.5405292029980181,0.020122019637872666
0.23223970147690487,0.7624138005208033,0.005346498002292587
0.4458090855722283,0.5329226900002518,0.021268224427522853
0.47108318186614245,0.5168931374611425,0.012023680672715632
0.49867363893095085,0.47398830552383175,0.02733805554522084
0.5502253988879252,0.39350836073171996,0.05626624038035346
0.5177482302400129,0.47575992168167863,0.006491848078306787
0.4491572340317154,0.5297968978807077,0.021045868087576414
0.5048657181988707,0.490118511736181,0.005015770064947504
0.45640485325311536,0.5323237954033552,0.011271351343531005
0.38154924868364465,0.3697437695838044,0.24870698173254993
0.5028204982573671,0.48789020276719625,0.009289298975438108
0.5067810554656139,0.47520444275353957,0.018014501780844665
0.5163697870032744,0.4370621598948021,0.04656805310192004
0.5171747505439451,0.472686312917423,0.010138936538632277
0.578995239080437,0.41661166865052435,0.0043930922690418005
0.46619271499045456,0.4889163392795963,0.04489094572995107
0.45831657745563265,0.458690187939855,0.08299323460451566
0.49207456005031364,0.5001895859706316,0.0077358539790572806
0.5580450996952209,0.4231812873730955,0.018773612931685304
0.47220334521613855,0.5250502739933387,0.0027463807905213408
0.35943444683926407,0.3672435711290968,0.27332198203163655
0.46731003958920914,0.5199585033478262,0.012731457062964477
0.48885730921523857,0.502851301101136,0.00829138968362604
0.4372458888205032,0.4168058931711316,0.1459482180083634
0.2962169665290214,0.7009738955482383,0.0028091379227376785
0.554861022769175,0.42868237968284045,0.01645659754798446
0.4645592047659451,0.5254806209600703,0.009960174273982962
0.4675927775137828,0.5264641265599861,0.005943095926231438
0.4993624310837759,0.4689163948650282,0.031721174051193415
0.4138129743770942,0.41446881200965174,0.17171821361325215
0.5080951725622711,0.43485366871642667,0.05705115872130373
0.5295341090613526,0.45046727865338093,0.019998612285266195
0.4558460378742312,0.534292342708919,0.009861619416849718
0.4694536238433114,0.5139082041761767,0.016638171980512987
0.46480121497998544,0.5083937269288954,0.026805058091116184
0.4874655974627165,0.47034514558254187,0.042189256954744035
0.6027492397784546,0.3921694743804915,0.005081285841052665
0.5696807169504933,0.4182099635516986,0.012109319497810437
0.3751190748658717,0.6032528187516112,0.02162810638251856
0.00542529751833655,0.00733168018392864,0.9872430222977374
0.5085740422848573,0.48959662649674696,0.0018293312183980115
0.24657568420969558,0.23216950694030686,0.5212548088499959
0.44500587345201803,0.4822511775932622,0.07274294895472158
0.48927652395020205,0.47933732642223614,0.03138614962756479
0.5137622166764619,0.4791904971449525,0.0070472861785824915
0.4928338845823411,0.46693059307778345,0.04023552233987819
0.44783417100244544,0.5343296250600179,0.01783620393753994
0.44582990782984083,0.5244619991491468,0.029708093021009463
0.4686929446088293,0.470325585928928,0.060981469462246335
0.47032611685260356,0.493442744340609,0.036231138806790325
0.465303361405272,0.48190137642522923,0.05279526216949939
0.4877964250495398,0.39304529888924744,0.11915827606121097
0.4156037600691356,0.5808618795881111,0.0035343603427566714
0.45373684059884883,0.5341952567284969,0.012067902672652306
0.4839053262634164,0.48530538149487085,0.030789292241712615
0.4284559523508017,0.5247373172403174,0.04680673040887989
0.5142995174351038,0.45048749400896576,0.03521298855592916
0.3812908236971941,0.39938959527806933,0.2193195810247342
0.49006134641146104,0.47167368025642686,0.038264973332109806
0.5273145390548357,0.4642585852678008,0.008426875677365596
0.4554164378302674,0.5154682460278626,0.02911531614187332
0.46634065812040554,0.49157074416431906,0.04208859771527814
0.5136064183485082,0.48449470718296356,0.0018988744685281092
0.5617130135656596,0.42936049553013717,0.008926490904199743
0.5570320790077727,0.43745662947421154,0.0055112915180131235
0.6371030083493603,0.36229448508600726,0.0006025065646308597
0.5084351627739346,0.4513628399608161,0.040201997265247605
0.5054876685932695,0.4751151430516833,0.01939718835505061
0.46746932349725817,0.5197703580136879,0.012760318489054486
0.4693116175585797,0.5168992068901263,0.013789175551296258
0.45011698974531383,0.5176624307728377,0.0322205794818467
0.48109161592781,0.5084455489576801,0.01046283511450953
0.494275088346586,0.4873078131380844,0.01841709851533203
0.4712064493293962,0.45441046532154017,0.07438308534906103
0.48420653828276466,0.5015508596320054,0.01424260208522827
0.49531175759365426,0.49569427483211964,0.008993967574229286
0.5276750673295901,0.4595408933480938,0.012784039322315541
0.45237025218791416,0.5297428430246662,0.017886904787422105
0.44781414517603463,0.38538390263834393,0.1668019521856195
0.5044782482143817,0.47836637428473894,0.01715537750088239
0.4725860191183045,0.48924807771162415,0.038165903170069286
0.424074853368339,0.41448250808342296,0.1614426385482363
0.4596682601061074,0.4428495234147729,0.09748221647911677
0.5316499784074074,0.46271470925744496,0.005635312335147587
0.3316365144107826,0.5987716710900617,0.06959181449915487
0.4312253447983621,0.530934776148558,0.037839879053079346
0.46195949841866063,0.5195161113876162,0.018524390193722158
0.4809402040782377,0.5147968759544819,0.004262919967278648
0.4891924372716404,0.48845454829997415,0.022353014428388388
0.4382693950311363,0.5082690496373371,0.053461555331524364
0.4887893006477856,0.495055932563365,0.016154766788853
0.5098967563765766,0.46557821379091285,0.02452502983251072
0.4765581381778283,0.46419520204488235,0.05924665977728991
0.4907642969741592,0.5070196186070555,0.0022160844187842084
0.35964476538398016,0.47862712650606143,0.16172810810995528
0.482112027316865,0.5022314468821346,0.015656525801003893
0.3259562016662764,0.44378817884870825,0.23025561948501672
0.5243110211428038,0.47281960083458024,0.0028693780226161365
0.5077694198113486,0.4641040144276953,0.02812656576095774
0.4743635080551695,0.5029104387714559,0.022726053173373683
0.4775172316313945,0.48299390863791763,0.039488859730686825
0.4815641744657239,0.5107417181998265,0.007694107334448838
0.009697670629245732,0.9903023288246907,5.460625451562261e-10
0.4453981727865816,0.5523420141721592,0.0022598130412591387
0.4120423728459271,0.5785858350207653,0.009371792133309702
0.4314401403691283,0.4127772274055132,0.15578263222535896
0.4760467803820601,0.4337877580184319,0.0901654615995058
0.48670122660891585,0.46518652926265985,0.04811224412842465
0.5208164578278158,0.45384994924571903,0.025333592926467103
0.46202075407222426,0.4812913189335214,0.056687926994257135
0.4242062314923144,0.4393575116091178,0.13643625689856506
0.4769490517735963,0.5028481680517786,0.020202780174623458
0.4991988527594918,0.49800210570922365,0.0027990415312869775
0.5430427174269177,0.42343164125390753,0.03352564131917606
0.5198969697965602,0.46263811280492434,0.0174649173985142
0.591017399074787,0.40895242343813715,3.0177487077390203e-05
0.39952248218899145,0.599022263533597,0.0014552542774133991
0.4371126057059164,0.560665356679543,0.0022220376145412222
0.533501818841633,0.44838360842932745,0.018114572729037926
0.41915974579531845,0.34562860901100617,0.23521164519367424
0.5132204271178334,0.46829236280113057,0.018487210081037132
0.2801931926934432,0.26520844019888806,0.45459836710767165
0.4239842956691957,0.5632851986261845,0.012730505704617515
0.48425730489696955,0.48320671344756794,0.032535981655462835
0.4472607934944674,0.5404018610643779,0.012337345441156486
0.48174261163283416,0.4822985129877595,0.035958875379404016
0.4433916536414183,0.5233939906623271,0.033214355696255506
0.47992840081416244,0.49110997754210417,0.02896162164373014
0.3513470703924524,0.6075844676235373,0.04106846198401212
0.4826230885529535,0.49165904986526393,0.02571786158178524
0.448988439327645,0.5482742952665874,0.0027372654057645418
0.5333536987475372,0.4606101334375321,0.006036167814933475
0.43947656701146537,0.5269646616797149,0.033558771308821025
0.4466055285441796,0.5359950648936294,0.01739940656219275
0.48062607000187724,0.5090525983511497,0.01032133164697358
0.43242548999382946,0.5585490522511305,0.009025457755041039
0.5214834321768944,0.4695685678342196,0.008947999988887591
0.4514530476761159,0.5396387880323754,0.008908164291507849
0.49611988674705126,0.48197284186557066,0.021907271387381008
0.5146761462599934,0.4751602375697999,0.010163616170205007
0.5060578588048829,0.4867950850637542,0.007147056131365078
0.47325531546484767,0.5130064118357365,0.013738272699412558
0.5278849561795909,0.46927243426143217,0.0028426095589778096
0.37528004352551253,0.3960851410040344,0.22863481547045525
0.3453319654025952,0.2522620812311148,0.40240595336628643
0.46122047819169704,0.5353365537449551,0.0034429680633443955
0.39783498533397443,0.535896865522085,0.06626814914393801
0.4854513216065408,0.45212922946930195,0.06241944892415942
0.5088330663356897,0.4801641907177176,0.011002742946590713
0.5030423097842062,0.49231947780835267,0.004638212407441546
0.5052889256682688,0.4920294125202211,0.0026816618115128804
0.4002705434546829,0.48287365977099894,0.11685579677431743
0.46609116294366276,0.4581142377393114,0.0757945993170234
0.45952482425281826,0.5072526063567847,0.03322256939039877
0.5124595546383078,0.45967235474695484,0.02786809061473989
0.5030049308929994,0.4649057781390653,0.0320892909679348
0.4793699499954198,0.4932580359409849,0.027372014063593887
0.49585068672855265,0.4813514098576626,0.022797903413787908
0.4584553271872975,0.5246558915304276,0.016888781282271444
0.3385657125463156,0.5144242786742728,0.14701000877941295
0.4722307098997814,0.5101945238683798,0.01757476623184098
0.47317740490881255,0.47910046915794674,0.047722125933238976
0.46448440562725196,0.46452521354822274,0.07099038082452613
0.5285658886246621,0.439987491067105,0.03144662030823336
0.43583437015219073,0.5423382320257343,0.021827397822075323
0.5846285801958347,0.4125042374803606,0.002867182323807406
0.3946451454326168,0.6036779310228588,0.001676923544521683
0.5033084513460562,0.4791616047895291,0.017529943864416517
0.5172888588636763,0.4643433709375501,0.01836777019877062
0.5182569385478553,0.4739423414411035,0.007800720011043573
0.3868570103440611,0.6063900865833279,0.006752903072607811
0.4743437653155745,0.5016228684318508,0.024033366252572408
0.4690470076056995,0.5008269918827043,0.030126000511595644
0.46767467557370945,0.4570628549046213,0.07526246952166896
0.49470920719039163,0.4788267235914772,0.026464069218129486
0.3409100779385434,0.6366164519232977,0.022473470138157443
0.4987031441344777,0.44426478890031185,0.05703206696521
0.4231034951328944,0.5725978507387985,0.00429865412830644
0.47085233588618786,0.5151681333027902,0.013979530811019625
0.36814261802150733,0.6156342487814237,0.01622313319706825
0.48484471673504315,0.46774591351731853,0.047409369747637355
0.4356378803572991,0.5262672234018905,0.03809489624081396
0.46685086566057266,0.5177086400411646,0.01544049429826483
0.44713544491808627,0.43979837824723017,0.11306617683468397
0.4387128311880191,0.5575268060978326,0.00376036271415043
0.33800574600504224,0.4435818212508648,0.21841243274409008
0.4780959261613288,0.4954553444996582,0.026448729339012825
0.5027040331265169,0.45040549096463495,0.04689047590884812
0.2531582472161158,0.6316258312702753,0.11521592151361044
0.5067129843743509,0.47368212114413183,0.019604894481514548
0.483964378022723,0.49992058629533864,0.016115035681939883
0.5778260824046554,0.41190142191017354,0.010272495685167696
0.4885279222385749,0.4907279696569269,0.020744108104499503
0.5264589696826969,0.47039366757880563,0.003147362738494042
0.5010410538131433,0.490922921025033,0.008036025161824589
0.49545093313427513,0.501759945328453,0.0027891215372749167
0.4993356508203506,0.487355240402383,0.013309108777266118
0.4761728226519813,0.4945902030959612,0.029236974252057613
0.44088712220019155,0.5260993366853725,0.03301354111443871
0.4358808153702861,0.5490301830424906,0.015089001587219824
0.5786958318235761,0.4144727067947673,0.006831461381655155
0.490351362351579,0.4855075734766059,0.02414106417181607
0.543659918469681,0.4236806578386881,0.032659423691630184
0.5256230311018454,0.4664769559102113,0.007900012987940802
0.4472431738089012,0.540046605099304,0.012710221091797959
0.3283949914802775,0.3960677579398594,0.2755372505798603
0.536578864995632,0.4451747236188479,0.018246411385517025
0.5101339425336533,0.488735384776062,0.001130672690287222
0.39780602907496543,0.5723581112078528,0.029835859717181543
0.2924951466243232,0.7000729200856309,0.007431933290044554
0.4942471701125929,0.46081483953762514,0.04493799034978211
0.45670550501004414,0.5216855138610604,0.02160898112889803
0.4663849934489732,0.5094570002929719,0.024158006258055954
0.5068930584930585,0.48477660466802586,0.008330336838918546
0.4734952032646126,0.4596075697204632,0.06689722701492393
0.570466915991597,0.42477978285986234,0.0047533011485391885
0.4607505659738423,0.45413472280538986,0.08511471122076622
0.5560077766633572,0.42557831022293724,0.018413913113705528
0.5049597416231125,0.4450410610816948,0.049999197295196286
0.49544095096160373,0.3950250486761452,0.1095340003622499
0.497806641725739,0.49623510372308416,0.005958254551173858
0.46210483511059586,0.447479741285889,0.09041542360351554
0.4821713965144172,0.4822052931818679,0.03562331030371631
0.48371079219372304,0.4699148869621089,0.046374320844171285
0.5243176391475619,0.4390971531359804,0.036585207716459324
0.5357361408197592,0.46114153887767095,0.003122320302571507
0.4708521487867563,0.5150949773182112,0.014052873895029632
0.4435416937019113,0.5309338977591479,0.02552440853893774
0.4735053979514592,0.508191612399419,0.01830298964912445
0.5643509986779575,0.4355935721646029,5.542915744198593e-05
0.3093594168828591,0.5694579454478264,0.12118263766931135
0.5291590427715736,0.4573849372382674,0.013456019990155952
0.5225739300633079,0.4746073897771419,0.0028186801595511553
0.4737158151640445,0.5102470446370907,0.016037140198863015
0.5049254114745888,0.4897066909026378,0.005367897622772758
0.38133444331777266,0.371030170957012,0.24763538572521562
0.45382454433344843,0.41892539010398094,0.12725006556256793
0.48891460863414954,0.49372904183328503,0.017356349532564572
0.5451889319571147,0.45298909250451197,0.001821975538373477
0.43197339745791286,0.5496377681951523,0.01838883434693303
0.5701761305177095,0.4236999158551815,0.006123953627110418
0.5250183283524771,0.4333747872360495,0.04160688441147502
0.42984630177259286,0.5550900209557817,0.015063677271622758
0.4680701015835976,0.5197521439695254,0.012177754446879564
0.44622077842971686,0.543492746411208,0.010286475159075863
0.4680409120718588,0.5006918759918286,0.03126721193631108
0.48331752371740355,0.4777564571772254,0.03892601910537318
0.5022641867324462,0.4848635748904436,0.01287223837711309
0.31060995733455443,0.6362869071328757,0.053103135532572274
0.5634047626047671,0.4288094146158239,0.007785822779406128
0.46030216162890886,0.5158743065845638,0.02382353178652553
0.4710041759551819,0.5123714183165821,0.01662440572823544
0.5006232805898351,0.4874416360600382,0.01193508335012486
0.4820980335590687,0.4981345625351459,0.01976740390578534
0.40301497344472215,0.5953022116683003,0.0016828148869750242
0.4619286978006237,0.536550784943076,0.0015205172562990153
0.48055711195332923,0.4104867564448393,0.10895613160183144
0.5213597086749381,0.463444044729274,0.015196246595787366
0.4844274654412452,0.5017963600962215,0.013776174462534955
0.4919158108953854,0.4813844238722367,0.026699765232379886
0.48883560391985953,0.49657572592081006,0.014588670159329803
0.5011873017710987,0.4753987188584793,0.023413979370421646
0.436186634164179,0.5188280803799522,0.04498528545586951
0.44954349177923975,0.5347114457845622,0.015745062436198394
0.42479820604898355,0.43875558877943344,0.13644620517158226
0.49760685629302487,0.4992785769006675,0.0031145668063062145
0.44069488518715816,0.5459584678209061,0.013346646991934946
0.5214178954868258,0.4550517616628644,0.023530342850309853
0.5552141551414401,0.43825524998278237,0.0065305948757785415
0.35900043112946717,0.6356521744772785,0.005347394393253568
0.48307753992804603,0.514186037717063,0.002736422354893623
0.4603534753288884,0.5266175273321825,0.013028997338929834
0.42983676521448044,0.5588007709024098,0.011362463883109164
0.4843869427895724,0.48908035731789,0.02653269989253412
0.44380375435633623,0.5366971673148988,0.019499078328763162
0.4006067904338142,0.4763983451820273,0.12299486438415866
0.49863574637266694,0.4957117850674589,0.005652468559873264
0.3161226673625883,0.2741668272894778,0.40971050534793546
0.498120464665478,0.49930622314253387,0.002573312191985277
0.5554010037505692,0.43438813310407187,0.010210863145361015
0.4604864887240022,0.5187242074359807,0.02078930384001783
0.4179180444815509,0.52761865668868,0.05446329882976855
0.4861232548227403,0.5048279077404306,0.009048837436831826
0.44690459372189995,0.53722697216668,0.01586843411141889
0.2913214928584937,0.33308386210611496,0.3755946450353911
0.4887485311077648,0.44038684385098176,0.07086462504125204
0.49868755935631853,0.4912111504660574,0.010101290177627637
0.36084913335544494,0.608218114196046,0.030932752448511815
0.39802074302056334,0.5932304671240918,0.008748789855348257
0.483396729147586,0.4963607452196244,0.020242525632791917
0.4829247521667094,0.5007815069971564,0.01629374083613261
0.4580808998472,0.49748462658882125,0.044434473563980094
0.5294309862389625,0.4283254825994788,0.042243531161561036
0.39850690814893297,0.5954262891984665,0.006066802652597799
0.4482655975049723,0.5366127501103061,0.015121652384722134
0.4666790441405294,0.5105895162859395,0.022731439573531582
0.4489207906925269,0.43943096855641045,0.11164824075106537
0.47500700583184274,0.5109165737998534,0.014076420368303979
0.48134300162742116,0.4581307852430315,0.06052621312955058
0.31043390625714457,0.6703656774593297,0.019200416283528886
0.19275352581597166,0.20056202462457434,0.6066844495594574
0.512408898176453,0.46478300427864727,0.022808097544900357
0.49608080121604886,0.4856298387429525,0.018289360040997422
0.39504549593555605,0.5957453632361264,0.009209140828314808
0.459507183139642,0.5245481738295863,0.01594464303076869
0.47462969628560064,0.5003704334141938,0.024999870300202398
0.4597114482001754,0.48826966798320215,0.05201888381662311
0.44800798997980346,0.46555605412550466,0.0864359558946889
0.39720771795579474,0.5939959605252403,0.008796321518964253
0.4881560021795484,0.4942063523244881,0.017637645495965977
0.4642129834465209,0.5267772860920116,0.009009730461465559
0.4818481775177248,0.4710292521632936,0.04712257031898505
0.4974206249598199,0.47390288372840433,0.02867649131177325
0.48405496786693064,0.47162516721832215,0.04431986491474917
0.5296769129932828,0.4526911006812773,0.01763198632544065
0.4760928005579922,0.5107920690319643,0.013115130410045733
0.4793989194805709,0.504133101277982,0.016467979241444358
0.2532523803795731,0.25395264386011934,0.49279497576030573
0.4627571556447033,0.4502359351237537,0.0870069092315413
0.46545659536074346,0.5211180362431819,0.013425368396073849
0.46913618551164993,0.5074656976634965,0.023398116824856194
0.4738971864670754,0.5061392045532817,0.01996360897964439
0.5243297855580513,0.45923872452153414,0.01643148992041631
0.49475449110104475,0.4807323875881296,0.024513121310825774
