0,1,2
0.44612416813153577,0.5150935690321494,0.03878226283631478
0.46559291045006257,0.49540757126687623,0.038999518283061085
0.46273718780744305,0.4983172101804439,0.038945602012112814
0.44545124097851285,0.5157235796962775,0.03882517932520973
0.44364545575698616,0.5174696986486021,0.03888484559441168
0.46451867133854535,0.4965215553981347,0.03895977326331993
0.4562153606743363,0.5048610707159322,0.03892356860973164
0.46529394555313897,0.49626870647872645,0.03843734796813456
0.4620326249077046,0.5002838603745537,0.03768351471774168
0.45851309198218426,0.5023926329197684,0.03909427509804732
0.4357055879966732,0.5254166173579502,0.038877794645376475
0.4633552644187397,0.49774177379498347,0.038902961786276724
0.46178483660930575,0.49942663678608035,0.038788526604613814
0.4656557530360691,0.4954537782118334,0.03889046875209735
0.46567665062933467,0.49540589742777263,0.038917451942892714
0.46532438417874655,0.4956405569397628,0.03903505888149042
0.4621777785305345,0.4989602627355549,0.0388619587339107
0.45881415147863824,0.5021600055542755,0.03902584296708585
0.46572483802356757,0.49521156556235874,0.03906359641407382
0.44797939375018864,0.513112743413639,0.038907862836172355
0.46538917297413573,0.4959572789030035,0.038653548122860405
0.4515810017215037,0.5094879541633625,0.03893104411513353
0.46570482261305557,0.49521704413453627,0.03907813325240809
0.46316266057016114,0.4981779172857354,0.03865942214410345
0.4659130718345085,0.4957904170266285,0.03829651113886306
0.4629696412700638,0.49816582050545394,0.03886453822448228
0.46277019263255575,0.4991648074871413,0.03806499988030293
0.45974903869041867,0.5013732109346991,0.038877750374882135
0.4625758899667688,0.49858067640754034,0.03884343362569058
0.4604833400923758,0.5005351259332432,0.03898153397438101
0.46496932609204233,0.49613843383738615,0.03889224007057155
0.46498194461654285,0.49606757906984544,0.03895047631361159
0.45403640946325147,0.5070761645501741,0.03888742598657462
0.46127220295117277,0.49976020368736956,0.038967593361457664
0.4648163310384834,0.49618302131126557,0.03900064765025113
0.4545373695502872,0.5064669590105992,0.03899567143911357
0.46483379483930526,0.49618659192179687,0.03897961323889793
0.4581187426668829,0.5029423165774596,0.03893894075565729
0.46558580451045284,0.4956732779177955,0.03874091757175169
0.46585836524478785,0.4952496044978176,0.038892030257394634
0.46485281148269064,0.4961871102240256,0.038960078293283476
0.44195195959345346,0.5193108626774412,0.038737177729105295
0.46479738989494296,0.49622589607076517,0.038976714034291995
0.45552854460537606,0.505617293334003,0.038854162060620895
0.4601327867182507,0.5013615645736215,0.03850564870812773
0.45874788273537676,0.5023510779026827,0.03890103936194037
0.44798138757982275,0.5131351096713093,0.03888350274886774
0.4426488603659941,0.5184690144479641,0.03888212518604176
0.4650926438929646,0.4962751555205758,0.038632200586459504
0.4649134483763724,0.4961480067383619,0.038938544885265595
0.4660337675606147,0.49502145596670827,0.03894477647267703
0.4476177599191184,0.5136344538342643,0.03874778624661715
0.465147536017256,0.49601189691142494,0.038840567071318846
0.4547381228188041,0.5062424230695853,0.03901945411161023
0.46215285853576266,0.4988885476274836,0.0389585938367538
0.4656372306124802,0.49574050442256656,0.03862226496495309
0.46553035572460616,0.495441180983606,0.03902846329178792
0.4657099922638952,0.4953690192697259,0.03892098846637886
0.46521389096526095,0.4957702183066969,0.039015890728041853
0.44824909280408126,0.5128838296233594,0.038867077572559076
0.46565181572132747,0.4953100197319708,0.03903816454670162
0.45419968376177455,0.5067149203451536,0.039085395893071695
0.46538393907800946,0.4957290711469306,0.038886989775059964
0.46564646361055423,0.49533684519578997,0.039016691193655945
0.46633186713331704,0.49498259217808294,0.03868554068859995
0.4648645073722175,0.49639018017491426,0.03874531245286829
0.46451097015187165,0.4964982242111235,0.03899080563700462
0.4647928119032683,0.49646387374191037,0.03874331435482147
0.465079862691515,0.4958536595998682,0.03906647770861668
0.4653991709564967,0.49564581824088966,0.03895501080261375
0.46417463441321644,0.4972023223851981,0.038623043201585314
0.45060689691725286,0.510565981221593,0.03882712186115397
0.44024265256549994,0.5208528975745825,0.038904449859917804
0.46601715999669713,0.4953319603237724,0.03865087967953061
0.46511876808253455,0.4986372437846904,0.036243988132774914
0.4528325548220439,0.5082237421792574,0.038943702998698634
0.465637876744584,0.4953860377726598,0.03897608548275631
0.4492782207394945,0.5118609692880876,0.038860809972417816
0.46551199363784057,0.4955624400745828,0.03892556628757644
0.46426987824632626,0.4969130294442325,0.03881709230944117
0.464890941780638,0.4961427978484283,0.038966260370933536
0.44234826370734487,0.5185835074272637,0.03906822886539147
0.4534474983285121,0.5074586657957688,0.03909383587571914
0.4640623523208311,0.49689533394088065,0.039042313738287926
0.44772305363250214,0.5133033432976445,0.038973603069853126
0.4633255370323197,0.49858224169943,0.03809222126825027
0.4458156132071335,0.5152693989307243,0.038914987862142265
0.45447701753319014,0.5065454162721835,0.03897756619462631
0.45966999322722224,0.5014028480653498,0.03892715870742796
0.45665233154228935,0.5044357184054122,0.038911950052298416
0.46356656022227294,0.49765397365712705,0.038779466120599744
0.4539214897593809,0.5071722171343447,0.03890629310627436
0.45730612946085164,0.5037995782236921,0.03889429231545636
0.4658735850736585,0.4951602125666497,0.03896620235969176
0.45815219779226446,0.5028113923805629,0.03903640982717267
0.4591095614674127,0.5021811611577041,0.03870927737488305
0.4590703422339051,0.5019585326058629,0.03897112516023216
0.46576295409847307,0.49534796163768147,0.03888908426384556
0.4657504430354963,0.4953766831901662,0.03887287377433749
0.46448822109236204,0.4974751458459779,0.03803663306166029
0.46140063889091015,0.4996930177440824,0.03890634336500735
0.46351052356082273,0.49761607216537307,0.038873404273804146
0.44745726851963896,0.5136838585514418,0.03885887292891913
0.46139893924159825,0.5002581929199446,0.03834286783845741
0.46488809954060656,0.49614649939130845,0.03896540106808512
0.46605112430204865,0.49552830359048483,0.038420572107466806
0.4653146255742618,0.4957026111895581,0.038982763236180024
0.4656449921602801,0.4953141278999469,0.03904087993977264
0.4555222432483713,0.5055309929204111,0.03894676383121736
0.465650764667678,0.49542563967049474,0.03892359566182725
0.4654921535938249,0.49547261131722625,0.039035235088948884
0.45514689002262754,0.5059543524936607,0.03889875748371181
0.4544853026114877,0.5065346404461901,0.03898005694232186
0.45391267685250053,0.507130313235221,0.038957009912278705
0.4575502028379014,0.5034045737496327,0.03904522341246608
0.45723949760159815,0.5038189693552949,0.03894153304310692
0.46668931269730873,0.49911271453973155,0.03419797276295993
0.45988324727156593,0.5013108951573911,0.038805857571043156
0.4654504257752176,0.49553298631254433,0.03901658791223819
0.4363718079049081,0.5250398122179648,0.03858837987712705
0.4555783183585061,0.5055099131156674,0.038911768525826326
0.45937399048769884,0.5017186404052717,0.03890736910702946
0.44382109674412434,0.5173253893527185,0.03885351390315716
0.4546028212651746,0.5064295011422695,0.038967677592556156
0.46261366399606224,0.4991193638043542,0.038266972199583485
0.4619776531941494,0.49900988634629256,0.03901246045955834
0.4635567436208891,0.4985007282327095,0.03794252814640151
0.4518535788715981,0.5091977601493105,0.038948660979091276
0.4399673472563506,0.5210809625102156,0.038951690233433756
0.4463516605957322,0.5150974938268871,0.03855084557738076
0.454537809595454,0.5065172507526456,0.03894493965190027
0.46262286448674655,0.49643755005950174,0.04093958545375176
0.45323176491309486,0.5079185626855545,0.03884967240135059
0.4552834792963137,0.5057986735410269,0.038917847162659294
0.4377118732804229,0.5234350872244284,0.03885303949514866
0.46303092219460834,0.4979142625820401,0.039054815223351476
0.4643975151106151,0.49652630060054237,0.039076184288842776
0.46128080014578904,0.49990890622819356,0.038810293626017546
0.4468240518376014,0.5144021218191058,0.0387738263432927
0.46315781344247947,0.49801481044374396,0.038827376113776485
0.4539134044994262,0.5070889551877668,0.038997640312807155
0.46317047165775177,0.49800059505445066,0.03882893328779748
0.465529108500654,0.49559153550887947,0.038879355990466574
0.4626945442254493,0.49830157189168056,0.039003883882869975
0.46365741498302276,0.49734622813888624,0.03899635687809096
0.4654459907145121,0.4955490918139649,0.03900491747152299
0.4619067306527012,0.49959818273432793,0.038495086612970957
0.44991997261147215,0.511048219376754,0.039031808011773556
0.4635865862975899,0.497538667240088,0.038874746462322016
0.4647724967488527,0.49634664831919584,0.03888085493195138
0.44552685092427136,0.5157040432733132,0.038769105802415375
0.46592988784689116,0.49512392258994004,0.0389461895631691
0.45833637149683,0.5027218323607529,0.038941796142417155
0.452100086524739,0.5089695889093927,0.038930324565868486
0.4658315354392242,0.49528937752050123,0.03887908704027466
0.46608790194056593,0.49517369461138405,0.03873840344804998
0.46499982562641723,0.49595447349642924,0.039045700877153526
0.454975664307462,0.5062109823048028,0.03881335338773526
0.46554769415455427,0.4955566806054123,0.03889562524003336
0.45996433272526543,0.501045971433896,0.03898969584083891
0.4646432238121748,0.49646176862280234,0.03889500756502292
0.45391025932805806,0.5071795186381259,0.038910222033815785
0.4613926850087643,0.49979217878994775,0.0388151362012879
0.4568574055003564,0.5042252785956737,0.038917315903969865
0.44267396870387393,0.5182815294433345,0.039044501852791486
0.46575302731841084,0.4952763238363293,0.03897064884525982
0.4628324566173231,0.4982937047239761,0.038873838658700526
0.4655772466818867,0.4954399748697141,0.038982778448399195
0.4518668457559724,0.5094455768722601,0.038687577371767395
0.4653618872644662,0.49565167695284984,0.038986435782683806
0.465918084027008,0.4951297257335767,0.038952190239415256
0.4357772842344977,0.5254223274281972,0.03880038833730518
0.4499022898671898,0.5111390858340527,0.038958624298757794
0.46577600641393574,0.4952898247787666,0.03893416880729748
0.46438809622682187,0.4966608640682033,0.03895103970497471
0.45753641868802786,0.5038807080961191,0.038582873215852825
0.4647638557051232,0.49624603253060046,0.038990111764276386
0.4513296123581459,0.5098289686843026,0.038841418957551534
0.4502990570034711,0.510986955337668,0.03871398765886062
0.43680190360193033,0.5244740669193088,0.03872402947876071
0.45381126358772717,0.507343781274802,0.038844955137470875
0.45997701612274167,0.5012251621445278,0.03879782173273065
0.4611442315130122,0.5000220459174948,0.038833722569493266
0.4657339969021386,0.49533691392395185,0.038929089173909484
0.4661678809181464,0.4952936043243903,0.03853851475746327
0.4456304475117912,0.5159076833016206,0.03846186918658819
0.45944672019334515,0.5015757979403415,0.038977481866313494
0.4522534943016542,0.5089340236108448,0.03881248208750085
0.45651796855227217,0.5046368195660422,0.03884521188168567
0.4510497224839754,0.5100213485741902,0.03892892894183414
0.46660514503964706,0.49954797004779117,0.033846884912561624
0.4614979500710111,0.49996476838343457,0.038537281545554324
0.4536898001574022,0.5074001760489221,0.038910023793675495
0.4653105870524869,0.4957624666287358,0.03892694631877709
0.4574167021042851,0.5037329210403266,0.038850376855388245
0.45705100087459904,0.5038251016606763,0.03912389746472468
0.45032098532440124,0.5107718559019367,0.03890715877366211
0.4659294215188492,0.5003614903900441,0.03370908809110675
0.4570866509706526,0.5041413075429244,0.038772041486422985
0.4624114658726205,0.49877622420496137,0.03881230992241809
0.4548486107834843,0.5061569775677456,0.038994411648769954
0.4651457139957217,0.49599067040920014,0.038863615595078414
0.45811753693110846,0.5029418823220777,0.03894058074681389
0.45501723892926393,0.5060026953636254,0.038980065707110816
0.4657134128470487,0.4953429097287769,0.03894367742417433
0.46497776097378896,0.49602902550557243,0.038993213520638434
0.4641224909519218,0.4968904372789208,0.03898707176915748
0.4492410249881709,0.5116859173011089,0.039073057710720185
0.46507268835432286,0.4958841724474925,0.03904313919818457
0.4621182577682861,0.498869413598113,0.03901232863360096
0.46287407619507176,0.4982785467478085,0.03884737705711982
0.4402321100166967,0.5209245564980265,0.03884333348527693
0.45104739210539757,0.5100247904667793,0.0389278174278231
0.46575764956578425,0.4951587496399224,0.0390836007942931
0.46325763434112066,0.49793005680143004,0.038812308857449275
0.4633539629510642,0.49726345337363165,0.03938258367530405
0.46247690200298736,0.4998409960986471,0.037682101898365745
0.4589030067891107,0.5021790012695854,0.03891799194130369
0.4560021352672888,0.5050601764800685,0.038937688252642474
0.4652085877365303,0.49594426999503183,0.038847142268437614
0.4630406523583333,0.49790840440823936,0.039050943233427345
0.46612150558053467,0.4952270979338527,0.03865139648561247
0.45375806462267826,0.5072855293033305,0.038956406073991
0.43712629623288585,0.5242040253435643,0.03866967842354995
0.45684467313040994,0.5043831491413613,0.03877217772822863
0.44289943679698374,0.518039903432465,0.03906065977055107
0.46447862655371974,0.4966793799703842,0.03884199347589589
0.45796874869002907,0.5032813622519182,0.038749889058052635
0.4639245620133654,0.4977649681160529,0.03831046987058167
0.4513088579503076,0.5097426784059542,0.03894846364373799
0.4570826432143037,0.5040712060792656,0.03884615070643059
0.4505765305668439,0.5105380704937506,0.038885398939405534
0.4568658117841446,0.5042236412786092,0.03891054693724619
0.4652774398180215,0.4958694837314338,0.038853076450544526
0.4556779496534629,0.5054360456730587,0.03888600467347871
0.45730510128194385,0.5038582946833395,0.03883660403471658
0.45483020174879973,0.5061539173488627,0.039015880902337534
0.4566023282191726,0.504451734892035,0.03894593688879225
0.45666126322949724,0.5043217791978291,0.03901695757267377
0.4615898812997734,0.4996360340886511,0.03877408461157563
0.4620496041863616,0.49978182717458713,0.03816856863905119
0.46365611168663146,0.4974348908195371,0.03890899749383141
0.4468662980228618,0.5141290481598972,0.03900465381724104
0.4595677953014877,0.5015575661569264,0.03887463854158583
0.4553426778636209,0.5048374729680872,0.03981984916829203
0.4536887631218889,0.5073607277083296,0.038950509169781315
0.465104560480096,0.4959373669265013,0.03895807259340223
0.4576796046504328,0.503249183048552,0.03907121230101541
0.4599183997738985,0.501312049620658,0.03876955060544368
0.4637697789656203,0.4972989562355472,0.0389312647988325
0.46446958853577747,0.4969644306853966,0.038565980778826045
0.46510631342549946,0.4963539349715958,0.03853975160290469
0.4651728081250183,0.49592443716242984,0.03890275471255178
0.4645432847158364,0.4965487104114061,0.03890800487275741
0.4587802105291309,0.5024838617416206,0.038735927729248575
0.45215542533500974,0.5088991110984716,0.03894546356651865
0.45776336289713637,0.5033057559934687,0.038930881109394806
0.45121653023481,0.5099480460749826,0.03883542369020743
0.4654758312296618,0.4957151934492167,0.03880897532112129
0.45792246398517966,0.5031192418725963,0.03895829414222382
0.46447507603112315,0.49671952581960954,0.03880539814926741
0.46558632627475005,0.49549577327007427,0.03891790045517578
0.4593329635083658,0.5019477061954275,0.038719330296206694
0.45545595117126725,0.5056758483362326,0.03886820049250002
0.4444543642711154,0.516896114060647,0.03864952166823787
0.4626603995276046,0.4988164228305424,0.038523177641852854
0.44662724991527486,0.5144344040717975,0.03893834601292764
0.4456683306636279,0.5156155088360017,0.038716160500370383
0.4657635855086644,0.49523936195522467,0.03899705253611085
0.45578556005684145,0.5052257089165766,0.0389887310265819
0.44437241792105586,0.5169381493605043,0.03868943271843985
0.4613557223353225,0.49962964057778636,0.03901463708689122
0.46436657405001813,0.4972584948123693,0.03837493113761238
0.44129573288510404,0.5196457619425041,0.03905850517239171
0.4654539329880645,0.49551091852550777,0.03903514848642786
0.4642407308740329,0.49687855470671133,0.03888071441925568
0.45955905440826283,0.5021060551306313,0.03833489046110566
0.45579418748032113,0.5053196094112639,0.03888620310841492
0.4651577846114188,0.4959491620937216,0.03889305329485953
0.4647608035263468,0.4962314301599657,0.03900776631368746
0.461192525981475,0.4998144077476625,0.03899306627086256
0.4548559677298604,0.5062517025529705,0.03889232971716897
0.4606462643107538,0.5003410771497806,0.03901265853946543
0.46579906376683744,0.4953164316808842,0.03888450455227814
0.45525974282454945,0.5059064933381021,0.03883376383734838
0.4636061813352679,0.49747182946686164,0.03892198919787045
0.4608956312911098,0.5006824316884708,0.03842193702041961
0.4654911491240315,0.4972356336446128,0.0372732172313557
0.46097617262997787,0.5002313042806831,0.03879252308933879
0.4551477449918563,0.5060181222601748,0.03883413274796876
0.456790232231767,0.5043537815938088,0.03885598617442401
0.4656723876990129,0.49543720153211573,0.03889041076887133
0.4655045505549161,0.49550788485629926,0.03898756458878464
0.4624050322415631,0.4991924895611547,0.03840247819728232
0.46201537456277464,0.49906469164828854,0.03891993378893658
0.4634892422404637,0.49770192192903,0.03880883583050603
0.44879723860809195,0.5123386873422152,0.03886407404969249
0.45858236185792145,0.5024361659112245,0.038981472230854124
0.4480231043089852,0.5131645595829066,0.03881233610810805
0.4501171479566768,0.5110125441949639,0.038870307848359445
0.46162941789028766,0.49943602717639246,0.03893455493332017
0.45954009061967277,0.5016175004566807,0.03884240892364639
0.4658301019532275,0.4953653846822925,0.038804513364480035
0.4539653149175729,0.5070173387829009,0.03901734629952639
0.46296611616458316,0.497928902706554,0.0391049811288628
0.46480861187518363,0.49626079225787023,0.038930595866945764
0.4578751060872302,0.5032010826948171,0.038923811217952686
0.46508408625500725,0.49592624857375067,0.038989665171242346
0.4529375796730279,0.5081370428027993,0.03892537752417282
0.4612869455170325,0.49983084079350665,0.03888221368946069
0.44600927184764516,0.5151357416848074,0.03885498646754741
0.46421870158486567,0.4968492888121403,0.038932009602993936
0.46577844620952474,0.4954607338913468,0.038760819899128524
0.46306780134369563,0.49811000294988644,0.03882219570641798
0.4659546143404113,0.4954373753341789,0.03860801032540996
0.4440002921459744,0.5169292867195587,0.03907042113446661
0.4658614309739781,0.4956735115439129,0.03846505748210914
0.4615601244918198,0.4995305424133386,0.03890933309484141
0.4359975096941744,0.5252676714830458,0.03873481882277997
0.45801476507258937,0.5030159778028126,0.03896925712459818
0.4621762271908674,0.4994821870094657,0.03834158579966693
0.4517119202988262,0.5088449534221995,0.03944312627897435
0.4652255515459066,0.4959255249477438,0.03884892350634952
0.4620549497070605,0.5004752470498186,0.03746980324312101
0.4658572930719852,0.4970107058634405,0.03713200106457431
0.4631068215759879,0.49803152483818364,0.03886165358582846
0.465308776613277,0.4956764693629325,0.039014754023790434
0.4646909136261706,0.49637648331603984,0.03893260305778957
0.46577216242111347,0.4954134883123813,0.03881434926650538
0.4630723530343345,0.4988976601982547,0.03802998676741079
0.45017904627319105,0.5110684641208159,0.03875248960599305
0.4538434303672042,0.5073401124495445,0.03881645718325112
0.45060198510215316,0.5105672160841731,0.03883079881367367
0.4615106266413901,0.49970484375454344,0.03878452960406644
0.45861054654196387,0.5024619962069805,0.03892745725105567
0.4665778785841069,0.4949155244736453,0.03850659694224758
0.4616055249262947,0.4992765465222365,0.039117928551468895
0.46667040558977296,0.4945784658967466,0.038751128513480504
0.45647562380220935,0.5045848900905012,0.038939486107289215
0.45512245274245916,0.5060358728398823,0.03884167441765861
0.4568245874653585,0.5041445100784364,0.03903090245620518
0.46303122592699747,0.49803622927929503,0.038932544793707835
0.4389089205501774,0.5220712504391024,0.03901982901072046
0.4641523784079416,0.49694163289885573,0.03890598869320254
0.4599208793517514,0.5011276021237514,0.038951518524497
0.46548115781612226,0.495641927948812,0.038876914235065584
0.46545441169437723,0.4955901804834919,0.038955407822130854
0.4656796145500715,0.49538656918604906,0.038933816263879054
0.45306138753603514,0.5080817185266304,0.03885689393733477
0.46474322918035493,0.4965414159901451,0.038715354829500004
0.45262316223965227,0.5085149794017518,0.03886185835859587
0.4528789643225246,0.5081682776001017,0.038952758077373736
0.4644070269963056,0.4968124902954556,0.03878048270823891
0.44667205196948556,0.5143938889209683,0.038934059109546025
0.45487157691323876,0.5060992244433933,0.03902919864336794
0.44087159572892765,0.5200728930227382,0.039055511248334264
0.46478969548292787,0.49620727521554936,0.03900302930152287
0.44177018179008243,0.5191601505479848,0.039069667661932796
0.4484614611344885,0.5126468020803773,0.03889173678513406
0.4608776300699891,0.5003193998559431,0.03880297007406758
0.46551104281351713,0.4956821978043899,0.03880675938209309
0.46544300923067716,0.4955218592832288,0.039035131486094346
0.44422569323620786,0.5169741480001607,0.038800158763631395
0.4579214157964517,0.5032671809747596,0.03881140322878856
0.44900078935240845,0.5120978747171803,0.03890133593041124
0.46066058832785556,0.5002422201554548,0.03909719151668958
0.46580474906300423,0.49542379871108055,0.03877145222591534
0.46491039302942083,0.49604156045254405,0.03904804651803509
0.4655879798121618,0.49553424300727034,0.038877777180567806
0.46579129622261006,0.49540853066272106,0.038800173114668816
0.45777134891555615,0.5036567142493406,0.038571936835103
0.4600635328547598,0.5016226097951838,0.03831385735005647
0.46430402979811053,0.49682563874140623,0.03887033146048305
0.4665697146423633,0.4949522090941358,0.03847807626350096
0.46566182146201684,0.4957105028369446,0.03862767570103845
0.4545331368262196,0.5065381630304895,0.03892870014329076
0.4651458719580449,0.49594858747438325,0.03890554056757151
0.45569094502350166,0.5054390478741992,0.038870007102298855
0.4654864917043092,0.49552771142735114,0.03898579686833944
0.46430165454718103,0.49689057634491174,0.03880776910790728
0.46546639613685226,0.49555470435344534,0.03897889950970236
0.46546310538865093,0.4976306274859291,0.036906267125419875
0.4639376844443069,0.4971663330976195,0.038895982458073804
0.46383112913103014,0.49727682731277195,0.03889204355619783
0.4602964726776391,0.5009619560323997,0.03874157128996129
0.4590647283318396,0.5022297653921908,0.03870550627596983
0.4531047875037825,0.5079503221363616,0.03894489035985557
0.45428936118176905,0.506756514335366,0.03895412448286503
0.4593360746039604,0.5019475053785943,0.03871642001744502
0.4588485370963309,0.5022348352517199,0.03891662765194934
0.4611512228780393,0.5000598709861361,0.038788906135824544
0.4554855712859274,0.5060097948719096,0.03850463384216284
0.4657011994924175,0.49534022954677653,0.03895857096080616
0.4645726026665857,0.496491058610064,0.03893633872335037
0.4657863762912737,0.49532017933530836,0.03889344437341804
0.46584459605184664,0.49524267317887405,0.03891273076927923
0.4540353084097125,0.5069137676553874,0.039050923934900214
0.4560463603377361,0.5049912848126528,0.03896235484961102
0.4649763688963701,0.4962172916809589,0.038806339422671095
0.4565373132116314,0.5046299634234368,0.038832723364931876
0.4640903718924276,0.49695872434429955,0.03895090376327301
0.4651499361685181,0.49584876004937006,0.03900130378211188
0.45449340895322715,0.5066397602819974,0.038866830764775255
0.4631915164049923,0.4999652337413154,0.03684324985369246
0.4604868616670493,0.5007506279074346,0.03876251042551618
0.4600008258710224,0.5010775715740133,0.038921602554964026
0.449944848797757,0.5111877811577015,0.03886737004454164
0.46553650567333954,0.49563789638108785,0.038825597945572596
0.4542576291196413,0.5069078133884997,0.03883455749185903
0.4631083707234862,0.49791514154623223,0.03897648773028134
0.45698736534023626,0.5042729456532269,0.03873968900653682
0.45791068755944614,0.5033519071898502,0.03873740525070371
0.4628024053598282,0.4982214031241195,0.038976191516052146
0.46452357382005827,0.4964672927213319,0.03900913345860984
0.4580205308764976,0.5031333696487632,0.038846099474739215
0.4366805737143802,0.524612558667812,0.03870686761780797
0.4627032461666737,0.4984331975498591,0.0388635562834671
0.44272968593489,0.5183152340363101,0.03895508002879986
0.4658396158207231,0.49525277178684257,0.038907612392434385
0.46555017521727293,0.4955533758120525,0.038896448970674576
0.4645416166473559,0.4965778346696905,0.038880548682953694
0.4516980830191538,0.5094495783089685,0.03885233867187774
0.4618418179677599,0.4992020000102157,0.038956182022024444
0.44414567922338294,0.5174030947373145,0.03845122603930254
0.44864544422263036,0.5123167946697295,0.03903776110764031
0.46293242143518476,0.4981239290206551,0.038943649544160075
0.4644891879189193,0.4965937446750399,0.038917067406040874
0.4623937611326643,0.4989983905150441,0.03860784835229161
0.465717411087677,0.49541047335133176,0.03887211556099141
0.46397982921946296,0.4970691666252122,0.038951004155325084
0.46177271022581,0.501367743613214,0.036859546160975795
0.46549222504745796,0.49551457411253985,0.038993200840002074
0.4583596667103519,0.5031609220153359,0.03847941127431216
0.4624559208611559,0.4985474147609427,0.03899666437790134
0.4654412247980319,0.49575162298380376,0.03880715221816429
0.4556564394356373,0.5052999249081134,0.03904363565624937
0.4632701694069209,0.4979592370533636,0.03877059353971551
0.4541550861764496,0.5069870375760095,0.038857876247540814
0.46343049880750065,0.4976866852890022,0.038882815903497216
0.43672375870046715,0.524545578127367,0.038730663172165995
0.46467022467975827,0.4963839247548933,0.03894585056534866
0.4578887996420857,0.5031932861088776,0.038917914249036865
0.4640709469675707,0.4969205217752318,0.03900853125719732
0.46312299285470176,0.49806262566510034,0.038814381480197786
0.4576711146308793,0.5033275599268447,0.03900132544227605
0.4579134859810761,0.5031338685995556,0.03895264541936828
0.46563512368318755,0.4954521057675023,0.038912770549310256
0.46435462445480025,0.4966413123402267,0.039004063204973106
0.45171293155408676,0.5093442554099966,0.038942813035916714
0.4503166929516621,0.5107365806531052,0.0389467263952326
0.44821138486966616,0.5130727255553235,0.03871588957501035
0.44850250039346473,0.5127139105808781,0.03878358902565712
0.44404565545004776,0.5168961323461957,0.039058212203756465
0.46334771880862236,0.4978038558651032,0.03884842532627449
0.4540349792833902,0.5071524193949849,0.038812601321624646
0.4657715699326688,0.4954421370766237,0.03878629299070755
0.4531058470815145,0.5079662553541068,0.03892789756437859
0.4587450571857306,0.502434395538836,0.038820547275433576
0.4484162613762509,0.5125808258071095,0.03900291281663927
0.45020618128978374,0.5107631680829972,0.039030650627219166
0.46578519463409984,0.49526003740076974,0.03895476796513027
0.463227277937838,0.4978843831089732,0.03888833895318894
0.46298829016514037,0.4981500504943322,0.038861659340527474
0.46575141564925965,0.4953012895766982,0.03894729477404185
0.4509886025769686,0.5100892355929507,0.03892216183008103
0.4440495782192891,0.516983075199574,0.038967346581136875
0.4444236935064108,0.5165204027098393,0.03905590378375
0.45734876314552286,0.5036912003896155,0.03896003646486172
0.4449446736537051,0.5163531691112899,0.038702157235004836
0.4645299776218992,0.4964913919472883,0.038978630430812525
0.46252229596720834,0.49868948251998263,0.03878822151280911
0.46398654647262505,0.49781589441623414,0.03819755911114093
0.4661310885496529,0.49541798468481063,0.03845092676553659
0.46578665395185875,0.49528747809431906,0.03892586795382215
0.46461787038576013,0.4965531255110534,0.03882900410318643
0.4547851488478419,0.506262747464908,0.03895210368725016
0.4655753688598421,0.4955219807321967,0.03890265040796128
0.4659893597144788,0.49543140865568613,0.03857923162983496
0.4635305867518815,0.4976159078209766,0.03885350542714181
0.45152023038401295,0.5095757755927782,0.0389039940232091
0.4586525038168444,0.5025440108999307,0.038803485283225136
0.4660982589035683,0.4948780806345845,0.03902366046184708
0.4495760599453594,0.5114615955850573,0.03896234446958328
0.4448761832904566,0.5164212091350678,0.03870260757447568
0.46549238034986806,0.49558599560188377,0.03892162404824817
0.46304637948380056,0.4980790024786729,0.03887461803752651
0.4456537337574162,0.5155379322095143,0.03880833403306964
0.46487654829938474,0.49629176855159757,0.03883168314901756
0.4660563604124195,0.49497211330968566,0.03897152627789468
0.46490720605955216,0.4987198665960273,0.036372927344420436
0.454290689675914,0.5067089835636766,0.03900032676040956
0.45469455266786485,0.5063249506069645,0.038980496725170885
0.4560018553923698,0.5050950468118444,0.03890309779578594
0.4643472198468363,0.4966158172021955,0.03903696295096804
0.4658681127179053,0.49524739902537185,0.03888448825672279
0.46414301529691343,0.49694621133375516,0.038910773369331346
0.46517875243254386,0.4959793640033254,0.03884188356413077
0.4648309677690664,0.49619535176532853,0.03897368046560531
0.4612969457698798,0.5014081523428343,0.037294901887285646
0.45679469861167976,0.5043638944493427,0.038841406938977585
0.4501445975530605,0.5108669745732887,0.03898842787365096
0.4397203039202898,0.5215845317709297,0.03869516430878038
0.45854671337998454,0.5023377911183472,0.03911549550166831
0.4652251638810325,0.49580587336781823,0.038968962751149396
0.462010293391266,0.4989732395966622,0.039016467012071836
0.4455426269572491,0.5154346506643899,0.039022722378360936
0.44042265655162166,0.5205180168214135,0.03905932662696465
0.46414012712146224,0.49696764835644675,0.03889222452209068
0.4634991953399853,0.49778741137132404,0.03871339328869067
0.46357246941078706,0.4975756764723804,0.0388518541168324
0.45444364963959777,0.506705360138988,0.03885099022141438
0.46368355709939596,0.49837255154622817,0.03794389135437589
0.44341555359396406,0.517883674683141,0.038700771722895225
0.4638065559437276,0.49747013039325844,0.0387233136630139
0.4457684993391061,0.515276694613349,0.03895480604754487
0.4528693462647691,0.5083839361737803,0.03874671756145065
0.45231503271690376,0.5086713259613177,0.03901364132177855
0.4657722829541125,0.495166895165393,0.03906082188049444
0.4474774252697064,0.5137717792740206,0.038750795456273246
0.4656092894063281,0.49544225693883476,0.03894845365483719
0.46507634505366285,0.49618548099633586,0.038738173950001085
0.43632477105962597,0.5247714318187218,0.038903797121652484
0.4397411359685851,0.5215687345670138,0.03869012946440089
0.4651132281070921,0.49589262416357655,0.03899414772933137
0.4597640178113296,0.5013029453842244,0.038933036804446056
0.4621174142354368,0.5004194518304961,0.037463133934066965
0.4656366481690737,0.495438879863786,0.03892447196714045
0.4614628285173023,0.5005097218634766,0.03802744961922103
0.4663751966956573,0.4972074867644389,0.03641731653990376
0.4614631774879635,0.5006587520808266,0.037878070431209804
0.45874409848331327,0.5024142151043379,0.038841686412348836
0.4610141604748553,0.5002030664549024,0.03878277307024217
0.4512804499759434,0.509795057802972,0.03892449222108463
0.465674090034121,0.49532348122631986,0.03900242873955928
0.46293979453262735,0.4980666686322114,0.03899353683516143
0.4565135805883601,0.5047215283093331,0.03876489110230701
0.4569110604112403,0.50416094810269,0.038927991486069416
0.4652185619064497,0.4957676717874643,0.039013766306085974
0.465341126764659,0.49558278765227676,0.03907608558306428
0.4411750182722976,0.5197815912612621,0.039043390466440564
0.4572758049323604,0.50395910290153,0.03876509216610967
0.4651776980628065,0.49633139239418356,0.03849090954300989
0.45502452390533055,0.5061007314742112,0.03887474462045834
0.46551381483823956,0.4955765607905845,0.03890962437117581
0.46541791757630696,0.4964922063223846,0.038089876101308574
0.46154001898379204,0.49949648596275525,0.038963495053452465
0.46568073440700647,0.49538753036705546,0.03893173522593799
0.4658049485040527,0.49532328123042746,0.03887177026551992
0.4648600145252492,0.49616582785172303,0.038974157623027764
0.46473096359467375,0.4966768634720901,0.038592172933236225
0.4658061711641159,0.49684071644158295,0.0373531123943011
0.451588401909433,0.5094894299899293,0.038922168100637713
0.4628313793084385,0.4982980058851453,0.03887061480641641
0.4684308893342753,0.4949034793404443,0.0366656313252803
0.4657125193883105,0.49525130932669287,0.03903617128499647
0.4627653596146035,0.4982673257833,0.038967314602096445
0.465104743234551,0.49596462610391495,0.038930630661534085
0.45096637518759297,0.510236638765611,0.038796986046795885
0.4654187071449401,0.4956877212052559,0.03889357164980399
0.45214859397272755,0.5088911737237554,0.03896023230351711
0.45306410058893437,0.5079471570541353,0.03898874235693044
0.465166593412556,0.49961457089203704,0.035218835695406944
0.46332147917433875,0.497912312552842,0.038766208272819
0.46480376557185044,0.4962299627997435,0.03896627162840617
0.4650399786154633,0.49598265134742736,0.03897737003710929
0.4652327181773001,0.4959360864471213,0.03883119537557863
0.46570285373500203,0.49532983545707243,0.03896731080792582
0.4506895219745626,0.5102876720706616,0.03902280595477598
0.46567480685150064,0.4954255100485985,0.038899683099901
0.44996467301436127,0.5112248917230826,0.03881043526255606
0.4507979738133525,0.5104036476893775,0.038798378497270296
0.45355123185943913,0.5073900491594181,0.03905871898114294
0.45708200775105146,0.5039557691823157,0.03896222306663289
0.4660233373114333,0.4950541041592456,0.03892255852932115
0.4617401892429513,0.5010951193895413,0.03716469136750753
0.46347950650740294,0.4975470581867741,0.038973435305823
0.46566383536294187,0.4953628889470164,0.038973275690041685
0.45815933189043023,0.503056150687344,0.03878451742222593
0.4613874563737588,0.49962873765649574,0.03898380596974579
0.45289476430450515,0.5081204126918838,0.0389848230036108
0.45975015258392726,0.5021212314751419,0.03812861594093107
0.46494349804689145,0.49649395775424254,0.038562544198865796
0.4647812422079871,0.49637013203184316,0.03884862576016947
0.4644017873201445,0.4968961379135617,0.038702074766293774
0.4655541768289906,0.49554258374755356,0.038903239423455506
0.45874926866684484,0.5014238058499445,0.0398269254832106
0.453877206452879,0.5071695266662897,0.03895326688083156
0.4392143551414811,0.5219776378969113,0.03880800696160745
0.44792734287156605,0.5130768865574232,0.038995770571010814
0.46594584286010204,0.49554348596120346,0.038510671178694195
0.4410703545038774,0.520058808141021,0.03887083735510148
0.46635646988026463,0.49510987621690455,0.03853365390283098
0.44772243567225767,0.5133192616217205,0.0389583027060216
0.44594112770195493,0.5152165185835148,0.038842353714530126
0.4616465308604607,0.4995197153890702,0.038833753750468915
0.45448843276453477,0.5066795463665282,0.038832020868936806
0.4578377153292589,0.5031775952761836,0.038984689394557605
0.45179616926156174,0.5093644554243245,0.038839375314113814
0.46361744259699267,0.49756580751931323,0.038816749883694074
0.4561687033659686,0.5048757314915545,0.03895556514247685
0.4653707410669565,0.4956543730735573,0.03897488585948635
0.4548141773349926,0.5071616261462008,0.03802419651880678
0.44384964590439213,0.5174720225513711,0.03867833154423695
0.4641526207672537,0.4971778236029857,0.03866955562976072
0.4553576095804206,0.4992819523365443,0.04536043808303516
0.4574834961537075,0.5039369551920627,0.03857954865422971
0.44573636730121396,0.5153097769354925,0.03895385576329347
0.4480290085603174,0.5129747483908098,0.038996243048872815
0.4652389685388296,0.4960549235487355,0.03870610791243488
0.4567981172733629,0.5043344097745094,0.038867472952127724
0.4606928778418317,0.5004961785534389,0.03881094360472936
0.4658078240564564,0.49528718730479654,0.0389049886387468
0.4656125177462618,0.4954803346127723,0.03890714764096604
0.46555156118435104,0.4956372272239625,0.03881121159168673
0.45779363022245945,0.5031839159654009,0.03902245381213962
0.45170155882222124,0.5094729270476915,0.03882551413008751
0.464430659832951,0.49658036895346963,0.038988971213579283
0.4652077095623637,0.4957704169532249,0.039021873484411246
0.455515640843946,0.5055772683012859,0.0389070908547678
0.46384938041915746,0.4973059980822767,0.03884462149856601
0.4633641348014823,0.49863156758838184,0.03800429761013593
0.45651138438430494,0.5045285651872637,0.03896005042843121
0.46544266844684246,0.4955464659770436,0.039010865576113926
0.46569463101709,0.495669626766168,0.03863574221674183
0.4651743571246353,0.4959220924355259,0.038903550439838896
0.4521610227196894,0.5087591010893636,0.0390798761909469
0.46567088330175366,0.4954233712956571,0.03890574540258935
0.4430979797279007,0.5178357364033892,0.03906628386870996
0.4362290828979536,0.5248985038610615,0.038872413240985004
0.4573044283790643,0.5037307852358919,0.03896478638504391
0.46098966200324815,0.5001211398076337,0.03888919818911814
0.4357864847375669,0.5254478759855306,0.03876563927690249
0.4657665141034879,0.49580476883239505,0.0384287170641173
0.4454232005532646,0.5162961611990726,0.038280638247662854
0.45153344754006935,0.5094111592715108,0.039055393188419704
0.465257458590392,0.49586387290591144,0.038878668503696576
0.4645581499579678,0.49653549855923146,0.03890635148280066
0.458044082674396,0.5029394875977695,0.03901642972783448
0.46544030657810753,0.49560880002513946,0.038950893396752846
0.45076998157146353,0.5103550419784997,0.03887497645003683
0.46581040708703614,0.4954413540439742,0.038748238868989524
0.46491935211634267,0.4965661035214495,0.038514544362208004
0.44747560527788777,0.513703447511293,0.03882094721081907
0.4549718301307945,0.5060608122358425,0.038967357633362947
0.4588769905686596,0.5021291768791378,0.03899383255220254
0.46320274406329115,0.4979013388614906,0.0388959170752181
0.46353552752789196,0.4973553097838354,0.039109162688272546
0.4576862792509243,0.5034755180056704,0.03883820274340544
0.4480122507932693,0.5133754219565773,0.03861232725015362
0.4513058380436871,0.5097753112142687,0.03891885074204426
0.46586137337960654,0.4961928899853164,0.03794573663507684
0.4402178142615599,0.5234253156909221,0.03635687004751801
0.4657200293419661,0.4956092842612563,0.03867068639677761
0.4224803040812188,0.5385411169428121,0.0389785789759692
0.45489460555430133,0.5064097538548661,0.03869564059083249
0.4657511825747111,0.49538777772643094,0.03886103969885822
0.4657070122036681,0.49542036555320346,0.03887262224312838
0.4647361220497733,0.49635155830573335,0.03891231964449313
0.4500683216481202,0.5108895951289744,0.039042083222905484
0.46597983759375666,0.4950862236910914,0.03893393871515214
0.4650941740146289,0.49600755405557284,0.038898271929798174
0.46551167157092294,0.49583850651385747,0.03864982191521952
0.46579854354053274,0.4953331337557907,0.038868322703676496
0.45797516701628355,0.5034134758460345,0.03861135713768192
0.46107695108161884,0.5002732704232756,0.03864977849510546
0.46451347840015317,0.4965475509761531,0.03893897062369354
0.46319888093092054,0.4989151602336766,0.037885958835402585
0.45954807674361237,0.5018382750852496,0.038613648171138
0.4592389071059683,0.501827026735434,0.03893406615859765
0.45674071001148353,0.5042967851480412,0.038962504840475386
0.46366071327128006,0.4974961230830604,0.03884316364565952
0.46437235021693896,0.49671072213418815,0.03891692764887287
0.4559277675349846,0.5051449485465203,0.03892728391849492
0.45388761808715666,0.5071645388199783,0.03894784309286481
0.4656572868447974,0.49554799472613065,0.038794718429072034
0.46535961495411143,0.49563853799947627,0.03900184704641218
0.4578119549890105,0.5033098293307458,0.038878215680243584
0.4653949867532696,0.49565882745351847,0.03894618579321188
0.46542979424783887,0.4956798143560365,0.03889039139612469
