0,1,2
0.5216497376081749,0.4374991754451774,0.040851086946647325
0.4405958075291877,0.5109306104589358,0.048473582011876556
0.44452624653820333,0.5164404000550574,0.03903335340673919
0.4661581798104236,0.49404204965156784,0.03979977053800845
0.4598618954212742,0.5025960971447498,0.03754200743397607
0.4632045313417001,0.48945679477251136,0.04733867388578847
0.44039930705195346,0.518738656589574,0.0408620363584727
0.47813080660746854,0.4782653618131779,0.04360383157935353
0.4130429068371984,0.5407254821371933,0.04623161102560842
0.5344637430088164,0.4293948115004475,0.03614144549073614
0.42492862985540025,0.534224538697335,0.04084683144726492
0.48798002893988773,0.4724503602903846,0.039569610769727606
0.46088288676829653,0.5005716970388829,0.03854541619282073
0.4589178575426107,0.5008043671522427,0.04027777530514612
0.4507296312060713,0.49960665533117843,0.04966371346275057
0.46526310965342427,0.4939797337587209,0.040757156587854795
0.4679559038620868,0.489061772218858,0.042982323919055036
0.47768274239167663,0.475734334284008,0.04658292332431531
0.4392787933415332,0.5139484711857828,0.0467727354726839
0.4576924957217859,0.4968758621035251,0.04543164217468899
0.538327199743793,0.4105961399533481,0.05107666030285913
0.4853194207565987,0.4740660579589274,0.040614521284473994
0.45061294023833737,0.5044685500843964,0.044918509677266114
0.5358509614198851,0.4281759711452833,0.03597306743483174
0.4667329772898233,0.487503479225987,0.04576354348418982
0.42264118510196885,0.5411316737522076,0.03622714114582377
0.47645898145024107,0.47683097563412674,0.04671004291563234
0.4586925055585917,0.4996170549047521,0.041690439536656264
0.39079087565479426,0.5685711102826866,0.040638014062519295
0.5267699207622297,0.42187424602834717,0.05135583320942297
0.4503104017810061,0.5100283376120941,0.03966126060689981
0.44063591546363984,0.5166371220093405,0.042726962527019505
0.44377471149813985,0.5077017670935806,0.04852352140827941
0.4855962257466555,0.47527552314859,0.03912825110475442
0.4700061020462376,0.48806180948193284,0.04193208847182937
0.46850210334597253,0.49191136964353693,0.03958652701049054
0.5259926953050866,0.4370953509677394,0.03691195372717422
0.39600666317372696,0.5484708692276665,0.05552246759860672
0.469071360046826,0.4918879773469923,0.03904066260618169
0.46278470840245345,0.4974936982518372,0.03972159334570935
0.46242077294395484,0.4986029494202353,0.03897627763580992
0.45234924251074626,0.5119178275984532,0.03573292989080066
0.4604916075274895,0.491204643621722,0.04830374885078838
0.47121727778774386,0.48467297119863256,0.04410975101362363
0.4597277833047514,0.49798036123965544,0.04229185545559295
0.4511546412126552,0.4988915849153626,0.04995377387198223
0.4677127072472582,0.49821324930168887,0.034074043451052916
0.4414935865315104,0.5096206271551379,0.048885786313351394
0.4681411256115557,0.49058772585133165,0.04127114853711274
0.4409957166672826,0.5159754622883919,0.04302882104432554
0.4964279513021738,0.461753594486943,0.04181845421088349
0.45947644051183145,0.49907898127046163,0.041444578217707
0.43755856466448373,0.5171616804078226,0.04527975492769339
0.4438236787808195,0.5120271752662671,0.04414914595291315
0.4523570990758252,0.4973746234410918,0.05026827748308309
0.46061477780815124,0.4928973426114135,0.046487879580435196
0.4598656384883908,0.49757851611358683,0.042555845398022436
0.45611605308072517,0.5040562884820436,0.039827658437231135
0.4347446560048451,0.526144873848313,0.03911047014684178
0.5509104292368715,0.3997133241736262,0.04937624658950229
0.4846371989065148,0.4783564500999647,0.037006350993520544
0.4006111870797744,0.5569945193305443,0.04239429358968152
0.4595458208955444,0.4972379251608896,0.04321625394356614
0.4690853048850251,0.49204851172086866,0.03886618339410647
0.4116869031769551,0.546442804205813,0.04187029261723182
0.463154038766456,0.4940696210161054,0.04277634021743864
0.42453989165936223,0.5326270158009472,0.0428330925396904
0.4599216250410302,0.49124683650072387,0.048831538458246206
0.4598547670663459,0.49733740671035354,0.042807826223300545
0.5272385787871212,0.4334645549230494,0.03929686628982938
0.4877540005873719,0.4688761674805034,0.04336983193212479
0.4957694749404701,0.45693151493622614,0.04729901012330372
0.4426915362733187,0.5149116214039166,0.04239684232276463
0.39223512988202647,0.563565992427227,0.044198877690746666
0.45323506316331075,0.49883980358531643,0.047925133251372425
0.50136265318929,0.46069327775225505,0.03794406905845499
0.4465717622657729,0.5068020943203143,0.04662614341391269
0.4309290262989451,0.5290959192660524,0.03997505443500234
0.4484690375052572,0.5043707137412422,0.04716024875350016
0.6510629713741671,0.31303761204630237,0.03589941657953044
0.29890418244865136,0.6612630909503303,0.03983272660101853
0.4410216324455463,0.5295230659062691,0.029455301648184495
0.39862793196395147,0.5589468641688783,0.042425203867170025
0.5171155704233906,0.44451429469278886,0.03837013488382053
0.4986316969247015,0.46163539005104975,0.039732913024248674
0.24714811789225774,0.714582378536157,0.038269503571585164
0.3990741828235536,0.5657855288531838,0.035140288323262485
0.5034636235768841,0.45598551583542235,0.04055086058769362
0.4873889931733775,0.47518340624002275,0.03742760058659967
0.2788477711845847,0.6932074249443403,0.027944803871074946
0.4564482593934983,0.5033172740621353,0.04023446654436636
0.48167576097921344,0.469077464970022,0.04924677405076455
0.4155942347311428,0.548496243607246,0.03590952166161113
0.7292732371780091,0.22213401750330855,0.048592745318682296
0.47029678108474243,0.4882328684312388,0.041470350484018856
0.6554102846999255,0.31591176734990045,0.028677947950174122
0.45724886492652417,0.4968288995966349,0.0459222354768407
0.4836204694707173,0.47160440069309073,0.04477512983619207
0.45621895591170153,0.5039562743213476,0.03982476976695086
0.45881469462069774,0.501204160402906,0.03998114497639628
0.3896566019630764,0.5687374979103885,0.041605900126535096
0.4465384006161008,0.5094393394728022,0.044022259911097095
0.4120317949228403,0.5485509797790066,0.0394172252981531
0.34814852652109823,0.6106784291882548,0.04117304429064717
0.39562943985146415,0.5644844225734191,0.03988613757511688
0.446210794606412,0.5085582535395079,0.04523095185408017
0.8096654016180955,0.15309891129977563,0.03723568708212883
0.4878535599055895,0.4677908211642208,0.04435561893018967
0.4550962184121126,0.5028470346007644,0.04205674698712276
0.5131283367361601,0.4490723712974067,0.037799291966433085
0.42261143575573473,0.5378482370307864,0.03954032721347875
0.47656945396762507,0.5069037162512984,0.016526829781076446
0.4255974377836348,0.5297721502033103,0.04463041201305487
0.5008995857097498,0.44784029655047386,0.051260117739776206
0.5663489282787366,0.3892638785471062,0.04438719317415698
0.49172925903305814,0.45930869735994334,0.048962043606998344
0.4384846581426672,0.5193595613027294,0.042155780554603485
0.481500621181572,0.4817399168717792,0.03675946194664875
0.4972608031493556,0.4569044060524883,0.04583479079815607
0.3939658332970488,0.5637373909507845,0.04229677575216667
0.47498596526642434,0.48770311989364384,0.037310914839931944
0.4621220658365729,0.4986411284364797,0.039236805726947384
0.4629402934580984,0.4968430237630881,0.040216682778813545
0.4514092301456874,0.5095559440710017,0.039034825783310974
0.4274642216863318,0.5303645027323406,0.04217127558132747
0.416949650378596,0.5438767992687684,0.039173550352635665
0.4453608332979448,0.5094156180994147,0.04522354860264027
0.41023166333806793,0.543433310875869,0.04633502578606273
0.4743864709952738,0.4827570922490775,0.04285643675564876
0.40747502412774106,0.5461042725703917,0.04642070330186725
0.45719107550255383,0.49824952877070544,0.04455939572674076
0.4641030014590677,0.4876601460582111,0.048236852482721033
0.4403024189108613,0.5141132652257886,0.04558431586335018
0.4682505568001135,0.4890246938113117,0.0427247493885748
0.423702016882031,0.5301162492606195,0.04618173385734949
0.5536619809592426,0.4077368961858699,0.03860112285488763
0.4318094658003042,0.5263186059403513,0.041871928259344535
0.4648913206030264,0.4849991850893969,0.050109494307576635
0.46186470412851194,0.48897224078445756,0.04916305508703038
0.40164108171215673,0.5543930231671131,0.04396589512073025
0.4848514019740868,0.47468269386561057,0.040465904160302546
0.4586543474012253,0.4970213293153035,0.044324323283471044
0.5007831777399581,0.4518291534473321,0.047387668812709775
0.3263770117738617,0.639024913928811,0.03459807429732716
0.4556853552290502,0.5013023704537489,0.043012274317200644
0.45768230192239634,0.4940285784377337,0.04828911963986979
0.43964109288361386,0.5124748666449064,0.04788404047147997
0.4394153608685086,0.519592532001199,0.04099210713029223
0.4655111546766191,0.49502213491753044,0.039466710405850335
0.47439517456924507,0.483567980746961,0.042036844683794074
0.5355273987005085,0.43143692720742177,0.03303567409206981
0.4464844461715749,0.5120053490290787,0.04151020479934645
0.4835233018666463,0.469733925517688,0.04674277261566573
0.40093510942262367,0.5651624006678383,0.03390248990953815
0.394831158842873,0.5607094429703965,0.044459398186730406
0.4456314122422306,0.5046990508639531,0.049669536893816604
0.47043598628556177,0.4894638672795215,0.040100146434916786
0.4166463393066604,0.544576436874955,0.038777223818384436
0.474704650837097,0.4795150503414864,0.045780298821416335
0.45111094479811314,0.4984416518377184,0.05044740336416838
0.4331945984928192,0.5268974615593114,0.039907939947869286
0.368615312914639,0.5951362830932053,0.03624840399215576
0.4470357822230058,0.509870044508835,0.043094173268159036
0.38287610880207956,0.5755756461950906,0.04154824500282967
0.450306455805056,0.5005311969751882,0.04916234721975562
0.47426722391213566,0.4753441585491137,0.050388617538750395
0.3411545936746474,0.630293294207659,0.02855211211769369
0.3217789842629679,0.6428327207606817,0.035388294976350224
0.4527326347559919,0.5097514860141187,0.037515879229889505
0.45247111777482857,0.5028972682295314,0.04463161399564003
0.4015722485604716,0.5587140027113171,0.03971374872821113
0.48120532010513395,0.4795289017377898,0.039265778157076235
0.44121669284020715,0.5119098289119529,0.04687347824784014
0.4819684017964564,0.4728858479905595,0.04514575021298431
0.4365445384305576,0.5207163343535569,0.0427391272158854
0.45236206260066225,0.5110838640135075,0.0365540733858306
0.45693081995914586,0.5011533954063838,0.04191578463447042
0.39082092937871465,0.5634124589322538,0.04576661168903157
0.4591841239553295,0.49406992356605217,0.04674595247861812
0.3689662652133053,0.5844610403275718,0.04657269445912289
0.4702513151910231,0.4821751127150414,0.047573572093935576
0.47145851239371445,0.4799190703317978,0.048622417274487774
0.49342242501929795,0.4675332501787814,0.039044324801920445
0.4590065003860548,0.49475419377101587,0.046239305842929394
0.4998362732609274,0.4661017656299024,0.03406196110917017
0.4266280257122695,0.5249932594885971,0.04837871479913331
0.5057628298855726,0.45740929440707945,0.03682787570734774
0.4633837132317551,0.4959115780212518,0.040704708746992946
0.47991953433164414,0.47554858100796604,0.04453188466038976
0.4500076257761131,0.5106721495330698,0.0393202246908169
0.4752143316453134,0.4785276693434649,0.046257999011221636
0.4632876316850379,0.49798377667081284,0.03872859164414912
0.43696086792158767,0.5191036415496039,0.043935490528808636
0.4908710608692345,0.47256048736795836,0.036568451762807375
0.5029942679129015,0.4476028223601184,0.049402909726979805
0.3719070004947381,0.5904563263217969,0.03763667318346499
0.39951040889756073,0.5590195471000564,0.04147004400238325
0.27359575789455304,0.6934575253198556,0.032946716785591454
0.44355625322154496,0.5175258096137381,0.03891793716471692
0.45139656245719617,0.5125916372783662,0.03601180026443784
0.4250233344039853,0.5300323140400696,0.044944351555944895
0.453455929749281,0.5027334437042709,0.04381062654644834
0.46206043359220855,0.4872448189814114,0.05069474742637997
0.40696256201514613,0.5527307630805264,0.04030667490432761
0.395106612052953,0.5695916303231516,0.035301757623895244
0.473326492561048,0.4839948925704891,0.04267861486846288
0.45066828035798956,0.5014404189168764,0.047891300725134
0.38841803084065163,0.572740715034791,0.038841254124557544
0.3957163794193861,0.5573629146835599,0.04692070589705386
0.47796317371298486,0.48125791546977764,0.04077891081723749
0.4736275785143888,0.49329322603872444,0.03307919544688665
0.3086121170124299,0.6486349403393519,0.042752942648218314
0.4292162132994946,0.5287789814894799,0.04200480521102538
0.4814237993261724,0.47920416458795095,0.03937203608587649
0.48381733363741325,0.4730682809610634,0.04311438540152353
0.45861503957745364,0.5031301142692711,0.03825484615327507
0.4115687812961921,0.5431761314832102,0.045255087220597456
0.41044463939943293,0.5537193745790182,0.03583598602154868
0.5080314262570318,0.46723567103620556,0.0247329027067626
0.4264239678097513,0.5287467108197095,0.04482932137053921
0.38301684177409245,0.5731414326768683,0.04384172554903919
0.4827938593346512,0.4700730383985489,0.04713310226679987
0.4574807251989246,0.4965219564094584,0.04599731839161714
0.5170799659928244,0.43485028444250634,0.0480697495646694
0.46100409006914206,0.49811023589174136,0.04088567403911658
0.4685753399660526,0.49579918712904386,0.03562547290490353
0.441653006623234,0.5101535575540093,0.04819343582275672
0.45992248648792805,0.5005281493465861,0.03954936416548618
0.4489300518822842,0.5154565660539729,0.035613382063742795
0.5164363927915198,0.43994673852885713,0.04361686867962305
0.4382313217793696,0.5449027781290433,0.016865900091587106
0.514311034867165,0.4342066621069519,0.05148230302588332
0.46380155323503475,0.4859562691684069,0.050242177596558316
0.46779296478628163,0.48394931314337075,0.04825772207034741
0.45727467661225174,0.500520516930717,0.0422048064570311
0.5119115783811994,0.44660817041854484,0.04148025120025591
0.4661090831259445,0.48815480995279387,0.045736106921261586
0.464593123551961,0.4837039587075526,0.051702917740486215
0.4573285087720205,0.4964294412067876,0.046242050021191694
0.44063762015905966,0.5159512227928849,0.04341115704805571
0.39606357616956345,0.5663489535419197,0.03758747028851672
0.412734320370839,0.5530899190614871,0.03417576056767376
0.42573789699199344,0.5292871399500643,0.04497496305794231
0.4049250620069192,0.5594627541426764,0.03561218385040443
0.5207759846282766,0.4419185906071019,0.03730542476462137
0.4396270602927925,0.5133731093814757,0.046999830325731656
0.4736269256822665,0.48352213406831285,0.04285094024942051
0.46843160125539274,0.48451266897471124,0.04705572976989604
0.48530147518281697,0.48102466817110223,0.033673856646080885
0.4809964301801078,0.4697626319527661,0.04924093786712613
0.4575897662349598,0.5024502217791861,0.03996001198585407
0.4944012312518881,0.4595427176535081,0.04605605109460359
0.4552925537420185,0.5044280436026384,0.040279402655343535
0.45488283812198177,0.4987336908013158,0.04638347107670241
0.4544333125118972,0.5076364035640739,0.03793028392402865
0.45547184656321843,0.5011705664294567,0.04335758700732499
0.46498804746742683,0.48657259938913455,0.048439353143438585
0.46646953242143446,0.4875662455285475,0.04596422205001812
0.4539966533023481,0.4944545086443749,0.05154883805327691
0.42151433220518086,0.529007861859412,0.04947780593540696
0.4555724067100918,0.501766637931709,0.04266095535819894
0.3817827731712112,0.5735964749580608,0.044620751870728004
0.4373882504372146,0.5182480805215747,0.04436366904121083
0.6553068360110131,0.29578561638782996,0.04890754760115701
0.44891469440505294,0.5115078797491579,0.03957742584578921
0.554577879364587,0.4092853276720399,0.03613679296337306
0.45641786642545595,0.4942141535080701,0.04936798006647383
0.4615825638395775,0.4918790660777216,0.04653837008270105
0.5093509168493185,0.45524365914161663,0.035405424009064865
0.5168869729700508,0.44410445522098657,0.0390085718089628
0.47131923226148287,0.4851664080804645,0.04351435965805255
0.44300215444228225,0.5170167232665919,0.039981122291125916
0.4430970405352659,0.5180816514359187,0.038821308028815164
0.48456626280354725,0.47208000398198563,0.043353733214466846
0.49499997875115703,0.4636413935197392,0.04135862772910385
0.4552439643533114,0.5051638426101112,0.03959219303657749
0.4429333413551739,0.5179452453785905,0.03912141326623546
0.4586115990322602,0.4922672557137078,0.0491211452540322
0.4592557723813152,0.503087291839464,0.037656935779220926
0.4309858908999226,0.5209078746047718,0.048106234495305794
0.46351822656466446,0.49185757105365807,0.04462420238167774
0.5037907188137034,0.45099219145732033,0.045217089728976194
0.4494062374834303,0.5065741687215016,0.044019593795068215
0.4563747620471669,0.5043582058530628,0.039267032099770394
0.4814889021047303,0.48109292451470537,0.037418173380564294
0.4232851300199429,0.5366261988322598,0.040088671147797114
0.42338942484576875,0.5283851977297925,0.048225377424438796
0.4364508254608601,0.5143168697341486,0.049232304804991425
0.41371331813833984,0.539525139049308,0.04676154281235206
0.29781058963926815,0.6646365990186927,0.03755281134203913
0.2633743400900712,0.7007466594635885,0.035879000446340056
0.43403010644534185,0.5292724709997976,0.03669742255486055
0.5214236316293028,0.4533748540606703,0.025201514310026575
0.44401902690030426,0.5134945520760719,0.042486421023623905
0.4634631554080899,0.4876160277732351,0.04892081681867488
0.4050660967058628,0.5466835563560394,0.04825034693809805
0.4779218225358788,0.4809934865251769,0.04108469093894435
0.431206584601821,0.5302296928444096,0.0385637225537692
0.44957946988150665,0.5039246363654211,0.04649589375307233
0.4623926065262627,0.49719795945897904,0.04040943401475822
0.46732135158267,0.5010556763231049,0.03162297209422511
0.45515383694459,0.5097765267428815,0.03506963631252852
0.42986702823360906,0.5249909045302459,0.04514206723614472
0.41707268434552447,0.5464749734239789,0.03645234223049654
0.4759021784234202,0.48468065670108845,0.03941716487549106
0.49416468352332477,0.45663380729135705,0.04920150918531785
0.45830814039392376,0.49886233597561147,0.042829523630464744
0.4582459347152478,0.5038280871580634,0.037925978126688784
0.4484414788291016,0.5034125175113044,0.04814600365959393
0.44413982543454933,0.5077232737332792,0.04813690083217134
0.5736937792964522,0.3806589200387512,0.04564730066479664
0.5037435187921724,0.44628881826881367,0.049967662939013884
0.4556656922749868,0.5024505178959633,0.04188378982904987
0.4294059690524343,0.528398557946381,0.04219547300118465
0.48380021951782387,0.47882940392825074,0.03737037655392543
0.4910496817721537,0.47255383786505795,0.03639648036278836
0.2680913485749357,0.6923334168298084,0.039575234595256
0.4920354612122401,0.45870300543431847,0.04926153335344131
0.4050510994873056,0.5552158475556177,0.03973305295707661
0.4201206526075245,0.5319368130444845,0.047942534347991075
0.3600097901059746,0.5977895180396926,0.042200691854332784
0.4066722639785838,0.5514188246026365,0.04190891141877985
0.4438878268370511,0.5136465969431677,0.04246557621978106
0.5627771332077108,0.3911904434103919,0.04603242338189721
0.4828108292102322,0.4697219123965725,0.04746725839319535
0.43037761943616537,0.5264105273220705,0.04321185324176435
0.44578681940174303,0.5151914648534555,0.03902171574480155
0.4053769734624592,0.5589762308549892,0.03564679568255177
0.4493239939074086,0.5106251441311386,0.04005086196145266
0.5008067952331288,0.45550783838985304,0.04368536637701807
0.40740760537123605,0.5481777984843053,0.04441459614445855
0.5712679589476891,0.3874157613221733,0.041316279730137795
0.4779097260774347,0.48279620247838145,0.03929407144418355
0.41982739283573917,0.5427316308602219,0.037440976304039024
0.44354784277714376,0.5020224772111282,0.0544296800117281
0.5046415348298025,0.4575849852645626,0.03777347990563488
0.4395731972266684,0.5164003901117658,0.044026412661565685
0.4703004917488021,0.4827997124743404,0.04689979577685733
0.4694832525739542,0.49206878853365943,0.038447958892386294
0.5316165379792138,0.4211188367027963,0.04726462531798997
0.479001775089902,0.4766442875756233,0.044353937334474444
0.44189044957491685,0.5189940484150295,0.039115502010053635
0.46344872590795383,0.4993216476055033,0.037229626486542745
0.5307081951307843,0.4236123956716055,0.045679409197610064
0.5021079238365909,0.4565065475533954,0.041385528610013635
0.3941071092999019,0.5587119670903301,0.04718092360976811
0.4705351567532046,0.4904770625155187,0.038987780731276706
0.38480091429230406,0.5746799216488357,0.040519164058860205
0.41149856796749534,0.5519789405528203,0.036522491479684394
0.3266495617893413,0.6276271969467766,0.04572324126388199
0.48402764370806617,0.4900225369775054,0.025949819314428493
0.4517784854280623,0.5022898486531011,0.04593166591883658
0.34509985667730303,0.6100601483458659,0.04483999497683113
0.4579263213247216,0.5031148014928898,0.0389588771823886
0.45308146852317105,0.5083927735055157,0.03852575797131342
0.45588666996344757,0.4950875681317502,0.04902576190480202
0.4250829445344865,0.532062159950845,0.04285489551466863
0.46661741131144585,0.4948575746535494,0.038525014035004454
0.4364096448388613,0.5181165463542925,0.04547380880684602
0.46633191173177924,0.4887566425021488,0.04491144576607191
0.43872068265684405,0.5133301581605518,0.047949159182603986
0.4586976874893677,0.49495981925548976,0.04634249325514261
0.45760802962547625,0.49495109552586797,0.047440874848655744
0.4445396663710965,0.509668087834408,0.04579224579449539
0.45242736522224175,0.5003958324157196,0.04717680236203852
0.4534220148168344,0.5083020693771019,0.038275915806063945
0.5124947437490063,0.43755104958109575,0.04995420666989788
0.4504264231391576,0.504767859768672,0.044805717092170246
0.4628282084140232,0.501466306371413,0.03570548521456382
0.5286883297885097,0.431788121286758,0.0395235489247323
0.8180608735500776,0.13690157793903235,0.04503754851089018
0.2538428251776267,0.7194545805272429,0.02670259429513048
0.4986266572465267,0.45071395978575063,0.05065938296772238
0.45223225650956506,0.49908466210901015,0.04868308138142472
0.4487048129506722,0.5073440937087007,0.04395109334062729
0.4846576670918802,0.4747716029855464,0.04057072992257366
0.4628525310331768,0.49493096504122247,0.04221650392560053
0.4658056740522389,0.49472061873674894,0.039473707211012204
0.464681961368293,0.48876953246861776,0.04654850616308937
0.4758971645674447,0.4897648155871731,0.034338019845381956
0.4904506712215345,0.47130428164870364,0.03824504712976177
0.4277355993015726,0.5381689560863679,0.034095444612059336
0.38563040901820145,0.5678713483510583,0.046498242630740164
0.5093572808981317,0.44384912662103065,0.04679359248083776
0.4538898669894537,0.5063568982392591,0.03975323477128734
0.4143422023137958,0.5424740993050163,0.04318369838118788
0.49343576815978996,0.4662133481617379,0.040350883678472185
0.4397865996586881,0.5202605213672091,0.03995287897410298
0.448644720840695,0.5117047868295527,0.039650492329752554
0.5072824209803407,0.4540151089813947,0.038702470038264415
0.4511700440350124,0.503734040683137,0.04509591528185079
0.4421186450373177,0.5228351722010608,0.03504618276162169
0.36693283091991413,0.5870435590957203,0.04602360998436535
0.43678473229720055,0.5192535896110586,0.0439616780917406
0.4283580188719002,0.5314606323738928,0.04018134875420704
0.42647206641845103,0.5330511433067452,0.040476790274803706
0.46544046117412463,0.4921303304725683,0.04242920835330719
0.48337100629091,0.4755646629916445,0.041064330717445585
0.5016287848183598,0.4594754968466467,0.03889571833499352
0.454351228239557,0.5045819614832341,0.04106681027720885
0.3648578030271125,0.5889701042818195,0.046172092691067965
0.45886116642017677,0.49435268535247173,0.04678614822735137
0.4638640071757985,0.49918534084578015,0.0369506519784212
0.534623180666766,0.42494802080672905,0.04042879852650473
0.39421095231310965,0.5649324732470761,0.04085657443981408
0.41473855261773623,0.5421632637523529,0.043098183629910886
0.2876328545418819,0.673376487052072,0.03899065840604592
0.4090891090129341,0.5545100343318934,0.03640085665517231
0.4822789649537881,0.47260898100961485,0.04511205403659727
0.47684964061529,0.4741208651031748,0.04902949428153485
0.5075072069115696,0.4394424937012261,0.05305029938720398
0.3717760744743511,0.5828779092239869,0.04534601630166206
0.4131337106361584,0.5482441814581117,0.03862210790573
0.48517278259680974,0.4757589948811593,0.03906822252203095
0.3701674521107049,0.5833435338500534,0.04648901403924187
0.4224953274835102,0.5296567990047186,0.04784787351177124
0.39686496285566497,0.5555457670469081,0.04758927009742699
0.38181060566992864,0.5765559654898327,0.041633428840238774
0.23392895360110597,0.7444699779550377,0.021601068443856373
0.40376508298313146,0.5536704264731527,0.04256449054371599
0.4705489589560146,0.49091044121189964,0.03854059983208579
0.47550192509185585,0.48864808777014673,0.03584998713799751
0.4500295317352551,0.5026140681260372,0.047356400138707726
0.4002720846811363,0.5616310542688036,0.03809686105006004
0.46274255041208023,0.49709214791386924,0.04016530167405032
0.46025674263968425,0.492329909517202,0.04741334784311354
0.32979919096270965,0.6304407726991877,0.0397600363381024
0.22750708347090984,0.7371452233936532,0.035347693135437154
0.47739899819339643,0.47630646031030927,0.046294541496294056
0.4216186593281928,0.5322964284877266,0.0460849121840805
0.4651880715626405,0.49496551755151086,0.039846410885848386
0.4547095552220155,0.5007496462967826,0.04454079848120188
0.4251073608301496,0.5407525998104917,0.0341400393593584
0.45152821099195145,0.5065901250827275,0.04188166392532096
0.450194117155976,0.5094562544318884,0.04034962841213559
0.5261463845210818,0.43868485355406284,0.035168761924855345
0.398730069633656,0.561637873867964,0.03963205649837987
0.47721454989145135,0.4840521599160919,0.038733290192456804
0.44320598510086007,0.5183819102944517,0.038412104604688364
0.5400597322078835,0.4208193056384405,0.03912096215367582
0.39024445589313445,0.575329405477744,0.034426138629121444
0.5470545168926839,0.4051641531356785,0.04778132997163743
0.4647892879908698,0.48820796598786853,0.047002746021261824
0.4811748933136548,0.4814341556484291,0.03739095103791618
0.4738000395568639,0.48611388453213555,0.04008607591100059
0.4942703087980226,0.4674575642539511,0.03827212694802627
0.39782145684276077,0.5573658974051977,0.044812645752041656
0.4076719395956805,0.5452677128782971,0.04706034752602231
0.45450826049752535,0.4999152461819279,0.045576493320546724
0.395522617575384,0.5623936102244487,0.04208377220016727
0.44611640668029556,0.5179302797275761,0.03595331359212847
0.3601804443725795,0.6293417226682056,0.010477832959215002
0.4162068802619869,0.5433697196699347,0.04042340006807816
0.4282979271523927,0.5313266811290123,0.040375391718595076
0.46257744664292033,0.4882649176587724,0.04915763569830724
0.4832263310807781,0.47466542765668984,0.04210824126253183
0.4854160379738279,0.4683081921311304,0.04627576989504153
0.3700327558146649,0.5902620843674541,0.03970515981788085
0.4245180383879057,0.5371254786798559,0.038356482932238305
0.4563898051367859,0.49568320691550943,0.04792698794770484
0.4886675938884655,0.48060602813152065,0.03072637798001389
0.4429539455964682,0.5171515467857883,0.039894507617743456
0.4282691732967449,0.5311727725151415,0.04055805418811346
0.5579137078101668,0.42539397246267385,0.016692319727159472
0.5507781852675232,0.40687093395736346,0.04235088077511322
0.27563152252381873,0.6945169561226331,0.029851521353548207
0.36365992145373127,0.5970649484509857,0.03927513009528316
0.4126153775186083,0.5436704336165444,0.043714188864847243
0.45720901461832036,0.4935091840540213,0.04928180132765839
0.4351643850232368,0.5155413069391831,0.04929430803757995
0.4559021563326538,0.5122794204826392,0.03181842318470716
0.4328025346259277,0.531673777547947,0.03552368782612518
0.46522347936046343,0.4950425509048818,0.0397339697346548
0.4583907769339666,0.5013868299925446,0.04022239307348885
0.49207381398630384,0.4658005055280506,0.04212568048564552
0.4689606935217265,0.49239077759229616,0.038648528885977224
0.47599304954126326,0.4850464491548949,0.038960501303841856
0.46295848004095747,0.4902769054442592,0.046764614514783406
0.486068550834479,0.47080992364870616,0.04312152551681494
0.37910677967069234,0.579165456626385,0.04172776370292263
0.4910754335500053,0.4620710441971422,0.04685352225285246
0.4398467149205521,0.5144187142982978,0.04573457078114982
0.436879445263218,0.5172731720992529,0.045847382637529244
0.45850317963450093,0.4976788993927656,0.04381792097273336
0.5269275391397039,0.4245581993167691,0.04851426154352692
0.5059444004889854,0.4546135846759811,0.03944201483503357
0.5321855932238673,0.4206292418962265,0.04718516487990629
0.44053209120419806,0.5218511035829,0.03761680521290194
0.43434300491879757,0.5261654032157823,0.03949159186542044
0.4292437346653021,0.5267286839479579,0.04402758138673978
0.4760472890969443,0.4824359397746089,0.0415167711284467
0.47149393345845925,0.48095057996423185,0.047555486577308986
0.46581078887493976,0.49086965356693657,0.04331955755812354
0.487038899021473,0.4709389515760967,0.042022149402430306
0.4112439993772111,0.549422269072158,0.039333731550631135
0.4095307775249948,0.5565089778188362,0.033960244656168724
0.46324288206565306,0.4931426755423832,0.0436144423919636
0.45317004810997835,0.5013963329941497,0.04543361889587193
0.4900739998201437,0.46154316903749143,0.04838283114236481
0.46236683925041777,0.5008755607023174,0.03675760004726476
0.4767756409981242,0.4840642003634755,0.03916015863840055
0.46208759277270245,0.4876590879419077,0.05025331928538996
0.4695975417725493,0.48296890892739397,0.047433549300056776
0.4380500096129261,0.5230801663640182,0.038869824023055555
0.5233349730861923,0.4387053304948866,0.037959696418921336
0.4408712471905972,0.5093556579301476,0.04977309487925516
0.47647519991539206,0.4827428917130729,0.040781908371535024
0.5002428266235205,0.45005325897356985,0.04970391440290962
0.4590063109424996,0.4926205143774352,0.04837317468006505
0.4683047638189201,0.4851344405696726,0.04656079561140726
0.437574846851861,0.5184248775613008,0.044000275586838125
0.4288596838820556,0.5330399712139335,0.038100344904010965
0.4634666018128844,0.4967279313386283,0.0398054668484872
0.49011206554907955,0.47189940227070654,0.03798853218021394
0.45793114153328185,0.4962119553465495,0.045856903120168824
0.4661583930148194,0.48853473315889634,0.045306873826284254
0.5748064154714114,0.39933583711634624,0.025857747412242282
0.4047177641509913,0.5514455223194146,0.04383671352959414
0.4754670004228887,0.4800022976261187,0.044530701950992874
0.5248367708536285,0.43428498176523095,0.04087824738114057
0.5040374313097871,0.4571475961695249,0.038814972520688044
0.44026555793744887,0.5253427413245596,0.034391700737991755
0.43705696181461406,0.5220127735553842,0.04093026463000174
0.4225535658457653,0.5512929183415292,0.026153515812705534
0.5147611820809647,0.43930517860796875,0.0459336393110667
0.459915241165954,0.49074540387710464,0.04933935495694125
0.3453774055818963,0.6187684103915594,0.035854184026544174
0.6346502806722285,0.32061870341389614,0.04473101591387546
0.7239030797257779,0.2422887286737175,0.033808191600504994
0.4863626290185241,0.46540001272285125,0.04823735825862484
0.4464079311505477,0.5049126722728425,0.048679396576609774
0.4395687054508726,0.5198014972197355,0.04062979732939209
0.46972766034575214,0.4845479829437273,0.045724356710520594
0.46870861375155143,0.48456530019771343,0.04672608605073514
0.5144632398387253,0.4398172884810466,0.04571947168022781
0.30323179022322333,0.6642444770156901,0.03252373276108628
0.45652154223841585,0.5003706923382194,0.04310776542336484
0.4681330710144878,0.48385253375055487,0.048014395234957374
0.3724274040201346,0.598943017049585,0.02862957893028054
0.3975530123739899,0.5611245228604899,0.04132246476552009
0.46783515141148724,0.49289495447332626,0.03926989411518645
0.49706975493467215,0.4525754641210194,0.05035478094430834
0.40801275254994857,0.5457862313147858,0.04620101613526558
0.4325191642106717,0.528796897321417,0.03868393846791125
0.5344811062576237,0.42907667930798643,0.036442214434389913
0.3230568878581373,0.6325828049417856,0.04436030720007677
0.38305747024863446,0.5876248976849106,0.029317632066454772
0.48159834616167735,0.47960685598969155,0.038794797848631025
0.44495487235933834,0.5110565914845665,0.04398853615609484
0.4596585541266568,0.5199010397741761,0.020440406099167044
0.4237675775895635,0.536370734546259,0.03986168786417732
0.48044285166412865,0.4779651859881948,0.04159196234767643
0.5054072740917497,0.4444991845027534,0.05009354140549717
0.4085994318895516,0.5570487601072744,0.03435180800317382
0.4462343696499771,0.5115157717550328,0.04224985859498998
0.45414585373249644,0.4960321221599571,0.049822024107546395
0.47102865845325764,0.49036855423233916,0.038602787314403385
0.4621519491887286,0.494350198906675,0.04349785190459645
0.44592822937257687,0.5044956165098347,0.04957615411758852
0.4326160324692829,0.5249160659049139,0.042467901625803085
0.4683717542447619,0.49276882800666666,0.03885941774857142
0.4874150445232727,0.47297274135867196,0.03961221411805541
0.4297683212216242,0.5294620168965996,0.04076966188177656
0.5325346047199384,0.4235504635846374,0.0439149316954241
0.4475055692625213,0.5075009527717976,0.04499347796568121
0.4499345871154843,0.5099208833808595,0.04014452950365595
0.4745254894210849,0.4768422501244096,0.04863226045450558
0.4416547315374675,0.5328321148059963,0.02551315365653624
0.3507549219357175,0.6152859193424829,0.03395915872179947
0.47582069714961717,0.4751083186447727,0.049070984205610006
0.46596500979178146,0.5047779537280245,0.02925703648019416
0.3855651947339521,0.5755399956530178,0.038894809613029865
0.4584391400266638,0.49973480464349535,0.04182605532984083
0.44555623802783895,0.5133625904249453,0.0410811715472161
0.44282041709603276,0.518858968851362,0.03832061405260542
0.2749305687019588,0.24471273942723398,0.4803566918708069
0.3875085645252419,0.5710112073748806,0.04148022809987729
0.5087646116890756,0.4431968997195552,0.048038488591369256
0.6163993932965043,0.33877559777934446,0.044825008924151255
0.5168261422716995,0.44200357052432954,0.04117028720397076
0.5027167632544578,0.4530691876726582,0.04421404907288407
0.4900834301438326,0.4672402914914084,0.042676278364759096
0.41886713875445275,0.5318472192211431,0.049285642024404115
0.4571359714696145,0.5021296872500864,0.04073434128029915
0.4557648349835895,0.5040744957049073,0.040160669311503104
0.5187181023592896,0.43103228239041513,0.050249615250295164
0.4552698647011682,0.5033947002350478,0.04133543506378408
0.4495075819143705,0.49775804768916554,0.05273437039646407
0.5105608011356573,0.45166270851789914,0.0377764903464434
0.49108210887825565,0.472020818628259,0.03689707249348514
0.4479508104997397,0.5124624826891382,0.03958670681112202
0.4494457515670941,0.5061225327891771,0.04443171564372889
0.4643440341733984,0.49710988406112244,0.03854608176547921
0.44186237557660635,0.5103557029205179,0.04778192150287559
0.40228438756576823,0.5666605669148349,0.031055045519397015
0.4473706283028714,0.5142641093106762,0.03836526238645248
0.48228605452259116,0.47612731635989586,0.04158662911751303
0.4621449569630804,0.5022920827979718,0.035562960238947776
0.4609028900059981,0.4913839566000025,0.04771315339399929
0.42370041212849974,0.5297315639132227,0.046568023958277666
0.4035650683424934,0.5559410514732569,0.04049388018424958
0.48803621038578376,0.47409584536660965,0.03786794424760641
0.4521443932167474,0.5057553125387164,0.042100294244536214
0.43219568762260335,0.5313489945667359,0.03645531781066096
0.41642567365586625,0.5391943240047128,0.0443800023394211
0.41666472913050134,0.5361453164206524,0.047189954448846376
0.4326334497078902,0.5275165606154951,0.039849989676614565
0.3827907199913336,0.5785388999920273,0.03867038001663904
0.4152348899581577,0.5417757082221372,0.04298940181970512
0.4469542762375949,0.5166592015576235,0.036386522204781634
0.4830356507797581,0.47827640022190454,0.03868794899833737
0.4047387970218456,0.5499103460725203,0.04535085690563415
0.4526745293230206,0.5018542327956872,0.04547123788129214
0.4608160975789716,0.49417061398402534,0.04501328843700304
0.4321224844488821,0.5274870846876811,0.040390430863436744
0.5240724451441559,0.4336451282651934,0.04228242659065062
0.492225352439465,0.46621355294233907,0.04156109461819585
0.4683009142259336,0.4864810383987082,0.04521804737535812
0.44959983935997205,0.5010344609434506,0.04936569969657728
0.40522303007238547,0.5548319745397827,0.03994499538783159
0.46786331720745555,0.48343120932106565,0.04870547347147891
0.48683397695020797,0.47279588980336124,0.04037013324643069
0.5203623473744707,0.4403730548778552,0.03926459774767383
0.8236212102274075,0.13605868465334034,0.040320105119252
0.5188773730392584,0.4413619230340199,0.0397607039267217
0.4004796320871245,0.5534266002082477,0.04609376770462765
0.48241314445648414,0.47461222787303736,0.04297462767047859
0.4869560802993734,0.46691739090932,0.04612652879130652
0.518256599645254,0.44234243728285416,0.0394009630718918
0.47185095401792954,0.48778425607217096,0.0403647899098994
0.48125173277306443,0.4773460971472034,0.041402170079732306
0.45410872337594654,0.5077981856572291,0.03809309096682429
0.6308323941205023,0.3223836260810924,0.046783979798405324
0.5476629837641814,0.40238490886650746,0.04995210736931106
0.4800956878665628,0.4776383029627927,0.04226600917064443
0.442165233396851,0.5201211942446841,0.03771357235846505
0.48515575184229154,0.4681413431421632,0.046702905015545255
0.4302382960360304,0.5297686209083508,0.039993083055618786
0.5794969143897145,0.37503719408576824,0.045465891524517486
0.5291177555501921,0.42995409332581447,0.04092815112399343
0.4528625053791121,0.5049922409579068,0.04214525366298104
0.48878010027010643,0.46630887466451626,0.044911025065377516
0.37141962586618377,0.5837505541171265,0.044829820016689795
0.5492063978205672,0.41127882757370465,0.0395147746057278
0.34568646323770774,0.6161883653845799,0.03812517137771231
0.5028722778404738,0.4526178628597003,0.044509859299825885
0.454201989085143,0.4997021033687412,0.046095907546115714
0.4980613844558733,0.45708896782763053,0.0448496477164963
0.44998316415763395,0.507849828423042,0.042167007419324
0.42104772369171417,0.5424505580165837,0.03650171829170211
0.43138982296068595,0.5283536683541743,0.04025650868513984
0.47343870997178433,0.48380140987633424,0.04275988015188137
0.438383673358505,0.5154350915745289,0.04618123506696616
0.4791991430024404,0.47950079672771173,0.041300060269847796
0.47816554436930253,0.48957990780179456,0.032254547828902906
0.4151021769383025,0.544342213427197,0.04055560963450059
0.4587714547590008,0.49534621090057174,0.04588233434042741
0.44072033888021245,0.5125814864143138,0.04669817470547377
0.4920794994650006,0.4584302442331748,0.049490256301824465
0.43098067272034524,0.5300136839013264,0.03900564337832821
0.4111680756270715,0.5489157070633358,0.039916217309592696
0.3679001098776573,0.5891378075157736,0.04296208260656919
0.4612673030156601,0.4987150658126245,0.040017631171715536
0.509517285251342,0.45249145425452825,0.037991260494129646
0.4709196380940832,0.4807338165226359,0.04834654538328088
0.47225394182975483,0.4805938619127763,0.047152196257468866
0.9184623212287923,0.04647864586880923,0.035059032902398396
0.41444186363414387,0.5366738734816129,0.048884262884243426
0.4502257764260378,0.5158269247927939,0.033947298781168235
0.46526876356742136,0.49621110069256247,0.03852013574001608
0.43730623163271803,0.5188925062738426,0.04380126209343948
0.4523230429091523,0.5035344001009605,0.04414255698988732
0.40268355460461536,0.5567724145768471,0.04054403081853779
0.478270118862549,0.4829047958532929,0.03882508528415814
0.4763301552769712,0.48435764049335017,0.039312204229678564
0.4990384452128212,0.4503294898371641,0.05063206495001475
0.4258730116646818,0.5234290117914322,0.050697976543885914
0.438590315406402,0.5144526026536548,0.046957081939943086
0.4122802764166482,0.5477875882629368,0.03993213532041516
0.4730367632524961,0.4847582586045428,0.042204978142961085
0.4560169243013701,0.5041058994738465,0.03987717622478336
