0,1,2
0.424069982082792,0.5400290266969159,0.03590099122029208
0.4824115772759751,0.47386671400237457,0.04372170872165025
0.46593312137851367,0.4915625376921404,0.04250434092934579
0.4531156943864565,0.5103269921661745,0.03655731344736938
0.4937450630232095,0.46904146084269327,0.037213476134097215
0.4537519601260182,0.5013716212024002,0.04487641867158167
0.6289275407915652,0.3309422790982179,0.040130180110216906
0.518015911465168,0.4393357300805219,0.04264835845430994
0.6207303471583956,0.34420878434166313,0.035060868499941354
0.4861300199048583,0.47603920103925285,0.03783077905588907
0.43633214115558966,0.524854051367218,0.03881380747719227
0.46185209980021896,0.49425797495615625,0.04388992524362492
0.44284950707652404,0.5134811525632621,0.043669340360213846
0.4533070711416819,0.5086323320030116,0.03806059685530652
0.4709092817667497,0.4889020590950678,0.040188659138182724
0.37961737116915845,0.5948755300519634,0.025507098778877885
0.44738065319712395,0.5130033406850161,0.03961600611786006
0.588710905510851,0.36724801785369615,0.04404107663545251
0.43209827949178037,0.5263200507602642,0.04158166974795521
0.4844598563542208,0.47190197904485925,0.04363816460092007
0.4840972507253458,0.4792335418547238,0.03666920741993022
0.4473934126680995,0.5145946676420956,0.03801191968980478
0.5366001839526926,0.4200826999340341,0.043317116113273414
0.44417711361920104,0.5135641122695134,0.042258774111285625
0.46375542024461586,0.4957687619737586,0.04047581778162538
0.5509787442127502,0.4040240565300901,0.044997199257159316
0.7131515215249599,0.26236163490388154,0.02448684357115873
0.5631996508342859,0.39669219357131213,0.04010815559440181
0.39471804614793454,0.5771835491241162,0.028098404727949267
0.5363962371338737,0.4191510178586317,0.04445274500749457
0.4763643631454243,0.4872117925456567,0.03642384430891886
0.40303113204858265,0.5608491835438489,0.03611968440756828
0.45770471154074377,0.49890177936166846,0.04339350909758773
0.4503066015734635,0.5112371447335959,0.03845625369294068
0.37961251692099157,0.580044309857663,0.04034317322134566
0.4555535821416648,0.5036257597133665,0.040820658144968644
0.41641747106550253,0.5414193040813378,0.04216322485315965
0.4682152152802129,0.48746641083818276,0.04431837388160428
0.4342957238183403,0.5233379606909828,0.04236631549067684
0.4609897725777303,0.5019359325089359,0.037074294913333736
0.4512409266452577,0.5039134895584632,0.044845583796279065
0.4170677347034175,0.5458965780225153,0.03703568727406715
0.4144697799737497,0.5507323470301067,0.03479787299614361
0.4706277604401028,0.4855123340317941,0.04385990552810321
0.46883210767915384,0.4925110942105901,0.0386567981102561
0.4622833746491296,0.4954093411166629,0.04230728423420748
0.4115963400194197,0.552534462177996,0.03586919780258405
0.49493097965743693,0.4658724188007008,0.03919660154186213
0.4658314686350878,0.4903660420837593,0.04380248928115286
0.44079857728453176,0.519755579146223,0.03944584356924524
0.43492304990781394,0.5282828249672893,0.03679412512489692
0.5363869117464128,0.4207603908712749,0.04285269738231236
0.47701957845817317,0.4844421002153892,0.03853832132643773
0.47230916022138253,0.4932958560577943,0.03439498372082305
0.5238314199716144,0.4358651930680921,0.0403033869602934
0.4635659256281466,0.4999993567509348,0.03643471762091849
0.406491988767896,0.5592551895889158,0.03425282164318814
0.45318133638220676,0.504767248713844,0.042051414903949175
0.5209370684348809,0.4350209068661585,0.04404202469896066
0.4361169303761913,0.5297775114273473,0.03410555819646147
0.48440022797608784,0.47247584958918526,0.04312392243472695
0.4682753160587368,0.49330916083429904,0.03841552310696443
0.43519267348358115,0.5327951778574725,0.03201214865894619
0.40036416312730083,0.557363271793183,0.04227256507951616
0.234565403401165,0.7326183466104185,0.03281624998841655
0.44634081840360934,0.5204304222885175,0.033228759307873036
0.3994435094752021,0.5649264581224174,0.03563003240238051
0.4249483398137067,0.5395151388703361,0.03553652131595723
0.5292299539842776,0.4272540662337291,0.043515979781993355
0.43700946719622397,0.5273007762978436,0.03568975650593264
0.48422331317446704,0.47328111315226723,0.042495573673265695
0.4039389035518032,0.5603952360868224,0.03566586036137432
0.45556746251422187,0.5057515172511475,0.03868102023463063
0.4336937309935385,0.5242313843400057,0.042074884666455724
0.41455127296724925,0.549041375989248,0.036407351043502865
0.45683164132025367,0.5054894258245439,0.03767893285520235
0.3792612474871037,0.5813145917744019,0.039424160738494474
0.45123195240584596,0.5121697818627143,0.036598265731439705
0.4668252353899259,0.4935183504416445,0.03965641416842957
0.4504391857322929,0.5124900825236728,0.037070731744034205
0.4363990603300165,0.5210663801885065,0.04253455948147708
0.4565455975576376,0.5034108377064376,0.04004356473592458
0.48981305783710916,0.4709651617956132,0.03922178036727777
0.4274653304004459,0.5295766808394445,0.04295798876010954
0.4615853362349065,0.49623944145578136,0.04217522230931223
0.45819152388244344,0.4996261641085594,0.04218231200899724
0.45760753827366807,0.5046757039946813,0.03771675773165039
0.3759948762499634,0.5847344278616327,0.03927069588840389
0.5473419333301022,0.41230301478805126,0.04035505188184636
0.4725035945913425,0.4837503174609109,0.0437460879477466
0.5166043978593552,0.44538245589413167,0.038013146246513106
0.4628660486183169,0.49805608811022517,0.03907786327145806
0.4465987035188197,0.5190830177097507,0.0343182787714298
0.4874267330341534,0.4685967924675893,0.04397647449825728
0.6307251163187705,0.33506485255657115,0.03421003112465813
0.4115285564983009,0.5607323055486281,0.027739137953070897
0.5321498880474762,0.424580395046861,0.04326971690566265
0.42868594117585207,0.5331997470417167,0.038114311782431035
0.45969740358301786,0.5030041557981383,0.03729844061884404
0.3974408031824966,0.5674342004175863,0.035124996399917105
0.46923616747073893,0.49091887612834484,0.039844956400916065
0.6503386587953831,0.30473105711410065,0.04493028409051638
0.6114734291944831,0.34461505243664203,0.04391151836887494
0.43603831063021015,0.5264769147805191,0.03748477458927073
0.49694196557591375,0.4617669838987013,0.041291050525385085
0.5090891450530752,0.4470305269156707,0.043880328031254225
0.35575973617805906,0.6026634281528794,0.041576835669061556
0.4513401595379531,0.5142624409717059,0.034397399490341075
0.39463749049803715,0.563139393645377,0.04222311585658592
0.4424395566322728,0.5216215536039468,0.03593888976378059
0.44936184751372144,0.5158546733998535,0.034783479086425026
0.7619772721849907,0.20154796125443547,0.03647476656057401
0.43586996832292235,0.5241034912119737,0.040026540465103976
0.5492233551049153,0.4073512419551458,0.0434254029399388
0.47289229236074437,0.4870559288081351,0.04005177883112078
0.44219444678125913,0.522396121335437,0.03540943188330418
0.4424216762853159,0.515697916889016,0.04188040682566828
0.4524373680624522,0.5042085427326229,0.04335408920492506
0.3750381297548146,0.5876572369145858,0.03730463333059957
0.5084863417715417,0.45759951797712684,0.03391414025133141
0.47549701478861445,0.48398517897659066,0.04051780623479497
0.41650253141664284,0.5408358060663133,0.04266166251704397
0.4995275361793358,0.4635352347506624,0.036937229070001666
0.42002531056455444,0.5423233331841463,0.03765135625129943
0.4483748416733684,0.5137579243118047,0.03786723401482699
0.4112588880693523,0.5503024684988121,0.03843864343183565
0.4166002726420727,0.5444511027069473,0.03894862465098008
0.4493310780835762,0.5120242102446527,0.03864471167177129
0.43055319444869816,0.5311661768046995,0.03828062874660225
0.43828916910385873,0.5267708252999471,0.03494000559619397
0.46785021293970713,0.49177069230971737,0.040379094750575314
0.5861855658951381,0.37991340895606357,0.033901025148798516
0.43600542269268,0.5278470101657703,0.036147567141549694
0.5574691937800393,0.40020016646307194,0.04233063975688857
0.4463149851864433,0.5163188654878033,0.03736614932575367
0.4235502818696734,0.5376359677835594,0.038813750346767234
0.45729246167859505,0.5027818257665211,0.039925712554883606
0.42425607774188145,0.5381392368055259,0.03760468545259291
0.44341091367889746,0.5208677314224162,0.035721354898686455
0.47632785429790553,0.48318531700629735,0.04048682869579702
0.4179516954106454,0.5427112455527687,0.03933705903658595
0.46909577161187366,0.4923264144686098,0.03857781391951646
0.44698857467058317,0.5112780962784216,0.04173332905099515
0.4733192180590211,0.4848825322505262,0.0417982496904525
0.3935345772195827,0.570703462711299,0.03576196006911821
0.46819149740880744,0.48838585997651124,0.04342264261468107
0.49689750561995344,0.4646078126829112,0.038494681697135345
0.45297080230598324,0.5080790957299544,0.03895010196406221
0.44028394114209846,0.5177530466332385,0.04196301222466318
0.4620416032433619,0.4975150097095219,0.040443387047116176
0.3938598731005957,0.5689027993980919,0.037237327501312555
0.4734881416891401,0.48221507178863465,0.044296786522225316
0.4656153489283607,0.4938622314472198,0.040522419624419465
0.41156102127444155,0.5519310135617871,0.03650796516377133
0.4558082924880985,0.5056572908967425,0.03853441661515884
0.4080935467669977,0.5554533867045444,0.036453066528457756
0.3271882895629893,0.6325203310762878,0.04029137936072272
0.4703133663011317,0.48674481146878545,0.04294182223008298
0.4516230584726796,0.5053601609487652,0.043016780578554945
0.46395013016360326,0.49365909143947295,0.042390778396923706
0.45122021119604117,0.505187917692338,0.04359187111162087
0.50450741421846,0.45551700723542077,0.03997557854611905
0.646703876805756,0.3166363751732509,0.03665974802099315
0.48570777024612577,0.47043012075149826,0.04386210900237626
0.45314898575525153,0.5066191298390252,0.040231884405723256
0.3495686558179664,0.6143366473783005,0.03609469680373298
0.46646343880411334,0.49066857360968924,0.04286798758619728
0.4431368402661101,0.5120096579695841,0.04485350176430595
0.3909078336951364,0.5728207232196582,0.0362714430852057
0.5094197052294569,0.44725578232853647,0.043324512442006614
0.4594801752619492,0.49661962549287625,0.04390019924517445
0.4135210845012439,0.5493426158023913,0.037136299696364755
0.446062635733913,0.5153222325580323,0.0386151317080546
0.4588004652152096,0.49920597478082795,0.04199356000396255
0.4716402663423292,0.48690368910580367,0.04145604455186691
0.5068243592948075,0.4515657857411803,0.04160985496401218
0.47621941500470083,0.48308335396281865,0.040697231032480484
0.45101440829443795,0.5066396222284196,0.04234596947714213
0.48362367808854906,0.47261212501971644,0.043764196891734164
0.41660494792779074,0.5470855617622048,0.03630949031000447
0.5045637849547903,0.4525257965150121,0.04291041853019761
0.4994883385954453,0.46493290068385346,0.03557876072070137
0.5122662303727111,0.452407476232619,0.03532629339466982
0.4626200373436946,0.4986186228090378,0.03876133984726751
0.5231462248495604,0.44312712589424674,0.03372664925619286
0.5197502179172955,0.4442352480935583,0.0360145339891463
0.44917753577269615,0.5116263061447435,0.03919615808256033
0.39830502055500994,0.5646405821172036,0.037054397327786356
0.42173830807990503,0.5436618007354787,0.03459989118461606
0.42671294237799867,0.5333086001839507,0.0399784574380507
0.5140368368573976,0.4480973593253742,0.0378658038172281
0.5413179515531407,0.42378812692313017,0.03489392152372913
0.4787526188113303,0.48243817475060585,0.038809206438063786
0.45283579495007104,0.5111338550146614,0.03603035003526771
0.15849968205448958,0.8406348356559143,0.0008654822895960523
0.46256859449064447,0.4980791059853389,0.03935229952401672
0.4810090479830708,0.4783956803778904,0.04059527163903888
0.4210993382028683,0.5461984625810856,0.03270219921604616
0.42920240896039524,0.5284248818527023,0.04237270918690245
0.4584373969218654,0.5002576576660108,0.04130494541212358
0.4519707274496585,0.5125233056087959,0.03550596694154539
0.49130853052579443,0.46963731638635603,0.039054153087849326
0.48608197221490484,0.47024138677947375,0.0436766410056217
0.5075788555155633,0.4492059751973192,0.04321516928711784
0.4606907697166976,0.5012416525598202,0.03806757772348228
0.441905980780222,0.5150417283718192,0.043052290847958995
0.445365806588146,0.5143983157650048,0.04023587764684904
0.46514637990519375,0.4966941008168536,0.03815951927795257
0.4892031083849061,0.47001421656501646,0.04078267505007735
0.4448668108049904,0.5138292017658778,0.041303987429131855
0.47182220390001484,0.4859307021914158,0.042247093908569185
0.4010517455952246,0.5644892503380253,0.034459004066750065
0.4703783651051036,0.48882166952625605,0.04079996536864055
0.49762507872245904,0.4579688615985556,0.04440605967898536
0.45131981886441425,0.5047021452269357,0.04397803590865004
0.4439520494767075,0.5205746964939223,0.03547325402937018
0.5546939942672017,0.4138737722809134,0.03143223345188502
0.43732471097037606,0.5210703970125967,0.04160489201702721
0.4268190055036881,0.5369592131300903,0.036221781366221555
0.5422982770243601,0.413359911359318,0.04434181161632198
0.49469751208954127,0.4625315689962147,0.04277091891424411
0.3895832616094634,0.5757429824122127,0.034673755978323735
0.4990854204301561,0.4593292714391409,0.04158530813070323
0.4755071738219147,0.48808169480043057,0.03641113137765471
0.49227858212632253,0.46517138977128153,0.042550028102395984
0.5220395849724812,0.4369667556325134,0.040993659395005565
0.3812685815329369,0.5773280358315462,0.041403382635516836
0.4025395203069585,0.5604826494949608,0.036977830198080604
0.4195057612878999,0.5495493821937579,0.030944856518341963
0.46553363041140045,0.4983178222101513,0.03614854737844828
0.4634500158830388,0.5011969837979179,0.035353000319043225
0.425999959615402,0.5385599981238615,0.03544004226073632
0.46349450246354856,0.49610506233856433,0.040400435197887295
0.4826523278800873,0.4801269592338885,0.037220712886024236
0.36072385470150103,0.6055119382676538,0.03376420703084528
0.5071268698462541,0.4575230688037795,0.03535006134996617
0.4088844336263194,0.5516579427360617,0.03945762363761919
0.47171888868344236,0.48813455440459114,0.04014655691196658
0.46153625980061497,0.49862243348423385,0.03984130671515095
0.5444599199559619,0.41544741904890997,0.040092660995128045
0.46069474631097734,0.4970260416138032,0.04227921207521951
0.45715958438678495,0.49945352415272004,0.0433868914604948
0.4052785655962554,0.5555722256394982,0.03914920876424636
0.5251455005794015,0.43499589172195574,0.03985860769864308
0.40614388085375736,0.5525817709687856,0.04127434817745714
0.4221495837095287,0.5443085383543022,0.03354187793616922
0.48821268639272997,0.4681902178152007,0.04359709579206936
0.41232476645901867,0.5521618308301209,0.035513402710860204
0.4046490096077663,0.5575695392364908,0.03778145115574281
0.4484928544008062,0.5121634945058408,0.03934365109335294
0.3901104502052286,0.5740467090632757,0.03584284073149578
0.4453005882604185,0.5180559565214526,0.03664345521812887
0.44949546715045907,0.5121517822843304,0.03835275056521046
0.49307210982993266,0.46976358090317255,0.0371643092668948
0.4746702527495362,0.48698990966123695,0.038339837589226794
0.34639832060139747,0.6136805571748369,0.03992112222376583
0.42979180834359604,0.5298990830238105,0.04030910863259362
0.46131643995337357,0.4961306392301735,0.042552920816452636
0.39575970926128373,0.5705367538783958,0.03370353686032075
0.43563647959782303,0.5211507351300445,0.04321278527213228
0.4269313186152106,0.535945557419532,0.03712312396525751
0.40997200883943513,0.5460493270395959,0.04397866412096916
0.43481628631268415,0.5329400258170968,0.032243687870219064
0.38515176865192385,0.5785728531943917,0.03627537815368444
0.4285299886256779,0.5337922237646939,0.03767778760962793
0.44617834703663783,0.5103484507298645,0.04347320223349785
0.547317841384124,0.41098300326748466,0.041699155348391415
0.43577781578843944,0.5274447926988759,0.03677739151268467
0.450823774987964,0.5101372266556072,0.0390389983564287
0.5016784664197095,0.45595846334126994,0.04236307023902044
0.4441339462160093,0.5209222682102436,0.03494378557374739
0.4901733353610569,0.4670991705059973,0.042727494132946
0.4713789940912111,0.48506374147620673,0.04355726443258205
0.4141666176217736,0.5454106374030181,0.04042274497520832
0.500728740296037,0.45898185880852643,0.04028940089543673
0.4906882176574243,0.4663001770051276,0.043011605337447884
0.4271058952317149,0.533920928021311,0.038973176746973995
0.5451081147468397,0.41501820296194286,0.03987368229121729
0.44465432645529485,0.5159958376776735,0.03934983586703143
0.5559172924516975,0.4135317702586769,0.030550937289625414
0.4772926128284719,0.4805797108251582,0.04212767634636992
0.5059089552289507,0.45650114620575427,0.037589898565294995
0.4299387820956573,0.5284448923371567,0.041616325567186044
0.47147598852850664,0.4907187987107109,0.037805212760782296
0.38961348366756293,0.5692758991801685,0.04111061715226854
0.46861360421516385,0.4893317438733469,0.042054651911489244
0.4331561492569171,0.5243608501863256,0.04248300055675722
0.4779548032332702,0.479239289034423,0.04280590773230703
0.4647337114516266,0.4907723109108568,0.04449397763751654
0.481300094556578,0.47868994507897433,0.04000996036444746
0.40421233022275344,0.5527166726722997,0.043070997104947016
0.4667680522071558,0.49494862688544977,0.038283320907394516
0.4119621848479552,0.5526532331723335,0.03538458197971133
0.38324318127562823,0.5921959099411256,0.024560908783246172
0.4187425470281835,0.546331954212537,0.03492549875927954
0.575119761041248,0.381697349120804,0.043182889837948005
0.4259791216770783,0.5353164640307387,0.03870441429218318
0.47426826847282655,0.4857653220039792,0.039966409523194225
0.44730604664404977,0.5158322744265007,0.036861678929449616
0.4400457398833789,0.523794016429605,0.03616024368701619
0.45671580685664415,0.5013452177475951,0.041938975395760636
0.4564108110714889,0.49953529665224433,0.04405389227626681
0.43349462961941687,0.5245081104598378,0.041997259920745246
0.4993624882621393,0.46125503767342985,0.03938247406443079
0.3898980213538367,0.5711472276540781,0.03895475099208513
0.39561110414623357,0.5672374333881961,0.03715146246557029
0.45171581756925955,0.5039043992730938,0.04437978315764682
0.4139349624396544,0.5426794451442027,0.043385592416143016
0.4430229369888574,0.5197887478832237,0.03718831512791868
0.42185341935668685,0.5412447547165052,0.03690182592680789
0.46014314070762974,0.49869226134867856,0.04116459794369201
0.42162950515862857,0.5401778586963016,0.03819263614507003
0.4432145409303659,0.5195741038915705,0.03721135517806367
0.4591374881115204,0.5034628771804495,0.03739963470802999
0.4640073578697562,0.493424720068717,0.04256792206152684
0.5030228425318019,0.4567994259837006,0.04017773148449747
0.4721251811314061,0.48659227908730657,0.041282539781287285
0.4499381095913057,0.5069617746123154,0.043100115796378645
0.44656081065657177,0.5160045588201685,0.03743463052325981
0.3963742500987177,0.5649761990199514,0.03864955088133086
0.4083514935795754,0.5534870696713443,0.038161436749080284
0.42105076773900796,0.5524378196393137,0.026511412621678294
0.464961110210652,0.4989985433717414,0.036040346417606735
0.5223551265517442,0.4456748968036338,0.03196997664462231
0.48877883765143937,0.469756880134663,0.0414642822138975
0.5151302999055918,0.44126789912754183,0.04360180096686649
0.42035774046513,0.5373746183915631,0.042267641143306986
0.469974673873497,0.4931716622115082,0.03685366391499507
0.4444427275783576,0.5188904209735827,0.03666685144805972
0.40375158140847917,0.5634275564991111,0.032820862092409336
0.4475067315819325,0.5152963260254599,0.03719694239260733
0.5268658543960777,0.43653309223403086,0.03660105336989135
0.45653174237488997,0.5088592932165594,0.03460896440855083
0.4214017866849885,0.5388309881107176,0.03976722520429412
0.41890325030977843,0.5410792464418307,0.04001750324839076
0.4607529510060639,0.49560166701131747,0.043645381982618504
0.43156252124257005,0.5291105892424527,0.039326889514977155
0.5197755050854264,0.43872181879584,0.041502676118733484
0.5028758113755869,0.4598370710284702,0.03728711759594328
0.4131738121686376,0.5507190954056421,0.0361070924257204
0.41569863818388714,0.5450804147621231,0.039220947053989895
0.45367720784978915,0.5019186400008612,0.04440415214934951
0.4083734228519017,0.5535087592753162,0.03811781787278221
0.45632488481434136,0.500343658541379,0.04333145664427979
0.41550966572920217,0.546427812746484,0.03806252152431412
0.44590442234781,0.5120469301658036,0.042048647486386155
0.44930560172761036,0.5101613634371434,0.04053303483524637
0.41614462263687585,0.5447624542746619,0.03909292308846195
0.48652992274526813,0.47234644179986046,0.04112363545487149
0.41970251158486366,0.545547039654954,0.0347504487601826
0.2085698826381393,0.7698630559111113,0.021567061450749502
0.4361424441449221,0.525794157015328,0.0380633988397499
0.420140231352033,0.5435859525829586,0.036273816065008326
0.42543610127924897,0.5380650712664322,0.03649882745431889
0.5847240266074974,0.37451024318055426,0.040765730211948285
0.34879451565143216,0.612456584550545,0.038748899798022984
0.46711667586702743,0.4899494171117013,0.04293390702127119
0.45106426625503165,0.5092709380973046,0.03966479564766353
0.38661631276521585,0.5772476919781186,0.03613599525666565
0.4984859060802945,0.45785869383054445,0.043655400089160905
0.45324161022062365,0.5096860114681062,0.037072378311270034
0.4732583796886899,0.4853513691376908,0.04139025117361949
0.4612988829726389,0.50432259705683,0.03437851997053105
0.4551826917054138,0.5012148526888177,0.043602455605768496
0.39364381696301526,0.572834649092405,0.03352153394457985
0.4221463513101135,0.5387025849927242,0.03915106369716248
0.48239515996329807,0.47450584745175806,0.0430989925849436
0.5265195478812742,0.4296580960788149,0.043822356039910755
0.4368935517760283,0.5246434332262099,0.038463014997761814
0.4455975861351435,0.5195024033325865,0.034900010532269946
0.4800208641535811,0.48801762395843995,0.03196151188797898
0.42803134240712837,0.5344797708316543,0.037488886761217595
0.45430450570650516,0.5032711253908959,0.04242436890259892
0.38408326843423424,0.573773206745236,0.04214352482053004
0.4224136256049901,0.5424692657038627,0.035117108691147376
0.4512777839275578,0.50479525111123,0.043926964961212296
0.44463182051871186,0.5162218376220411,0.03914634185924705
0.5567362978680706,0.40653802447370735,0.03672567765822221
0.4761289030379864,0.4826958853551359,0.04117521160687751
0.46796521223587373,0.49431174694564917,0.03772304081847693
0.41724992874630734,0.5431915086990035,0.03955856255468936
0.5566958200877746,0.40693752855595966,0.03636665135626571
0.45305671526763613,0.5193228487718503,0.027620435960513702
0.4454236082705182,0.5141155730833038,0.04046081864617793
0.42802572532986755,0.5339549956160589,0.038019279054073325
0.4594506587490574,0.49642381671276387,0.04412552453817871
0.4155824465014229,0.5455606650192453,0.038856888479332
0.4397565452455743,0.5235224061977292,0.036721048556696285
0.2602333510903207,0.7053988252209946,0.034367823688684566
0.45240126960459104,0.5059368890134444,0.04166184138196468
0.4275529322471815,0.5387224878336171,0.03372457991920145
0.43624123326386416,0.5282287960711537,0.03552997066498202
0.45176760205796274,0.5089990060337904,0.03923339190824686
0.4741979874386536,0.4863965302284652,0.039405482332881256
0.43289432299027886,0.5275446171627616,0.03956105984695939
0.5264327995762704,0.429998249943467,0.043568950480262346
0.4665784695960131,0.49300585197398517,0.0404156784300017
0.4911326826012548,0.46927079866602706,0.03959651873271799
0.3663154393720841,0.5958233673141718,0.03786119331374419
0.4437282284311845,0.5188410041067493,0.037430767462066174
0.5522204244107854,0.4149597706041953,0.03281980498501911
0.4547935932080954,0.5013064284928194,0.0438999782990852
0.47268578180073406,0.48401150390515346,0.04330271429411254
0.48338499996406703,0.47472288408746205,0.041892115948470914
0.5005139321788775,0.45508364320091355,0.044402424620208894
0.42131545228901124,0.5361335925926847,0.04255095511830412
0.4870359116452387,0.47697012198223177,0.03599396637252946
0.485026267400176,0.47069493063043777,0.044278801969386127
0.4429824485827728,0.5146900266414963,0.042327524775730895
0.5480553263008007,0.40995884677086164,0.041985826928337494
0.706062634605098,0.25116021219042967,0.0427771532044725
0.3478152620804125,0.6204854620715291,0.03169927584805805
0.7423556255988176,0.214975991428319,0.042668382972863114
0.46387769824877156,0.49277972994100366,0.04334257181022461
0.44550818736313347,0.5130952743419924,0.04139653829487416
0.49461074084801254,0.4678814344303956,0.03750782472159209
0.5339309471281656,0.4231980192152888,0.042871033656545446
0.4555421814805588,0.5063754503305922,0.038082368188849296
0.3947070808383161,0.5697130383433895,0.03557988081829435
0.44318170005166846,0.5184448875380266,0.03837341241030491
0.4277307781472963,0.5364688138088292,0.035800408043874785
0.49115410122151704,0.46524181652251595,0.04360408225596706
0.45676496903136377,0.49896794298460584,0.044267087984030305
0.4905514141539234,0.47217285504553014,0.03727573080054624
0.4891676968375178,0.4720036132481641,0.038828689914317975
0.4833510839383522,0.4769525817462838,0.0396963343153638
0.466881313221155,0.49422555703317844,0.03889312974566661
0.33490181073720565,0.6252863208279124,0.03981186843488192
0.39466393673687894,0.5659828109988261,0.03935325226429528
0.47022824375898975,0.4894513789111629,0.04032037732984746
0.4374663377757959,0.526641467940528,0.0358921942836759
0.4490555949443641,0.509263365731412,0.04168103932422373
0.45113365217044005,0.5155083037480293,0.03335804408153063
0.5017814511362129,0.45639278533263056,0.04182576353115655
0.3690250248969857,0.5944284244227622,0.03654655068025226
0.4172913408082943,0.5459536087197446,0.036755050471961086
0.5193243094277232,0.43966076512542385,0.04101492544685264
0.43263469877158744,0.5328913792549859,0.03447392197342647
0.4417013389114387,0.5149783652631,0.04332029582546142
0.4188911147585585,0.5446129774750216,0.03649590776641974
0.44078651637009886,0.5241606915720843,0.035052792057816876
0.4220899353416538,0.5356041469263675,0.04230591773197892
0.5305564296748789,0.42603235663817557,0.04341121368694524
0.4609005491850912,0.49911227727000423,0.03998717354490466
0.4642392698652236,0.4967680103417481,0.03899271979302824
0.43780875672049796,0.5218944645439626,0.04029677873553933
0.4437421759835787,0.5162055424263754,0.04005228159004596
0.4525373005249771,0.5054692723311027,0.04199342714392019
0.43935466775820525,0.5186263415998932,0.04201899064190157
0.5213016826613525,0.4384503283396285,0.04024798899901907
0.47081708039608433,0.49464808930319354,0.034534830300722096
0.43235124333067165,0.5317156994826598,0.03593305718666862
0.44769423106462336,0.5117831383046004,0.040522630630776386
0.4477934928628316,0.5097498481832216,0.04245665895394692
0.42058274034633336,0.5440710954255968,0.03534616422806977
0.40464098106910923,0.55494075085955,0.04041826807134077
0.42781516573475076,0.5378923531542376,0.03429248111101168
0.38462847611133205,0.5812838381531074,0.03408768573556062
0.45018613665287466,0.5108279429833454,0.0389859203637801
0.4671823185836455,0.4932833679599855,0.03953431345636911
0.8317821794055972,0.12974121412993783,0.03847660646446511
0.4582123322013699,0.4970442856064831,0.04474338219214703
0.44331710369210064,0.5139227521716662,0.042760144136233316
0.49571465699929956,0.4626602025683505,0.041625140432349904
0.47794973608919183,0.4804741708949503,0.041576093015858004
0.46834012780404277,0.49395805870026777,0.037701813495689546
0.46515180079814905,0.49403013762024545,0.0408180615816055
0.21405567514002044,0.7708293297535768,0.015114995106402771
0.46687401928185024,0.4981619377048546,0.03496404301329499
0.5319471368217923,0.43695490061244846,0.03109796256575916
0.4676497006862183,0.4882923600458095,0.044057939267972114
0.45964281600837426,0.5031460701561816,0.03721111383544412
0.44902846844729294,0.516831046286023,0.03414048526668399
0.5067056780628681,0.45308809499240993,0.04020622694472181
0.4859031135749743,0.469639892014692,0.04445699441033372
0.41254116156699655,0.5512533847040249,0.03620545372897862
0.45368886597398556,0.5067112861727782,0.039599847853236385
0.4111695677340604,0.5517195695841318,0.03711086268180743
0.4563807160106289,0.4985082337221194,0.045111050267251804
0.4660455721886972,0.49228866456568604,0.04166576324561645
0.4215268766949685,0.5413572228231726,0.037115900481858796
0.445900210523017,0.5129174540470963,0.041182335429886516
0.4586560403721544,0.4998634867839249,0.041480472843920764
0.4781441158243099,0.48684015122863317,0.03501573294705692
0.5428400643714832,0.41735315889683466,0.039806776731682134
0.4104269376913839,0.5464893506782098,0.043083711630406335
0.4559779802374768,0.5066667329662995,0.03735528679622357
0.46744948048274987,0.48898795090181657,0.04356256861543338
0.4560648459292687,0.4990609081343728,0.04487424593635854
0.5152641242705615,0.45123001072460367,0.03350586500483489
0.4660665588882632,0.4916760180945348,0.04225742301720222
0.42113428557890153,0.5369380808045491,0.041927633616549526
0.4342470100269586,0.5221833511460406,0.04356963882700048
0.49495450267049573,0.4654503598664311,0.03959513746307338
0.49339631594331496,0.4632465274074452,0.04335715664923956
0.4918318346090251,0.4660503242858758,0.04211784110509898
0.49785918091579395,0.46384589451627734,0.038294924567928615
0.44393763172317957,0.5169237117347592,0.03913865654206114
0.3766160879312538,0.5836575791083182,0.0397263329604281
0.4249769496285253,0.5405236960104411,0.03449935436103375
0.4629957991834838,0.49656702809321507,0.040437172723300926
0.4260657577527197,0.5369674159908205,0.03696682625645989
0.4103223640540992,0.5491989051734175,0.040478730772483436
0.45824369553673117,0.49751991991520617,0.044236384548062675
0.48333350680442966,0.4755980212311954,0.04106847196437506
0.4321408089714042,0.5275381448918002,0.04032104613679549
0.49628660848585593,0.4644579617317281,0.03925542978241595
0.43395240338172103,0.5234965323732913,0.04255106424498777
0.437014643315118,0.5384300453492074,0.024555311335674526
0.4240837805844079,0.5318940254575049,0.044022193958087076
0.46498681153264537,0.49241827479898315,0.04259491366837161
0.42892650577062735,0.5344872795859502,0.03658621464342235
0.4572635126025425,0.50596659028266,0.03676989711479762
0.44769168790720926,0.5135090764264569,0.038799235666333774
0.4674987123370758,0.4920212097766146,0.04048007788630988
0.418375782005382,0.5454807379673612,0.03614348002725678
0.45980249281640856,0.5002888136814723,0.039908693502119105
0.3995691263637623,0.5606980877106539,0.03973278592558386
0.45468206850261406,0.5089847713484554,0.036333160148930704
0.38534082146762866,0.5789864746417445,0.03567270389062677
0.44276723303646753,0.5191104263758707,0.03812234058766169
0.44523261972424993,0.516646879041273,0.038120501234477036
0.4268118065177706,0.5367407043080514,0.03644748917417786
0.435536315866244,0.5234441916761353,0.04101949245762084
0.45379498774321614,0.5066931287638619,0.039511883492921944
0.4251387017274166,0.5408777065614472,0.03398359171113594
0.4118982452978751,0.5522492727738372,0.03585248192828788
0.41547114627729254,0.5513155095987367,0.033213344123970895
0.43687362752099723,0.5211155598875706,0.04201081259143211
0.48173956211606994,0.48032246440530774,0.037937973478622045
0.4291245545114946,0.5299350493090679,0.040940396179437635
0.49141931017400853,0.464565149308403,0.04401554051758841
0.49182354030361913,0.4656618022005609,0.04251465749581979
0.4268715018783256,0.5376092447272742,0.03551925339439994
0.4671735729954569,0.49187312816782924,0.040953298836713836
0.49150175014172964,0.4695946021791002,0.038903647679170185
0.5206024914679318,0.4347172836479996,0.044680224884068837
0.47496033192883047,0.4897980633872202,0.035241604683949275
0.4455870075863474,0.5123991225189656,0.042013869894687264
0.47169293924179223,0.4881542818287984,0.040152778929409404
0.46217193366139525,0.49458926551286797,0.043238800825736536
0.5168106094076366,0.4491130980382446,0.034076292554118884
0.42476708156988807,0.5341750134141015,0.04105790501601022
0.4386534967195484,0.5253224764022159,0.03602402687823574
0.4210896805043327,0.5402821844348825,0.03862813506078464
0.4183480347200382,0.5379195579308016,0.043732407349160195
0.3899601223103454,0.5755063906920295,0.03453348699762493
0.44324912349220086,0.5177425298555899,0.039008346652209314
0.4601391833727656,0.4973233932072497,0.04253742341998467
0.4270340348872168,0.5309125967207259,0.04205336839205712
0.4827695475958375,0.47620036724334,0.041030085160822426
0.4470257577961405,0.517193926245253,0.03578031595860646
0.4763873799553386,0.48073663760090707,0.04287598244375445
0.397865153277566,0.5694698850412303,0.03266496168120376
0.45024199298995987,0.5100546897680688,0.03970331724197145
0.41741056231383555,0.5422208569693475,0.04036858071681686
0.4310831818229879,0.5356748860844103,0.033241932092601956
0.417419590544712,0.5460800513724237,0.036500358082864455
0.48331102127699077,0.4740562351644142,0.04263274355859497
0.46351146553443834,0.49714938392792074,0.039339150537640956
0.4743840669828496,0.4832494318602143,0.04236650115693619
0.5270162340706709,0.43259130993300254,0.04039245599632651
0.4555505485792595,0.5031722951549843,0.04127715626575643
0.4966526687115176,0.4605112588278517,0.0428360724606305
0.4508201091107083,0.507431774383826,0.04174811650546543
0.45293568215321467,0.5108159536957698,0.036248364151015657
0.4520444809035679,0.5120582467809949,0.03589727231543703
0.41582868072305723,0.5462965224231121,0.03787479685383061
0.38407208492330286,0.5781599302219785,0.0377679848547185
0.4087674410595204,0.5549658882668604,0.036266670673619286
0.48346119145543637,0.4798948815783324,0.03664392696623125
0.43275365320157955,0.5268505638716162,0.040395782926804145
0.4096008236977619,0.549370172690207,0.04102900361203095
0.445579326345372,0.5107934460315257,0.04362722762310247
0.4735586383641715,0.4961309802653826,0.030310381370445748
0.6474106517159733,0.3245884960285118,0.028000852255514918
0.4456914279136607,0.5188700575386805,0.03543851454765915
0.5472335964376007,0.4150166973322646,0.0377497062301347
0.5194959616984584,0.4364081558803198,0.04409588242122177
0.4485033997444434,0.5092491184749699,0.042247481780586946
0.4544171001714066,0.5161601929163222,0.029422706912271394
0.41721205705078573,0.5465569869268748,0.036230956022339486
0.4456843843904752,0.5185114940368136,0.035804121572711255
0.4341217845118292,0.5274387142169406,0.038439501271230435
0.46102032786386943,0.4950622787109676,0.0439173934251626
0.439837995612081,0.525253807579605,0.034908196808314085
0.5022590259368425,0.45605248794055536,0.04168848612260209
0.45363766481189444,0.5094840899587084,0.036878245229396936
0.44145726733889146,0.5223199697350202,0.03622276292608837
0.43875464636132466,0.518526271477548,0.04271908216112739
0.4485005798370617,0.5144055969915913,0.037093823171347046
0.32034134786907753,0.6491491012214463,0.030509550909476206
0.45897221309047054,0.5007645277337044,0.040263259175825156
0.43063022675391266,0.5319176618546787,0.03745211139140855
0.4326542414558954,0.5280583231273068,0.039287435416797745
0.41482969331859476,0.547963797454047,0.03720650922735841
0.3955700477963231,0.5661144428053733,0.03831550939830354
0.4931256672525249,0.46328641635893336,0.043587916388541426
0.4647354233707265,0.4989727031701689,0.03629187345910462
0.4282071826822607,0.5296073179765362,0.04218549934120292
0.3953887296721071,0.5634567015345762,0.04115456879331671
0.45292995630910743,0.5081277254489331,0.03894231824195937
0.4334967654353258,0.5304725014735576,0.036030733091116846
0.4386607274704032,0.5192066159282711,0.0421326566013257
0.47972929433659256,0.48644693486468116,0.03382377079872627
0.45089868050638093,0.5072004750021228,0.041900844491496184
0.3406578784778213,0.6217256397780602,0.03761648174411857
0.42163238760808747,0.5381575305741817,0.040210081817730774
0.42232261618339106,0.5421383426292047,0.03553904118740414
0.493048952347217,0.46692852294574044,0.0400225247070427
0.5246082421987995,0.43922528698917224,0.03616647081202834
0.4714362785951343,0.4896693489201919,0.03889437248467389
0.44236492675894096,0.5164696632918764,0.04116540994918279
0.46657633684097427,0.49628360256204185,0.03714006059698399
0.4776497703243429,0.4801310231353959,0.04221920654026142
0.45133282136629826,0.5061058792141772,0.042561299419524516
0.44554323988584915,0.5128784537087733,0.0415783064053775
0.4305777076023578,0.5348767197084117,0.034545572689230586
0.4581088011756289,0.49789761754669243,0.043993581277678384
0.42170944766611906,0.5340353537848483,0.04425519854903285
0.38226672392887545,0.5808072480682388,0.03692602800288575
0.40489237035428993,0.5543110846373074,0.04079654500840251
0.4067152838180675,0.5592351137702845,0.03404960241164797
0.4724381609848674,0.49202858137641403,0.03553325763871856
0.35721372662902184,0.6015103518284751,0.041275921542503126
0.4859978015162837,0.47529737622609153,0.03870482225762465
0.46982832931688023,0.4869738485624454,0.04319782212067406
0.4665109399530192,0.4931889475743126,0.04030011247266818
0.35528228637552367,0.6060395624042282,0.038678151220248196
0.5100769903240361,0.4508388800582294,0.039084129617734276
0.46873401855499436,0.48944196382519833,0.041824017619807204
0.4759450506751169,0.4866608855606188,0.037394063764264275
0.3552584081218686,0.6114403997943656,0.03330119208376574
0.43946338058098583,0.5218607775131888,0.03867584190582528
0.519996229199162,0.43881172781159733,0.04119204298924054
0.46482611072330426,0.49425563443736686,0.04091825483932896
0.47769689544795785,0.4786391260358528,0.0436639785161894
0.398699561956607,0.5661545273040722,0.0351459107393207
0.4350852050322739,0.5231020820426248,0.041812712925101185
0.4470772569519517,0.5136389647448407,0.03928377830320745
0.4203484808605656,0.5445657630404602,0.035085756098974304
0.4859504323227006,0.47306665182949903,0.04098291584780058
0.49075449566526186,0.4721178417581784,0.03712766257655966
0.4315309029204185,0.5282900729194521,0.04017902416012952
0.47384648762291953,0.4889406384926848,0.03721287388439568
0.44166495676188894,0.5190028903516216,0.03933215288648939
0.5265003580826965,0.43378297636237395,0.0397166655549294
0.47464621188474587,0.4865648733381751,0.0387889147770787
0.4618389351127123,0.5033291577471266,0.03483190714016109
0.4639932532945104,0.495231388971491,0.040775357733998485
0.41409156425431104,0.5505813738453872,0.03532706190030182
0.4203889404487913,0.5404062489297343,0.039204810621474295
0.44515993737012305,0.5150462702612629,0.039793792368613974
0.45304311918727325,0.5146953089562906,0.03226157185643628
0.45331973803190023,0.509974950484911,0.03670531148318893
0.4250757362520518,0.5386526920502196,0.03627157169772834
0.469592014342818,0.48709609640097257,0.04331188925620946
0.44969975406423557,0.5072038211697999,0.043096424765964335
0.45967927148560084,0.5003734893014266,0.03994723921297251
0.4208603447952027,0.544976743025223,0.03416291217957426
0.8452595177573632,0.12036267745413498,0.03437780478850185
0.40148695706663595,0.556138208867318,0.042374834066046134
0.46483873886815436,0.4951519109584045,0.040009350173441274
0.4696870636344409,0.49437820489095935,0.03593473147459959
0.39488506070863616,0.5716909081028252,0.033424031188538726
0.4781792155296052,0.4820018398408986,0.03981894462949634
0.5489746777514913,0.4243638214743324,0.02666150077417629
0.43827630084386165,0.5263216039029611,0.03540209525317708
0.4552518347094391,0.5053917753775139,0.03935638991304681
0.419373266749786,0.5456636675534284,0.034963065696785534
0.4388949462626932,0.5208610327940322,0.040244020943274526
0.41047565410285164,0.5464792884434431,0.043045057453705154
0.9177317793250852,0.0535891461785522,0.028679074496362804
0.7542775524672701,0.20395359091385246,0.041768856618877095
0.4483196198047279,0.5161215442630731,0.035558835932199
0.4599585781348837,0.4980558962357639,0.04198552562935228
0.49338328382300667,0.4618145621090823,0.04480215406791083
0.464125053340674,0.49465355054295046,0.04122139611637531
0.44375588706697805,0.519459578157274,0.03678453477574796
0.49906294228205883,0.45821740174625175,0.04271965597168965
