0,1,2
0.4583354305103353,0.4998568482429576,0.04180772124670699
0.4583052627889248,0.49982866927068476,0.041866067940390515
0.4583545719694927,0.49992131201849904,0.04172411601200811
0.45807760774167716,0.500059719482468,0.04186267277585485
0.46140376436471126,0.5042107142334296,0.03438552140185933
0.45831024213971294,0.4996855856706487,0.04200417218963827
0.45832255466860994,0.4998811121052386,0.04179633322615143
0.4583798915909542,0.5000427763702313,0.04157733203881472
0.45826378564523385,0.4998363339868366,0.04189988036792952
0.45832119984864167,0.49971366962310904,0.041965130528249274
0.45802310141065156,0.5001043285265327,0.04187257006281552
0.4583162267074083,0.49974725942029313,0.041936513872298416
0.4585807678375489,0.5001957475843412,0.041223484578109676
0.45841361291904015,0.4999606575924463,0.04162572948851349
0.4583760943805369,0.4998837274027691,0.04174017821669434
0.4580321096189208,0.49982576082635566,0.04214212955472351
0.4581401026841183,0.499985038478258,0.041874858837623916
0.45824577519934656,0.49990343008194066,0.04185079471871281
0.45838663939128377,0.4997414195009986,0.041871941107717844
0.45818740686760123,0.4998897600983893,0.04192283303400947
0.4583555660304462,0.4998415896143027,0.041802844355251056
0.4583775792593944,0.50000320379081,0.041619216949795736
0.45838709800949,0.5001694438172896,0.04144345817322031
0.4583316809951935,0.49973706039501464,0.04193125860979176
0.45833464109453115,0.49976725888127155,0.041898100024197624
0.4592031962057742,0.5012771061893428,0.03951969760488303
0.45839790849962103,0.49988919045446745,0.04171290104591164
0.45818530346323066,0.49981680957573354,0.041997886961035694
0.461890321749758,0.5049079317968477,0.03320174645339438
0.4583475509736744,0.4998520582873206,0.04180039073900496
0.4583398868220458,0.49977164553179027,0.04188846764616375
0.4582889002343025,0.4997343890331472,0.04197671073255031
0.45830875215639055,0.49986650188269743,0.04182474596091196
0.45815504777976973,0.5000040572331844,0.04184089498704601
0.45810702542415155,0.49983152430172284,0.04206145027412557
0.45845274870795893,0.5000075057669965,0.04153974552504461
0.45839457061264366,0.49989936421595665,0.041706065171399714
0.4587076896396249,0.500629801420019,0.040662508940356244
0.45809669065400166,0.500026572654672,0.04187673669132638
0.45805364506134816,0.49998326889732264,0.04196308604132898
0.4583578757446868,0.4998284488436399,0.04181367541167329
0.45835188601516014,0.49996264805780327,0.04168546592703641
0.45828580816849235,0.4997102395837275,0.04200395224777998
0.4583720316421327,0.4998797783460745,0.041748190011792995
0.4583313484071738,0.4999236274859575,0.04174502410686869
0.4582915134452114,0.4997674350139913,0.041941051540797206
0.46269063531834626,0.5062063004736683,0.031103064207985417
0.45833379355615467,0.49982772168635964,0.04183848475748552
0.45828439366952634,0.4996966268148096,0.042018979515664155
0.458416091322852,0.4999038006152756,0.04168010806187236
0.4581868773259223,0.49994846255447245,0.041864660119605226
0.4580815719153297,0.49990442926894724,0.04201399881572292
0.4583989276542878,0.500163589389152,0.04143748295656004
0.4583390930334503,0.49985163552241163,0.04180927144413813
0.45831333378899725,0.4997384289383432,0.041948237272659485
0.45819872634728176,0.4997270460608193,0.04207422759189869
0.45831041638725345,0.49994877343651944,0.0417408101762271
0.4583282441460892,0.4997644416207601,0.041907314233150555
0.45836315101086805,0.4999690933916883,0.04166775559744352
0.4583038286974946,0.4998579033359727,0.041838267966532575
0.4583648684217503,0.4999680592744638,0.041667072303785725
0.45830909252448226,0.4997780293512213,0.04191287812429649
0.4582214162134786,0.4997253170741906,0.042053266712330756
0.45834935621280043,0.4998680858523604,0.04178255793483915
0.45934760429311944,0.5011379723040037,0.03951442340287714
0.4583461326282341,0.4999193538545856,0.041734513517180334
0.46231724976878447,0.5055415203189385,0.03214122991227694
0.45831071002408147,0.49973825677890243,0.04195103319701613
0.45832506477852514,0.4998098757613871,0.041865059460087777
0.45830794339228376,0.4998744243035301,0.04181763230418627
0.45822325602411684,0.4997332497844558,0.042043494191427194
0.4582035986079326,0.4999108930746476,0.041885508317419586
0.45804507236414654,0.49979382842600256,0.04216109920985073
0.4584814512587387,0.5001194782988642,0.0413990704423975
0.4583315630053713,0.49976332288116615,0.041905114113462476
0.4583602984121239,0.49977024402778436,0.0418694575600918
0.4583605845088418,0.49988240535555045,0.04175701013560757
0.45828111906529545,0.499916267936456,0.04180261299824867
0.45822100758900786,0.4997930064545768,0.04198598595641556
0.46230133509381455,0.5055348724287433,0.032163792477442076
0.45836594954161936,0.49968165480628696,0.041952395652093695
0.4587081967296852,0.5005467357845242,0.04074506748579048
0.45837529544356537,0.4997946704787397,0.04183003407769481
0.4582164774185985,0.49999716023211765,0.04178636234928386
0.45841323711993776,0.49983757949821045,0.041749183381851844
0.4583246042124997,0.49977517706175834,0.04190021872574181
0.4583511447397663,0.49984994244201225,0.041798912818221415
0.4583626570804207,0.49984562440887076,0.04179171851070873
0.4583871572488458,0.49997673076838,0.041636111982774116
0.46140169531454506,0.5042369432633041,0.034361361422150655
0.45854168214980817,0.5002712973277814,0.04118702052241033
0.4584195636611617,0.4999945530058885,0.041585883332949866
0.45833054659161615,0.49980299544051954,0.04186645796786435
0.4584044840112023,0.4998013322806593,0.041794183708138345
0.4581422434797883,0.4999308098944465,0.04192694662576495
0.4587991733285069,0.502981321641584,0.03821950502990929
0.45809198540128676,0.4998596450716162,0.04204836952709708
0.4581612639264091,0.49997714018877626,0.04186159588481445
0.4582258987528335,0.49991014698906344,0.04186395425810336
0.45838294396898793,0.49990866464980965,0.04170839138120228
0.4588264044333377,0.5007294227306712,0.04044417283599094
0.4584337132491297,0.4998504345632955,0.04171585218757489
0.45828564487762147,0.4997838058833461,0.04193054923903253
0.45835380189700736,0.4998011568566988,0.04184504124629394
0.45880638559083115,0.5004267080136695,0.04076690639549945
0.45829595922895966,0.4998051805252988,0.041898860245741326
0.45837806813564214,0.5001841462555292,0.041437785608828576
0.4582581522398592,0.49990286461009475,0.0418389831500459
0.45816666844949383,0.49996307181120736,0.041870259739298754
0.458108578154865,0.49984623086008484,0.04204519098504993
0.45827917718683625,0.4996990774590804,0.04202174535408345
0.45886618203934276,0.5009766511535295,0.04015716680712761
0.45834705788738,0.499846690897796,0.04180625121482416
0.4584422494336054,0.5001554705668572,0.04140227999953756
0.4585027809014938,0.49998059331532935,0.041516625783176594
0.4583692161779504,0.4998379249129354,0.04179285890911433
0.458382654111544,0.49990701948142424,0.041710326407031824
0.4587040194749141,0.5004095549800945,0.04088642554499129
0.4583702868887913,0.4999078116420052,0.04172190146920347
0.45825133271856183,0.49966034384059943,0.04208832344083897
0.45837896703847136,0.4998495573797587,0.04177147558177008
0.4583429927717873,0.49975422383024554,0.041902783397967304
0.45837155294245113,0.4999231401657289,0.04170530689181993
0.45833135225280897,0.4999236919338893,0.04174495581330176
0.45808313016825547,0.4998146747562802,0.04210219507546408
0.4583306509660927,0.49985725358834554,0.04181209544556186
0.45840864906929735,0.49997723031864894,0.04161412061205347
0.4581836396249133,0.4998416464270552,0.04197471394803142
0.46141761398984343,0.5042059349320018,0.03437645107815489
0.45833132376152785,0.4997986475278482,0.04187002871062402
0.4583498961058811,0.49997225791285566,0.04167784598126302
0.458402181539858,0.49992754446285514,0.04167027399728698
0.4611149544603722,0.5038462038722262,0.0350388416674014
0.45837338055241056,0.49988444481400296,0.04174217463358644
0.4583579928870138,0.499794896986249,0.04184711012673727
0.45853174097562743,0.5005361323813206,0.04093212664305193
0.45834129308692007,0.499766709415643,0.0418919974974369
0.4583178436178687,0.4998551280483153,0.04182702833381613
0.458274141801851,0.49977726542775947,0.04194859277038953
0.4582886137536617,0.4996881538221513,0.04202323242418723
0.4583595524872975,0.49982320854161594,0.04181723897108669
0.45840950237228084,0.4998954683796009,0.04169502924811814
0.45850559930711177,0.5000374855635387,0.04145691512934946
0.4584966128997712,0.49998336224409645,0.04152002485613228
0.45834892663565147,0.4997663417312432,0.04188473163310522
0.45829851507464836,0.49973778740849706,0.04196369751685432
0.4582217722516086,0.49967436742566834,0.042103860322722994
0.45901283006596816,0.5009915423434136,0.039995627590618345
0.45812107060313956,0.4999825555543745,0.04189637384248602
0.4584424530536129,0.49998845575868617,0.041569091187700934
0.45824046644936217,0.4997863647778768,0.04197316877276111
0.45828566346372607,0.4998142711106167,0.04190006542565717
0.4582827262210874,0.49972536840303355,0.041991905375878956
0.45833663166409405,0.4998184870996721,0.04184488123623399
0.4583496325452415,0.4999482997734177,0.041702067681340715
0.4587077809767678,0.5002000797019677,0.041092139321264584
0.4580977997633663,0.49978740435640995,0.042114795880223606
0.4582812526160423,0.5000602026737601,0.041658544710197414
0.45845989521057307,0.49990790720181255,0.0416321975876145
0.45824611990092284,0.4998662045874193,0.0418876755116579
0.45814388436164155,0.4997689781791417,0.04208713745921683
0.45834411245557527,0.5000911939851533,0.0415646935592715
0.4583055975643156,0.4997339336551624,0.04196046878052192
0.4584060661128696,0.4999539235624474,0.04164001032468288
0.4583287122978478,0.4998085954469309,0.04186269225522144
0.45829283966491546,0.4996931765245926,0.042013983810491796
0.4605165393946579,0.502951351811201,0.036532108794141045
0.45831833489638807,0.49981190492862476,0.041869760174987024
0.4582840605490579,0.5000515354780819,0.04166440397286021
0.45834252301600964,0.4997703802280636,0.041887096755926646
0.458417194984776,0.500106525647225,0.04147627936799918
0.45825999780120935,0.49973164396478226,0.042008358234008454
0.45849554192476877,0.49999951981591667,0.041504938259314644
0.45816617835683654,0.4998516183716946,0.04198220327146874
0.45821898900631886,0.4997883528182544,0.04199265817542671
0.45837082925319966,0.4999657514022755,0.04166341934452475
0.4581235317770502,0.4999962699962503,0.04188019822669943
0.45837145668909407,0.4998953976487616,0.04173314566214436
0.45805761146984886,0.4999388862605821,0.04200350226956913
0.45838692847028534,0.4998732833852853,0.0417397881444292
0.45828838277451506,0.4999908037223803,0.04172081350310467
0.45835784373655175,0.4998312552267163,0.04181090103673213
0.4583788881753057,0.49988713654015093,0.04173397528454321
0.45828598758708083,0.49981083456588016,0.041903177847038814
0.45840627187904415,0.49992485973124445,0.041668868389711344
0.458257841692995,0.49991162958408475,0.041830528722920084
0.4582470458788209,0.4997465472847123,0.04200640683646681
0.4580045755556941,0.500098292154273,0.041897132290033064
0.45847671825073694,0.500053518449126,0.04146976330013709
0.45810759791644895,0.5000166947133295,0.04187570737022143
0.4583112671008594,0.5000657658110182,0.04162296708812228
0.45828879557445057,0.4998987409758106,0.041812463449738914
0.45815518601464905,0.4998305762375989,0.04201423774775219
0.4584278866631604,0.5001485594563239,0.041423553880515517
0.4586394532064336,0.500111400079711,0.04124914671385525
0.45814114567992775,0.5000871958296493,0.04177165849042295
0.45812108427400017,0.49999986995351126,0.04187904577248855
0.4580726170249195,0.5000306230428989,0.04189675993218148
0.458097117190554,0.49993651466401356,0.0419663681454324
0.4582496180297625,0.49976344545993306,0.04198693651030437
0.4583412460663411,0.4998868306668736,0.041771923266785194
0.4582120322855061,0.49972925470397955,0.04205871301051456
0.45832832939459345,0.4997502018918381,0.041921468713568485
0.4581253444752744,0.49992405661077655,0.04195059891394893
0.4582979239298811,0.4996859700345214,0.042016106035597516
0.4582454420207794,0.4998593305250463,0.041895227454174476
0.4582474110469826,0.49969181172567834,0.04206077722733903
0.4582630865260143,0.49964983416761516,0.042087079306370456
0.4582914019159676,0.4998291151640069,0.04187948292002555
0.4582889138940526,0.4998672441203741,0.04184384198557329
0.4583384041722112,0.4999312455233871,0.04173035030440175
0.4583587095317808,0.4998046830378644,0.041836607430354854
0.4585433418378221,0.5001604489080202,0.041296209254157674
0.4583795662924843,0.4999989122795157,0.041621521428000116
0.45822578695147376,0.4999319022867888,0.04184231076173744
0.4582536966968879,0.4997602245614953,0.041986078741616605
0.45832195149685656,0.49979003699028435,0.041888011512859036
0.4590103141407224,0.501480473717841,0.03950921214143659
0.4586243053669034,0.5003550463787318,0.04102064825436487
0.4583679419858923,0.49983610762744657,0.041795950386661125
0.4583358215369311,0.4997823365063579,0.041881841956710866
0.45823399040712304,0.4996792234312932,0.042086786161583845
0.4584089256886941,0.5000039819927055,0.04158709231860053
0.4584461315935447,0.4999091043194981,0.04164476408695707
0.45825015389156587,0.4997507178227886,0.04199912828564559
0.45846281749648576,0.4999638180989283,0.04157336440458584
0.4583323301415577,0.49980128809287666,0.04186638176556571
0.45812529560947163,0.4998175175897993,0.04205718680072914
0.4582892265902641,0.49978115104767296,0.041929622362062935
0.45825339279092014,0.49977361426166356,0.04197299294741648
0.45910453015579916,0.5014116410010976,0.039483828843103336
0.4580549939782479,0.4997681040119394,0.042176902009812785
0.45828189652589624,0.49972396713567163,0.04199413633843212
0.45841555453390276,0.49997515172619755,0.04160929373989983
0.45825530910710316,0.5000788540451725,0.041665836847724555
0.4581748405289773,0.5000288515367933,0.0417963079342293
0.45836899542195136,0.4999625838402072,0.041668420737841334
0.45849676524540534,0.4999202855719956,0.041582949182599103
0.4582062540911038,0.4997514366427399,0.04204230926615613
0.458261496469968,0.4996870958968934,0.04205140763313881
0.45804922841976276,0.4990191284899374,0.04293164309029987
0.45824128034544553,0.49979246836713315,0.041966251287421215
0.45823753340158696,0.49965661983059484,0.04210584676781789
0.45836201399789517,0.5000079654672491,0.04163002053485572
0.45825563875483905,0.4997528135524712,0.04199154769268959
0.45853795661208885,0.5003047327718471,0.04115731061606411
0.45835884356266354,0.4999700647649774,0.04167109167235906
0.4582540762829189,0.4997129654369074,0.04203295828017349
0.4590307019009611,0.4999721774624241,0.04099712063661494
0.4582847294046247,0.4997077615014316,0.04200750909394364
0.45829432550330285,0.4998037158660434,0.04190195863065375
0.4582800295824189,0.4999811928068208,0.041738777610760405
0.4580179024892447,0.49981842576986596,0.04216367174088922
0.45833835306345366,0.49976377512976916,0.041897871806776996
0.4581886004384695,0.4998286556373096,0.04198274392422085
0.4581025842442346,0.4997725024354709,0.042124913320294485
0.45836435581372753,0.49996965737294596,0.041665986813326346
0.4581580539008129,0.4998443564101274,0.04199758968905951
0.458282923401571,0.4999531622252339,0.04176391437319489
0.4584027117519919,0.49995231476586516,0.04164497348214284
0.45839870118538856,0.499899581711036,0.041701717103575404
0.4582578120519421,0.499640685492269,0.042101502455788996
0.45829429226727936,0.49997504072294063,0.04173066700977989
0.4583896344983245,0.49976834758355926,0.04184201791811618
0.4582174686194713,0.5000469157579329,0.04173561562259599
0.45829667578264266,0.4997827701954589,0.04192055402189847
0.458288542723889,0.4998116661966498,0.04189979107946117
0.4583579152268075,0.49978345961589216,0.04185862515730035
0.4583128414575654,0.49976775951016666,0.04191939903226805
0.45822295430039073,0.5000798290047938,0.04169721669481555
0.45820409899417447,0.49979514980738676,0.042000751198438845
0.4583045175056148,0.4998838314679845,0.041811651026400554
0.4583408192623395,0.4998446514092457,0.04181452932841469
0.4582804060566923,0.4997470320746393,0.041972561868668476
0.4581263814524163,0.4998080837689469,0.042065534778636726
0.4581368015630298,0.4999527428337021,0.041910455603267796
0.45823395812574313,0.4999545743875645,0.041811467486692074
0.458198419443135,0.4996579910994828,0.042143589457382086
0.4584715100206981,0.49999857174722556,0.04152991823207654
0.4584887844368436,0.5000536106580523,0.041457604905103904
0.4583197685133366,0.4997312179236278,0.04194901356303564
0.4583971711677142,0.49990716437998944,0.04169566445229644
0.4580520651584745,0.4999398190263389,0.042008115815186806
0.4581930177323825,0.49980968661376923,0.04199729565384833
0.45832982426128427,0.5000801999866511,0.041589975752064814
0.4582723987812125,0.499952500368457,0.041775100850330454
0.45845638882898926,0.49987917452472025,0.04166443664629027
0.458307967214164,0.49978572364426865,0.04190630914156706
0.45845541622840624,0.49988969546564693,0.04165488830594691
0.4581778869743942,0.49984395321446945,0.041978159811136465
0.4582470931904388,0.4997627393857279,0.04199016742383313
0.45853288038140244,0.5000238781765138,0.04144324144208365
0.45836270940012436,0.49985578257601243,0.04178150802386323
0.4583587942215709,0.49997515003280457,0.04166605574562453
0.4583446795744523,0.49982761279103183,0.0418277076345159
0.4582795227166599,0.49991484810630166,0.04180562917703837
0.4583313586295428,0.4998390082317514,0.04182963313870579
0.45828392324274064,0.49966651118803185,0.04204956556922725
0.458340010865063,0.49983669799256536,0.041823291142371724
0.4584133883668602,0.4999651528896871,0.041621458743452626
0.45908788299239,0.5008283087024575,0.04008380830515239
0.4583664235638438,0.49991366613360655,0.0417199103025498
0.4588189752328026,0.5003669298527829,0.040814094914414664
0.4570515464716043,0.4987894282757654,0.044159025252630255
0.45839585240392555,0.4998952773731138,0.041708870222960805
0.4582697525235286,0.4998595400683893,0.04187070740808203
0.458283517337487,0.49970111017979496,0.04201537248271779
0.45826077603071264,0.4998367677945974,0.04190245617468992
0.4583287104097917,0.49976991693980866,0.0419013726503997
0.45832088996949455,0.4999003624283325,0.04177874760217308
0.4583181697336392,0.49989635653101333,0.04178547373534767
0.45827895747107233,0.49970371413730524,0.04201732839162249
0.45830240015106055,0.4997870548149216,0.04191054503401788
0.45831981487298074,0.49974919249631466,0.04193099263070451
0.45847873290374996,0.5000949213552649,0.04142634574098529
0.4583059526543334,0.49972768354142333,0.04196636380424329
0.4582636867484055,0.4996850431686948,0.04205127008289971
0.45835675111549906,0.4998405144297709,0.04180273445473005
0.45854516834519166,0.5002489734943533,0.04120585816045487
0.45830594323858664,0.49998494020468515,0.04170911655672815
0.4586241066140618,0.5000068091815251,0.04136908420441277
0.45825220412650525,0.49982361542635617,0.04192418044713857
0.4580944196228108,0.500021346042542,0.04188423433464721
0.45847084189514664,0.5000409734909338,0.04148818461391954
0.45835198017657997,0.4999613119858218,0.04168670783759829
0.4581228207141047,0.49986522284785717,0.042011956438038164
0.4581986227843426,0.4999473854766356,0.041853991739021885
0.4582731540228051,0.4997940403013619,0.041932805675833046
0.45823383330035244,0.4999022974191042,0.041863869280543496
0.4582394253494469,0.4998731464642884,0.04188742818626494
0.4582082732829751,0.4997824297485121,0.04200929696851262
0.4582834611795109,0.49977856956319505,0.04193796925729408
0.45828124386747615,0.49967971722829096,0.042039038904232814
0.45885243230274225,0.500765331464572,0.04038223623268588
0.4592310536495737,0.5018967529994022,0.038872193351024056
0.45848606582813395,0.5003140265074478,0.041199907664418146
0.45839081883921157,0.49984918690355284,0.04175999425723529
0.45833031913292155,0.4999881895656047,0.041681491301473785
0.4582595605354078,0.49990702530262293,0.041833414161969354
0.45826732696080563,0.4999247750225778,0.04180789801661633
0.45807946967197744,0.4999351654988061,0.04198536482921632
0.4584864718045665,0.5000711530069593,0.04144237518847415
0.45826224659817943,0.5000452621010608,0.041692491300759686
0.45825553953558357,0.49962390722690614,0.04212055323751035
0.45822372434239694,0.4997615080113968,0.04201476764620621
0.45833591177622174,0.49975831285164274,0.04190577537213561
0.46066268072153366,0.5033602656086557,0.03597705366981052
0.4582980806859097,0.499919871105519,0.04178204820857132
0.45834553100149145,0.4997527783927853,0.04190169060572308
0.4582225376383189,0.49983237654901885,0.04194508581266244
0.45878072537085735,0.5004483569161224,0.04077091771302046
0.45823694502199014,0.4998841573343812,0.04187889764362851
0.45828906545580167,0.4997534341808629,0.04195750036333537
0.4582198978621647,0.4999613259159949,0.04181877622184062
0.45813661796746163,0.5000825970558769,0.04178078497666166
0.45835478422034853,0.4998342203451234,0.04181099543452834
0.45831953660310226,0.49971471182914073,0.04196575156775699
0.45829631851750496,0.5000849755452986,0.04161870593719644
0.4583138734924953,0.4999705126027149,0.04171561390478966
0.4580807758412044,0.4999686152700958,0.04195060888869984
0.4582856336222131,0.49989947421260067,0.04181489216518642
0.45819334160961844,0.4999171233294403,0.04188953506094139
0.4582077161580982,0.49993102966768715,0.04186125417421443
0.45816842189336,0.49988310497642546,0.041948473130214256
0.45835902565978587,0.49996872266316217,0.04167225167705207
0.45818058687501123,0.5000989020338468,0.041720511091141936
0.45830721876674624,0.4997467424202009,0.04194603881305291
0.4584223628225301,0.5000000998034954,0.04157753737397466
0.45836436610705955,0.49993298079104775,0.04170265310189254
0.4581526966084928,0.4997621776277655,0.04208512576374161
0.45826896334803063,0.499776834711864,0.041954201940105164
0.45834842936275966,0.49997953231979103,0.041672038317449416
0.45834451239936813,0.49988263167427865,0.04177285592635315
0.45863793869293734,0.5001084077657493,0.04125365354131365
0.45831618621279796,0.49979500116395065,0.04188881262325121
0.4582982643709819,0.49972813315519626,0.04197360247382195
0.4581491927047429,0.4998038038150234,0.04204700348023364
0.45842799562268555,0.5000008219330426,0.041571182444271736
0.4583170647842921,0.4998824559301365,0.0418004792855713
0.45845134104990254,0.499940543404243,0.041608115545854515
0.4583136235932143,0.4998886450936124,0.04179773131317323
0.4583107036756875,0.4997352256095795,0.04195407071473311
0.45842294547079016,0.5000075749717472,0.041569479557462576
0.4584133794379568,0.49996320615975626,0.04162341440228703
0.4624177577688704,0.505919513596309,0.03166272863482066
0.4583357119129501,0.500032874190948,0.04163141389610194
0.4581127110005304,0.49977310352199106,0.04211418547747871
0.4585096598245351,0.5001617789480307,0.04132856122743421
0.4582880380612322,0.4997042286881025,0.04200773325066541
0.45829397744638384,0.4996661997904516,0.0420398227631644
0.4582294533570754,0.49997665591376894,0.041793890729155604
0.4582877157317108,0.4998145788996801,0.04189770536860929
0.4582852262781159,0.49968546049866214,0.04202931322322183
0.4592648201507856,0.501093471236524,0.03964170861269032
0.45835751198574576,0.4998746715121105,0.0417678165021437
0.4584811574990921,0.5000982283739055,0.04142061412700272
0.4582924818444483,0.49976082416187906,0.04194669399367267
0.4582564118489624,0.49983594779531726,0.04190764035572048
0.4581689003331015,0.5000480167797097,0.041783082887188724
0.45839955685839234,0.49986676666985524,0.0417336764717526
0.45835922794647943,0.4997412734028739,0.04189949865064646
0.4583111232138907,0.4998663826428649,0.04182249414324427
0.45842985823573945,0.5000309867283067,0.04153915503595377
0.4582760374560228,0.49981986459521643,0.04190409794876081
0.4583283972961091,0.49978886931768585,0.04188273338620523
0.4586118126567854,0.5002179777726395,0.04117020957057506
0.45836325008347073,0.49986833970503264,0.04176841021149654
0.4587782814438188,0.5005913669681182,0.04063035158806292
0.4583998234491849,0.49989984528678527,0.04170033126402951
0.4583431321127098,0.4998165287013693,0.04184033918592097
0.4590070993285188,0.5006234259890984,0.040369474682382826
0.45831014226585604,0.499673993956064,0.04201586377808014
0.45919768339632316,0.5013198474588981,0.03948246914477861
0.458137897101343,0.5000894514357997,0.04177265146285706
0.45836826378788575,0.49986569078245124,0.04176604542966304
0.4582819024521288,0.49968141741026706,0.042036680137604
0.4582758360739913,0.4997449818960354,0.04197918202997322
0.4583175170684486,0.4998838198618919,0.04179866306965976
0.4582837654008165,0.4997849258554094,0.04193130874377403
0.4584719525333864,0.5000404298663461,0.04148761760026751
0.4581944733058812,0.4997418509980018,0.04206367569611717
0.46300259322043485,0.5065416653201207,0.03045574145944424
0.45826678766501844,0.49984500934609,0.04188820298889154
0.4587528680592548,0.5005558244207923,0.0406913075199528
0.45844477554712876,0.5000088515509609,0.04154637290191039
0.45833154524134434,0.499761051400463,0.04190740335819258
0.45806006477059696,0.5001140724612932,0.0418258627681096
0.458353329958599,0.4997983721846036,0.04184829785679735
0.45818459740837425,0.4998400561382983,0.041975346453327435
0.4583863626062484,0.49986175328554,0.041751884108211554
0.458307923575438,0.4997579896293197,0.04193408679524246
0.45828980256871116,0.49984716070813173,0.04186303672315703
0.4582283835226237,0.49971818029222054,0.04205343618515581
0.458264707721318,0.4997799538540809,0.04195533842460111
0.45815187291050946,0.4999590464426539,0.04188908064683649
0.45831678067456433,0.4997632579076887,0.041919961417746905
0.4583558550703065,0.4999355112297645,0.04170863369992865
0.45825219992708605,0.4999008913598178,0.04184690871309604
0.4585334566860719,0.5001800813937062,0.041286461920222055
0.4583358705536467,0.49998130746243424,0.0416828219839191
0.458368039521068,0.49998315809004895,0.04164880238888298
0.4584333006115975,0.4998270082835059,0.04173969110489648
0.458292205097666,0.4997978548222944,0.041909940080039336
0.4583715058376081,0.49985659422590056,0.04177189993649125
0.45821992356479807,0.49983726912108545,0.041942807314116655
0.45830807550994945,0.49980815233184356,0.04188377215820723
0.45827163768306284,0.4997747218425502,0.04195364047438686
0.45826989270681134,0.4996464325667756,0.042083674726413264
0.45818878135543867,0.4999080248375971,0.041903193806964424
0.45820640531874324,0.4999464447869309,0.041847149894325836
0.45875263930590576,0.5007061232830519,0.04054123741104249
0.45841326630888957,0.49994353270493125,0.04164320098617931
0.4580522548535333,0.5001036020541793,0.041844143092287525
0.4582277115538023,0.4998865975801329,0.041885690866064904
0.4583490312936744,0.49992751088192555,0.041723457824400026
0.45816539124512407,0.49973031227507403,0.04210429647980196
0.4584292055815893,0.5000139266555047,0.0415568677629059
0.45847281493994324,0.5000285229494529,0.04149866211060379
0.458220609224487,0.5000795178105143,0.04169987296499876
0.4583404936337707,0.4997329988012653,0.041926507564963994
0.4583132786625432,0.4998628871884338,0.04182383414902289
0.45888171594483,0.50053899213698,0.04057929191818991
0.45834574632170483,0.4998049587346966,0.041849294943598556
0.45884090630961927,0.5009333300155496,0.040225763674831036
0.45834270748826,0.49979899129548067,0.04185830121625944
0.4616651091995742,0.5046382729660075,0.03369661783441818
0.4582406357023005,0.49977544250434675,0.04198392179335262
0.45815652265881857,0.4998355715926064,0.04200790574857506
0.458282302681881,0.49980357154151445,0.041914125776604604
0.4582948554937729,0.49970660698105773,0.041998537525169355
0.4625860934688818,0.5062713742790809,0.031142532252037204
0.4583478911595595,0.4998255166138948,0.04182659222654599
0.45835336220728584,0.4998456452038986,0.041800992588815554
0.45833578121823737,0.499807039604632,0.04185717917713069
0.4583330645341727,0.49982147936432736,0.04184545610150006
0.45841378627301915,0.49999663985095116,0.04158957387602965
0.45829400226489525,0.49967227062666103,0.04203372710844353
0.45820675299690333,0.4996509352665584,0.04214231173653848
0.45826516662389855,0.499712718778656,0.04202211459744543
0.45948780160110375,0.5017066442768525,0.03880555412204389
0.458360652878127,0.4998913612755378,0.04174798584633547
0.4582871884223943,0.4997866281599593,0.041926183417646375
0.45823269675123496,0.4996570643515851,0.04211023889717967
0.4583049267378728,0.49973345135388403,0.04196162190824303
0.4581083233814635,0.49987096088079547,0.04202071573774088
0.458368209750713,0.4998985334342566,0.04173325681503024
0.45821125094468684,0.49971050899665376,0.042078240058659344
0.45822549795305983,0.49998260309790965,0.04179189894903046
0.45841122161665215,0.500009258779967,0.04157951960338084
0.458319030492455,0.49992552526160366,0.04175544424594119
0.45822641224931154,0.499680327187424,0.04209326056326452
0.4583572032446043,0.49987040087736684,0.04177239587802893
0.4581194186879299,0.500022608065574,0.04185797324649624
0.45806060506267354,0.49981973415622016,0.042119660781106065
0.4581199824406316,0.4998466599523831,0.042033357606985094
0.45951343256908755,0.5017068555866421,0.038779711844270336
0.45814323927632994,0.49977348945117966,0.04208327127249032
0.4582737877487163,0.499688144365893,0.04203806788539072
0.4583260047937972,0.4997762451750585,0.04189775003114421
0.45839262845768497,0.4999098357652943,0.0416975357770206
0.4584101131484612,0.49993741011973886,0.04165247673180015
0.4582907681564783,0.49970822998632336,0.04200100185719856
0.4582145895001777,0.5001006506788694,0.0416847598209527
0.45853102009375274,0.5004485627613061,0.04102041714494113
0.4582879974085572,0.4997098539989995,0.042002148592443285
0.46048264109709114,0.5028337955545072,0.03668356334840143
0.45817718403699675,0.5000294508893368,0.04179336507366649
0.4583926943812027,0.4999987744519714,0.04160853116682612
0.4584265112716304,0.49980224069639645,0.04177124803197321
0.4582844604371031,0.49998556070722905,0.04172997885566785
0.4584335124698935,0.4998860820082947,0.041680405521812056
0.45835318579511203,0.499816392141796,0.04183042206309211
0.45826256732867343,0.49964141317120386,0.04209601950012243
0.45837796101355405,0.49988660019791703,0.04173543878852918
0.45822705431347605,0.4999466570466114,0.041826288639912564
0.4582421351308749,0.499648816816786,0.042109048052339074
0.45827800131637936,0.4997410811189139,0.04198091756470658
0.4583232863833597,0.4998100200574189,0.04186669355922132
0.4582095007919351,0.49978369157236324,0.042006807635701596
0.458217525984979,0.4998759232345463,0.04190655078047449
0.4583623368774988,0.49990260606338227,0.04173505705911901
0.4584255537604505,0.4999641390816588,0.041610307157890755
0.4582397935568649,0.49993346666542954,0.04182673977770528
0.46101185742807643,0.5044787411080268,0.034509401463896805
0.458931671323623,0.5005689148398704,0.0404994138365068
0.4583132768819736,0.49971745851781385,0.04196926460021248
0.4582886079700925,0.49972182944129756,0.04198956258860994
0.45826184673315756,0.49992168147796473,0.04181647178887765
0.46151888233627014,0.5043790489300654,0.03410206873366451
0.4584290224791437,0.49997539791008117,0.04159557961077514
0.45837430808931046,0.4998765749462769,0.04174911696441251
0.4583743847366446,0.49994407853116635,0.04168153673218917
0.4582138956973086,0.49992175006899214,0.04186435423369935
0.45826180167908337,0.4998253853933001,0.041912812927616366
0.45832973015626277,0.49984341571866353,0.04182685412507377
0.4596752183632257,0.5016492822688204,0.03867549936795388
0.45827742326084325,0.4997227109803491,0.041999865758807514
0.45831290711683265,0.4998233522590027,0.041863740624164585
0.4583041030932006,0.4998473100124184,0.04184858689438091
0.45835255976468614,0.4998466342349242,0.041800806000389636
0.4583639678938934,0.49994624430317025,0.04168978780293623
0.458267514597064,0.4997153115169539,0.042017173885982
0.4590983242526394,0.5008169853328998,0.04008469041446106
0.4583135287897388,0.4999291832548289,0.041757287955432064
0.45839014809199274,0.500064574787038,0.04154527712096952
0.4583424656439584,0.4997243427677323,0.041933191588309195
0.4631702630593845,0.506802387858579,0.030027349082036584
0.4581838057527655,0.4999477144751187,0.04186847977211582
0.4582248504852407,0.49973002686030893,0.042045122654450214
0.45875327540945277,0.5009102759900943,0.04033644860045297
0.45833614235232656,0.49973394475981325,0.041929912887860236
0.45833322615586897,0.49977583862025543,0.04189093522387559
0.45828986762163304,0.4997356953480646,0.041974437030302236
0.45815850571348943,0.4995211257597873,0.04232036852672336
0.4582300957936995,0.4998281984916435,0.04194170571465729
0.4582251007715168,0.49971808874743356,0.042056810481049846
0.45830608301401177,0.49976145109349795,0.04193246589249021
0.45821031470148305,0.5000396743000696,0.04175001099844721
0.4583150881768397,0.4998034146019862,0.041881497221174215
0.4584344954747128,0.49997830379272934,0.04158720073255806
0.45834199361846745,0.4999304483875216,0.04172755799401092
0.45812362197037404,0.4998260281167703,0.042050349912855674
0.45836617690993176,0.49983401875498606,0.041799804335082034
0.4581359435593964,0.4997882183604463,0.04207583808015731
0.45843849670920767,0.49999245324280706,0.041569050047985306
0.45871740679394324,0.500361490183547,0.04092110302250992
0.45838940686430546,0.49989185763168703,0.04171873550400746
0.4587335794312068,0.5003966754202722,0.04086974514852109
0.45885106083661154,0.500455425042684,0.04069351412070439
0.45832387306650324,0.4997601596324683,0.04191596730102829
0.45841798914322823,0.5000681306787402,0.0415138801780315
0.45831622137458716,0.4997404633590352,0.04194331526637767
0.45826498787257325,0.4996484370361787,0.04208657509124802
0.4582995084793198,0.49977174353725123,0.041928747983429174
0.45831205798050545,0.499780233099855,0.04190770891963974
0.001952709925528275,0.000512334611997754,0.997534955462474
0.4582375301739303,0.4996496928610399,0.042112776965029845
0.45828608336582516,0.49976351284638243,0.04195040378779251
0.45969328669683307,0.5016531896326883,0.03865352367047857
0.4580904944559067,0.49982458429393584,0.042084921250157434
0.4584073573009591,0.4998914131336234,0.04170122956541736
0.45811730636840037,0.4997988310384177,0.042083862593182066
0.4582858614537082,0.49970949360991146,0.04200464493638048
0.4580955057110125,0.5001306160073985,0.04177387828158896
0.4583958390709318,0.4999170056857809,0.04168715524328721
0.4582820719349664,0.4996695338444451,0.04204839422058839
0.4580761017740023,0.49996155716096036,0.0419623410650373
0.4583369866206874,0.49977765864062396,0.04188535473868862
0.4626419458989657,0.5060080794250941,0.03134997467594011
0.46043936718865086,0.5028488637462735,0.03671176906507578
0.4583385677801681,0.4998538351460471,0.04180759707378476
0.45822600193837204,0.5000160191871335,0.04175797887449432
0.4582831151246747,0.4996525798920174,0.042064304983307835
0.45822414638601394,0.5000065985618609,0.04176925505212507
0.4579094298280396,0.4991481331229081,0.042942437049052366
0.4582590575760204,0.4998019425297872,0.04193899989419244
0.4581297017127499,0.499834356589723,0.042035941697526974
0.4582388732802413,0.4997080043959366,0.042053122323821975
0.4583758673543516,0.4998612404964728,0.041762892149175744
0.45831228032942245,0.49974890770837477,0.04193881196220288
0.45816073489199793,0.4997554821265788,0.042083782981423005
0.4583542145977708,0.4997882997384922,0.04185748566373704
0.4583305527028215,0.4997666233784857,0.04190282391869267
0.4583433475833016,0.5000407079442394,0.0416159444724591
0.45807191577099665,0.5001989672858791,0.04172911694312423
0.4584060553269174,0.4999676518695631,0.04162629280351945
0.45808825932221503,0.5000659835771556,0.04184575710062962
0.4581454653731744,0.5000954133011343,0.041759121325691366
0.45814997184290923,0.49980232701891925,0.04204770113817148
0.4582482750631886,0.49974582478800794,0.04200590014880338
0.4583044534445159,0.4998677345278056,0.041827812027678525
0.45828424992191996,0.4999283454209473,0.04178740465713277
0.4582527160613245,0.49964383969957854,0.042103444239096885
0.45836974629474336,0.5001513540705527,0.041478899634703935
0.4582089563034469,0.4998268121466339,0.0419642315499194
0.45854593638746044,0.5001699495867954,0.041284114025744015
0.45799953694304674,0.499988965494818,0.04201149756213532
0.45821975371078505,0.4999401587932926,0.04184008749592233
0.4582934710070683,0.4997249493566238,0.041981579636307845
0.45867507136375346,0.5004172764871776,0.04090765214906887
0.45842753205620757,0.49983770965400404,0.04173475828978842
0.45835162813903424,0.49983307768332,0.04181529417764576
0.4581237648316075,0.49976060392345567,0.042115631244937
0.4583000556428316,0.49986017475582956,0.04183976960133869
0.45821395956224387,0.49977180922263353,0.04201423121512264
0.4583128314740652,0.499769317570989,0.04191785095494571
0.4582896236164993,0.4997348814656428,0.04197549491785769
0.4583495632184491,0.500121936573124,0.04152850020842695
0.45831478383848656,0.4997907555568987,0.04189446060461476
0.45839672201406506,0.4998902395545913,0.04171303843134351
0.4583349042513874,0.4998281435062168,0.04183695224239603
0.45838926836644683,0.4998763952029319,0.041734336430621154
0.4592877362306031,0.5010490044499365,0.039663259319460256
0.45831027822886156,0.4998718730412756,0.04181784872986292
0.4582517441017091,0.4999007357150913,0.04184752018319943
0.4582715087669192,0.4999147125989928,0.04181377863408766
0.4583435862499282,0.4999421608655853,0.04171425288448627
0.45824742440227273,0.5000811772374952,0.04167139836023201
0.4615374434362849,0.5045037536326048,0.0339588029311105
0.45833155308688084,0.4998344782545334,0.04183396865858582
0.4583371381475197,0.49979596800488924,0.04186689384759115
0.45833255136273865,0.49980382573868326,0.04186362289857824
0.45830873152969176,0.4996376329618308,0.0420536355084777
0.46113196329408435,0.5037726035757379,0.03509543313017766
0.4580996812321749,0.49977588037466053,0.04212443839316462
0.45827065021749325,0.499755484936544,0.04197386484596279
0.45829088951753183,0.4999878483446721,0.04172126213779612
0.4582838587086181,0.49970351211666864,0.04201262917471308
0.45837020403615275,0.49982013050985546,0.041809665453991826
0.458471828307722,0.499940906104395,0.04158726558788317
0.4584855444796712,0.499982071895764,0.041532383624564656
0.45841214794574703,0.4998920847329488,0.04169576732130403
0.4584430951442956,0.4998941041286374,0.0416628007270668
0.4582803494082328,0.49975890627874514,0.04196074431302201
0.4584582884039446,0.5001360626637776,0.0414056489322777
0.4582631842805012,0.49973063126032286,0.04200618445917599
0.45823400733613356,0.499707268068076,0.04205872459579053
0.458376997469787,0.4998506643010725,0.04177233822914036
0.4582238010578563,0.4998321005068479,0.041944098435295805
0.4581806792045166,0.49990594016771744,0.04191338062776591
0.45838895010479935,0.4999869925505924,0.04162405734460839
0.45825665356053963,0.49994231717125026,0.04180102926821012
0.4580580216301033,0.5000633683972787,0.04187860997261797
0.45839531434176084,0.4998834683100349,0.041721217348204186
0.45842189731432753,0.4999965471968437,0.0415815554888288
0.4583977118235611,0.49978845713653663,0.04181383103990227
0.4582400007575951,0.49964887511903144,0.04211112412337376
0.45838080482462296,0.49990973881750944,0.04170945635786765
0.4583390906970708,0.4999373895544363,0.04172351974849293
0.4583172386300001,0.4998859565080807,0.04179680486191879
0.45831092986075594,0.49975687581288586,0.04193219432635845
0.4584512823029793,0.5000723078254873,0.041476409871533476
0.45838417122300934,0.4999507635996302,0.04166506517736035
0.45857232813243737,0.5001146879632713,0.041312983904291126
0.458298865269019,0.49984700107376,0.041854133657220904
0.45838615632936763,0.4998056222513789,0.04180822141925346
0.45837871578824796,0.4999018818370406,0.04171940237471117
0.4583032054658996,0.49974960539802693,0.04194718913607337
0.45832915816574515,0.49976260958787905,0.041908232246375625
