0,1,2
0.4584698315817409,0.5007984078474789,0.04073176057077998
0.4575220905788541,0.5013482054336896,0.04112970398745651
0.4557027768180777,0.5030287901308531,0.041268433051069135
0.4574838517334795,0.5013118817553489,0.04120426651117143
0.45829390929522873,0.5005944431611233,0.041111647543647795
0.4581576998562906,0.5006813495016422,0.04116095064206733
0.456840529139734,0.5021324384951531,0.04102703236511297
0.4573228560235724,0.5015628763353565,0.04111426764107125
0.45667967699712886,0.5022837883865834,0.04103653461628772
0.45631769821339524,0.5024536251918695,0.04122867659473516
0.4581971720697905,0.5008210498399424,0.040981778090267505
0.4554648537862224,0.5033276916362158,0.041207454577561684
0.45784590424714217,0.5012214318693449,0.04093266388351301
0.45618010021328464,0.5026830533127077,0.04113684647400755
0.4584447263903058,0.5005788392447322,0.0409764343649618
0.45339806887524414,0.5053372743940324,0.04126465673072328
0.4574968105206031,0.5015490159584268,0.04095417352097007
0.45793239751868453,0.5010398530048903,0.04102774947642506
0.45518384125269556,0.5038753100860274,0.040940848661277125
0.45791901058386014,0.5014272608693996,0.040653728546740556
0.45753042134568017,0.5019420339928086,0.040527544661511365
0.4580810955650296,0.5006643134567359,0.04125459097823483
0.45802785323577844,0.5009305182446178,0.041041628519603926
0.45825256630219424,0.5006183003325738,0.0411291333652321
0.45705802920898736,0.501890481109722,0.041051489681290604
0.458187284955465,0.5006596375273279,0.04115307751720699
0.4579511830202402,0.5008379255229908,0.04121089145676902
0.4573016206465662,0.5015308102731391,0.04116756908029495
0.4533899025335789,0.5053455352678807,0.04126456219854044
0.4558891111511781,0.5030368900977749,0.041073998751046954
0.45825788406708484,0.5006770005031447,0.04106511542977066
0.4581925141505137,0.5006216467017012,0.04118583914778533
0.45768718547909587,0.5010903692841531,0.041222445236750886
0.45821158591793476,0.5005955906195854,0.041192823462479794
0.4569756517024871,0.5019859883623115,0.04103835993520144
0.4560011001524654,0.502775591780608,0.041223308066926596
0.458084343827762,0.5008007756647258,0.04111488050751212
0.45660046723672665,0.5033844259987923,0.04001510676448107
0.4583297622783892,0.5006551231792663,0.04101511454234459
0.4583698876976019,0.5005837188820805,0.04104639342031763
0.45687692084331893,0.5020064633476086,0.041116615809072596
0.4544634250635549,0.5043160073408307,0.04122056759561435
0.45958336388950505,0.5025230765251922,0.03789355958530266
0.45825098307849943,0.5005743943766532,0.041174622544847425
0.4510645216725903,0.49348443568773653,0.055451042639673195
0.4582334607244933,0.5005621479857052,0.04120439128980165
0.456657100599037,0.5022899283939483,0.04105297100701481
0.45776949031626607,0.5011849644551498,0.041045545228584106
0.45822425723650306,0.5005209019431057,0.041254840820391075
0.4582419833157802,0.5006218666432442,0.04113615004097575
0.45715602239162606,0.5016966895911807,0.04114728801719317
0.4583062545963955,0.5009340489157205,0.04075969648788394
0.4581705893264298,0.5006765687665301,0.041152841907040355
0.4579138594483012,0.5009238228641236,0.041162317687575084
0.4579045159452115,0.5008989182756823,0.04119656577910619
0.45548197584753086,0.5033947873280079,0.041123236824461125
0.45816606561808554,0.500728661437937,0.04110527294397714
0.4566271365436892,0.5020944006870255,0.04127846276928541
0.45807651459813686,0.5007257161684503,0.04119776923341284
0.4568491451655302,0.5019905624749418,0.04116029235952798
0.45508536320676835,0.5037585019224401,0.04115613487079154
0.45661844386741235,0.5024962513994528,0.04088530473313459
0.45846619711216163,0.5006848786204856,0.04084892426735285
0.45801855137291847,0.500849598922833,0.041131849704248276
0.458046754310961,0.500824453254874,0.041128792434165125
0.45830617436384435,0.5005433295363511,0.04115049609980472
0.45588218414905407,0.5030316584134735,0.041086157437472286
0.45816657845374326,0.5009765434057069,0.040856878140550175
0.4558402555833569,0.5029129828140947,0.0412467616025484
0.4583434187846303,0.5006579832785132,0.04099859793685629
0.45396274140454346,0.5053714551221546,0.04066580347330167
0.45610202392801563,0.5027029088146343,0.041195067257350136
0.4542085178142118,0.5045298588643701,0.041261623321418125
0.4565425959986285,0.5022798160938029,0.04117758790756857
0.45637038348182707,0.5026696142315569,0.04096000228661616
0.45837498897448026,0.5003218683314267,0.04130314269409315
0.45687711529490455,0.5019531239186251,0.04116976078647026
0.45572854028304605,0.5030787803720191,0.04119267934493452
0.45717544801374643,0.5016127914996104,0.041211760486643045
0.454692642892459,0.5040559700488089,0.04125138705873225
0.45825502300901794,0.5005587320503063,0.041186244940675625
0.454282276054416,0.5046253713028026,0.04109235264278119
0.4614818054143548,0.5065299846638157,0.03198820992182953
0.4578266170589794,0.5009142815058758,0.04125910143514467
0.4558747075318539,0.502932662744758,0.041192629723388094
0.4580164181827322,0.5008798277450472,0.041103754072220514
0.45714033470814047,0.5017557750669865,0.04110389022487293
0.4578687889833718,0.5009194225575363,0.04121178845909193
0.45736251277969986,0.5015322826466085,0.04110520457369174
0.4577698588332601,0.5010764038422775,0.04115373732446274
0.4581333031490133,0.5007243358073612,0.041142361043625356
0.45673262967289024,0.5022558672669973,0.04101150306011213
0.46128196254216647,0.5058387366973899,0.03287930076044351
0.4549401259965096,0.5039287604293399,0.04113111357415078
0.454692691285353,0.5040961439332416,0.04121116478140538
0.4543564577518714,0.5046453639260997,0.04099817832202909
0.45481856460134984,0.5039187186271302,0.04126271677151985
0.4579738006288558,0.5008237212828675,0.04120247808827687
0.457894760513374,0.500953845360934,0.04115139412569175
0.45701833481841114,0.5019333051755357,0.041048360006053046
0.4568704560473448,0.502035927172067,0.041093616780588094
0.4579529030792035,0.5008754391664598,0.041171657754336684
0.4582949054609535,0.5006131044824017,0.04109199005664483
0.45826455341380634,0.5005965814829819,0.041138865103211776
0.4545777672801048,0.5042021736347202,0.04122005908517506
0.45833164258504266,0.5005918832065885,0.04107647420836868
0.4580738916668928,0.5010225156097808,0.0409035927233266
0.45820331010621596,0.5006204986874454,0.04117619120633867
0.45816428339357473,0.5006838824380585,0.04115183416836683
0.45968609858025755,0.5028471347864477,0.037466766633294596
0.45816411591820283,0.5005893346029456,0.04124654947885179
0.45729143862709826,0.501851584927781,0.040856976445120374
0.45807781699996575,0.5009215970884153,0.041000585911619085
0.4583601917013979,0.5005921038302843,0.04104770446831788
0.45794200728462947,0.5009032643842289,0.041154728331141796
0.45760586351079563,0.5011804545225859,0.04121368196661836
0.45806675594752133,0.5009189948352124,0.041014249217266104
0.4581898859686784,0.5005715391965023,0.041238574834819124
0.4582876275391079,0.5005881956225937,0.041124176838298304
0.45773694797609105,0.5011265280456852,0.04113652397822389
0.45775301185959977,0.5010041526888864,0.04124283545151384
0.4582137368372565,0.5005661269919703,0.041220136170773004
0.45683510614875084,0.5019804345223743,0.04118445932887515
0.45777854984460103,0.5010710081207768,0.04115044203462219
0.45773521838769343,0.5013358423276028,0.04092893928470365
0.4582318194014766,0.500863757037887,0.04090442356063619
0.45839098922943344,0.5004194088162632,0.04118960195430325
0.45463558038430857,0.5043014782650174,0.04106294135067391
0.45770179862323357,0.5013550183822794,0.04094318299448693
0.4582381129074957,0.5006529337941955,0.041108953298308645
0.4577948735383945,0.5011856025718254,0.04101952388978016
0.4561091319493818,0.502847195409262,0.041043672641355965
0.4583517141791141,0.5006506860114941,0.04099759980939191
0.45576710622899114,0.5029786557651343,0.041254238005874334
0.4543949719758104,0.5045598176051198,0.04104521041906992
0.45879849484545293,0.5010572377668754,0.04014426738767194
0.4567904385347554,0.5020155759543592,0.04119398551088535
0.454995620404099,0.5038977843927092,0.04110659520319184
0.4574436758026642,0.501393827477835,0.04116249671950059
0.45645315388736696,0.5023302538051221,0.041216592307510735
0.4570841992442494,0.5017567499743976,0.04115905078135287
0.45759954232340433,0.5012279428384651,0.041172514838130704
0.4580932484612726,0.5006422281371308,0.04126452340159664
0.4583626993337571,0.5005068307500227,0.04113046991622035
0.45520297639584895,0.5036333757764263,0.041163647827724685
0.45823338593696394,0.5005179169878117,0.04124869707522449
0.4581792367776921,0.5006213378508482,0.04119942537145969
0.4576997325018785,0.5011319337516186,0.0411683337465028
0.45811608523274655,0.5007065794054164,0.04117733536183683
0.4577792869893376,0.5010713500723404,0.04114936293832211
0.45830655745933957,0.5003901191276646,0.04130332341299557
0.45605584194235593,0.5030227589327323,0.04092139912491181
0.4561262672965988,0.5026737033230485,0.04120002938035278
0.455952625886849,0.5031809382376375,0.040866435875513404
0.45747137522977843,0.5014434379799012,0.041085186790320125
0.45742221782039066,0.5014337575758527,0.041144024603756595
0.45811382791734867,0.5006474668008315,0.04123870528181974
0.4579828667178716,0.5008665786836991,0.04115055459842912
0.4581633015856993,0.5006067701506057,0.041229928263694864
0.45825783877041787,0.5006236008655437,0.041118560364038506
0.45760548924867606,0.5011740869584548,0.041220423792868915
0.4579982725495724,0.5008570815007197,0.04114464594970773
0.4580115603974736,0.5008277675679466,0.041160672034579904
0.45767059037020735,0.5011030587516384,0.04122635087815418
0.4580000114169813,0.5008577092177918,0.04114227936522675
0.45726883316969236,0.501539426969817,0.04119173986049076
0.4574655029449848,0.5015107147405093,0.04102378231450598
0.4579413186087706,0.5007916566409443,0.041267024750285146
0.45329115416213955,0.5056513122537791,0.04105753358408119
0.45436290146349967,0.5046322961253863,0.04100480241111414
0.4581270200631151,0.5007598855197797,0.04111309441710523
0.45767191048648764,0.5013574538154065,0.04097063569810583
0.45564086893883304,0.5033341101818065,0.04102502087936079
0.4580214514125585,0.5009621027398486,0.041016445847592606
0.4581270160194397,0.500650202355669,0.04122278162489125
0.4574740293652828,0.501663722850188,0.04086224778452918
0.45761673296871386,0.5014889869772653,0.04089428005402085
0.4559616531635759,0.5029285180346489,0.041109828801775085
0.4575684812199525,0.501440553604194,0.04099096517585339
0.45729802604939856,0.5016413219092284,0.041060652041373186
0.45624683795142035,0.5033027653083179,0.04045039674026173
0.45835828781547217,0.5006503777662625,0.04099133441826546
0.4552685722965109,0.5034970789116885,0.04123434879180045
0.45669955610369267,0.5020694663692878,0.04123097752701947
0.4569849665733273,0.5019461053933336,0.0410689280333389
0.4580571263478063,0.5007998525491262,0.041143021103067764
0.458148345648017,0.5007555706744479,0.04109608367753512
0.4576405223029347,0.501194846721983,0.041164630975082196
0.45795400400649333,0.5014444839376244,0.040601512055882014
0.45723030130924847,0.5016397654089548,0.04112993328179664
0.4559282074577263,0.5034506976560744,0.0406210948861993
0.4579981948292222,0.501292592188943,0.04070921298183499
0.45776967749483666,0.5011883120566283,0.04104201044853514
0.4542314894278998,0.5045587990194983,0.041209711552602085
0.4575006778106807,0.5013423808132523,0.041156941376066944
0.45429262957467503,0.5044504575209007,0.04125691290442434
0.45519906170037083,0.5036599361802562,0.04114100211937304
0.45824479724810135,0.5005389341567459,0.0412162685951528
0.4582327036721071,0.5006193842602175,0.041147912067675436
0.4226861010721804,0.4820005838987098,0.0953133150291097
0.4541579931471603,0.5047385492335524,0.04110345761928718
0.4592410653580242,0.5008456215891172,0.039913313052858675
0.45827588116702356,0.5005903051456715,0.041133813687304975
0.4565754404466277,0.5022405362468791,0.04118402330649334
0.4541395420884469,0.5047854903472504,0.04107496756430259
0.4580746658718019,0.5008508004374665,0.041074533690731566
0.45814632751410417,0.5006803564373884,0.04117331604850745
0.45819777346469553,0.5006004687872735,0.04120175774803079
0.45844851537458337,0.5006499807995816,0.04090150382583494
0.4577798503560231,0.501076032282112,0.04114411736186507
0.4573754896704075,0.5015048716845072,0.041119638645085395
0.4582501948406633,0.500607130640348,0.04114267451898864
0.457956806570933,0.5008628919476633,0.04118030148140381
0.4581524801628641,0.5006757645022047,0.04117175533493118
0.4581813220724464,0.5006357132325516,0.04118296469500168
0.45717097417981517,0.5015930873763298,0.041235938443854994
0.45795797973244723,0.5013053223619237,0.04073669790562909
0.45301592875554125,0.5059648966843683,0.04101917456009041
0.45747977381578403,0.5012930588265182,0.04122716735769783
0.4555089661265561,0.5033297573278941,0.04116127654554995
0.45820353444552,0.5009104912206808,0.040885974333799084
0.4539665383075725,0.5047617451858051,0.041271716506622695
0.4568098696588677,0.5020134488973631,0.04117668144376906
0.4545208696626276,0.5042607023451549,0.041218427992217435
0.4571871631862596,0.5033060788399579,0.03950675797378247
0.457828893084899,0.501242027402133,0.04092907951296782
0.4581591158675553,0.5006970128938178,0.04114387123862687
0.4584612924990649,0.5005995334582609,0.04093917404267425
0.45678183469250827,0.5021765718496723,0.04104159345781935
0.45691022523169483,0.5020336857866333,0.04105608898167187
0.4581374701139698,0.5006647418940481,0.04119778799198207
0.4581972348619589,0.500712163163659,0.041090601974382156
0.45778281354372624,0.5010629879142132,0.04115419854206052
0.4580553153418261,0.5006522182645013,0.04129246639367259
0.4590010104146601,0.501756339792887,0.03924264979245277
0.4568756520706208,0.5019221474914932,0.041202200437885875
0.4582385505183929,0.5006272529437933,0.0411341965378136
0.458191363681914,0.5006471794415914,0.04116145687649462
0.45792971420214384,0.5009116443102812,0.041158641487575
0.45799927489986975,0.5008921945839959,0.041108530516134396
0.45803363755226956,0.5007774894627733,0.04118887298495687
0.4582440476515914,0.5006088086132647,0.041147143735143804
0.4568642794313025,0.5020011296941803,0.04113459087451707
0.45835133597515115,0.5006791174263645,0.04096954659848401
0.45592126389093984,0.502933138430271,0.041145597678788975
0.45862226309724946,0.5007198964761117,0.04065784042663895
0.45459941974550366,0.5043308139646542,0.04106976628984199
0.4573914237739774,0.5013689313900381,0.04123964483598461
0.4575087501826575,0.5012390205404456,0.041252229276896916
0.45766316071116453,0.5008430135049426,0.041493825783892976
0.4571112892029198,0.5016469078320012,0.041241802965079205
0.45733714465538,0.5015418323279756,0.04112102301664461
0.4572845013499566,0.5024627616626698,0.040252736987373854
0.45511100293698237,0.5037478493924077,0.04114114767060969
0.4579518442955898,0.5008473941047483,0.04120076159966198
0.45823583577346355,0.5006331666095242,0.04113099761701244
0.4567329961006112,0.5022420813209464,0.041024922578442286
0.45820121718486895,0.5006167472419215,0.041182035573209326
0.4581938315454,0.5006574194400212,0.041148749014578975
0.4555617455778465,0.5031990351482103,0.041239219273943147
0.4565881211840376,0.5025245390576217,0.040887339758340975
0.45830353537657603,0.5006003785262669,0.04109608609715721
0.4579551875119518,0.5008515374660838,0.04119327502196425
0.45826967676838554,0.5005737138432657,0.04115660938834862
0.45758268617283576,0.5012057568866132,0.041211556940551
0.45786464468974913,0.5010600591283698,0.04107529618188109
0.45824021093725703,0.5005167307159923,0.041243058346750607
0.45791515289142287,0.5009080682763207,0.04117677883225638
0.45746702827451835,0.5014300739494364,0.041102897776045394
0.45631253710544845,0.5026862050663506,0.0410012578282009
0.4586851826201753,0.5010405751795715,0.04027424220025329
0.4576941695093279,0.5012886414249854,0.04101718906568686
0.4579055668839025,0.5012456468727334,0.04084878624336422
0.45639254870211965,0.5023907893082519,0.041216661989628416
0.4579669081305185,0.5010400099707885,0.040993081898693114
0.4579708580542812,0.5009194520565525,0.0411096898891663
0.4583374402110003,0.5006425100725622,0.041020049716437496
0.45800177765747907,0.5008435048727433,0.04115471746977783
0.4579108386481047,0.5008743038913245,0.04121485746057092
0.45826434737712357,0.5005818055714674,0.04115384705140899
0.45779311119573507,0.5010375383854195,0.04116935041884549
0.45774871946596357,0.5011284892982335,0.04112279123580298
0.45713023981027273,0.501792278583649,0.04107748160607812
0.4576537321716147,0.5011312236050591,0.04121504422332631
0.45240741974671356,0.5064801792030964,0.04111240105019018
0.45820558997206184,0.5005931952002158,0.041201214827722134
0.45617082126098984,0.5026102404693954,0.04121893826961443
0.45798095164306624,0.5009024325986176,0.04111661575831617
0.4571720158920681,0.5018447329576055,0.04098325115032655
0.4570252546240213,0.5024942529943055,0.04048049238167337
0.45711671919053426,0.5017845741447213,0.041098706664744286
0.4582530833879714,0.5006414131609067,0.04110550345112169
0.45718591147646187,0.5017389018509205,0.04107518667261772
0.4580564492853459,0.5007888931232585,0.04115465759139575
0.4548976160494858,0.5038537877941403,0.041248596156373836
0.45877349895612574,0.5014279802936566,0.03979852075021764
0.4536653955641361,0.5053324348031921,0.04100216963267188
0.4585791396947929,0.5002414735779236,0.041179386727283274
0.45575376794415495,0.5031741783463248,0.04107205370952049
0.45834586541455696,0.5010106879770234,0.040643446608419634
0.45831138953714534,0.5011594631769529,0.040529147285901755
0.455735621979526,0.5030203666245288,0.04124401139594524
0.45592961144914335,0.5029447492820837,0.04112563926877297
0.45655769030828985,0.5023540087677751,0.04108830092393496
0.45873013624725867,0.5010437440767552,0.04022611967598602
0.4576452154445102,0.5012247033459916,0.04113008120949849
0.45800827820319373,0.5009207210702472,0.04107100072655896
0.4579785751218727,0.5007979100510208,0.04122351482710668
0.458149437759549,0.5005606996849593,0.04128986255549188
0.4579732385758981,0.5008459548523189,0.04118080657178304
0.4539472442925219,0.5050245472966521,0.041028208410825634
0.45808905091709107,0.50067024602868,0.041240703054228736
0.4574260269339225,0.5014373623151777,0.04113661075089991
0.45738858096575147,0.5013505038247505,0.041260915209498095
0.45806404370333315,0.5013770951512971,0.04055886114536968
0.4582181009676628,0.5005776164754179,0.04120428255691939
0.45607336714013935,0.5029195113783416,0.04100712148151912
0.454664664514908,0.5041579322472662,0.041177403237825656
0.45781073652571963,0.5010566996253201,0.04113256384896012
0.457681297809648,0.50112009007555,0.04119861211480166
0.45752374030812115,0.5014087213995261,0.04106753829235281
0.4595385425867202,0.5035190649239916,0.03694239248928824
0.45420488659689606,0.5037955060332827,0.041999607369821335
0.4578784553377166,0.5009342025979713,0.04118734206431221
0.45496554971807646,0.5039075953917537,0.04112685489016995
0.4567239191181042,0.5018729666947727,0.041403114187123294
0.4583172620974777,0.5006324409289424,0.04105029697357971
0.4581649879077669,0.5006969087151175,0.04113810337711543
0.4580159150932384,0.5008608227038036,0.041123262202957936
0.4585130815187425,0.5016868616562757,0.039800056824981514
0.4583169605731184,0.5008568626469806,0.040826176779901
0.45566265508392906,0.5031937825706599,0.041143562345410965
0.45780331192451024,0.5010933860202854,0.041103302055204294
0.4581828064027279,0.5005431854757668,0.04127400812150516
0.4583372734236516,0.5003762035174119,0.0412865230589366
0.45826830274925434,0.5006297752432112,0.04110192200753447
0.45805904306371387,0.5008023468666987,0.04113861006958747
0.45661801802666996,0.5021440291270808,0.04123795284624932
0.4568329025242683,0.5020447735264443,0.04112232394928754
0.4584898289483512,0.5008743604829857,0.04063581056866315
0.45817547389909036,0.5005619056371176,0.04126262046379213
0.45686715604112155,0.5020212467802416,0.0411115971786366
0.4582458872513185,0.5006106480136628,0.04114346473501853
0.4590753275867326,0.5015282686301408,0.039396403783126824
0.45760746302533545,0.5013749617658817,0.0410175752087828
0.4572882836948029,0.5016392775337801,0.04107243877141685
0.4559899746694861,0.5029978521953868,0.04101217313512702
0.453916048834047,0.5050619586874134,0.041021992478539604
0.45669792447640384,0.502171241637266,0.04113083388633012
0.4576829718341947,0.5011711566202637,0.04114587154554166
0.45798521090603356,0.5007921363335197,0.0412226527604465
0.4580093475767562,0.5009691280797597,0.04102152434348414
0.4579442131678299,0.5014598508880411,0.04059593594412923
0.45866297962347025,0.5008407497804738,0.0404962705960559
0.4573110323640274,0.5016380315335492,0.04105093610242332
0.45774483096481433,0.5011047505792936,0.04115041845589175
0.457724974063054,0.5010829231564614,0.04119210278048483
0.45796971871702735,0.5008536465047557,0.04117663477821657
0.4585035871310895,0.5003086469323753,0.041187765936535094
0.459716909930282,0.5024673531712587,0.03781573689845906
0.4557332958392817,0.503119585638968,0.04114711852175049
0.4578602761036333,0.5009926762336697,0.041147047662697146
0.45743180430824787,0.5014527788773964,0.04111541681435555
0.4579464694862744,0.5007817355235078,0.04127179499021809
0.4569481477601711,0.5018283341734263,0.04122351806640257
0.45647698466416053,0.5023313267920682,0.04119168854377139
0.454289068523219,0.5044671231307413,0.04124380834603957
0.4576931705270298,0.5011536265738367,0.041153202899133705
0.4578696671127127,0.5008706990303206,0.0412596338569664
0.45807819493734064,0.5009145475763461,0.04100725748631335
0.45822045653869836,0.5005662507109346,0.04121329275036709
0.4578232214516241,0.5009746365718487,0.041202141976527246
0.4582032073776947,0.500697397748761,0.04109939487354443
0.4579536772656528,0.5008768855330673,0.04116943720127994
0.45827926625609494,0.5006548990183256,0.04106583472557937
0.4575088384643986,0.5012508986238868,0.0412402629117146
0.4575159954552041,0.5013249954105066,0.0411590091342894
0.4575886523516371,0.5012709044734417,0.04114044317492111
0.4578848624667072,0.5010534638621393,0.04106167367115367
0.45802463893945916,0.5008582559385454,0.0411171051219954
0.4603609395169454,0.5031726011880638,0.036466459294990816
0.45819552531540414,0.5010221701197174,0.040782304564878476
0.45821328219039836,0.5006787342180723,0.04110798359152926
0.4581642068940972,0.500640592099866,0.04119520100603679
0.4613677801036748,0.5053180699078481,0.033314149988477385
0.45788195404101867,0.5008386746742572,0.041279371284724004
0.4562488013912758,0.5024427865691954,0.041308412039528807
0.4579637354310256,0.5008386303202547,0.04119763424871984
0.4579785084949161,0.5008081235038889,0.04121336800119504
0.4582470350171134,0.5005409968352874,0.0412119681475992
0.4583350899599314,0.5006519691301374,0.04101294090993109
0.45774934123503336,0.5011436030863712,0.041107055678595364
0.4579957240715752,0.5010001542287,0.041004121699725
0.4577667485752852,0.5010576736055284,0.041175577819186286
0.45766001912155396,0.5012025361112332,0.04113744476721292
0.45815203204967386,0.5006858775095802,0.04116209044074612
0.45842406222720483,0.5009613947904389,0.04061454298235633
0.45741292534392675,0.50142870990005,0.04115836475602321
0.4580617705593523,0.5009305743521975,0.04100765508845028
0.4579606478536412,0.5009360244171924,0.04110332772916633
0.4580466355583324,0.5007063629520048,0.04124700148966283
0.45825208538240675,0.5006828114560399,0.04106510316155305
0.4583891232376656,0.5007530470642894,0.04085782969804508
0.45626666291719326,0.50256958055134,0.04116375653146654
0.4579234391362874,0.5009741812346984,0.041102379629014
0.43458848541627143,0.48586394798227667,0.07954756660145193
0.45820350836368695,0.5005982030637163,0.04119828857259709
0.45336689924225815,0.5056482998818032,0.04098480087593865
0.4546381851466628,0.5042244724412475,0.041137342412089675
0.4582543654693056,0.5005468942045878,0.04119874032610646
0.4582106866287115,0.5010326898912515,0.04075662348003732
0.45820941192968084,0.5005425495253345,0.041248038544984815
0.4582347985761929,0.500568030244259,0.04119717117954814
0.4581756529822721,0.5006511270027858,0.04117322001494202
0.45805243430058223,0.5007568450821254,0.0411907206172923
0.45737412666694777,0.5014191545338545,0.041206718799197656
0.4544638032943854,0.5044924918069136,0.04104370489870119
0.45657590604733816,0.5022179040307919,0.04120618992187012
0.4541903154048174,0.5045360612019015,0.041273623393281035
0.4590071037057383,0.5024876927513939,0.03850520354286783
0.45819455280449134,0.5005579122341546,0.04124753496135408
0.4583590453895909,0.5006033557251016,0.04103759888530726
0.4550813678062155,0.5042136737931862,0.040704958400598165
0.45558338980329155,0.5032991255116896,0.04111748468501886
0.45736321812638375,0.5014459060962849,0.04119087577733112
0.45788666802591166,0.5009732146467624,0.0411401173273257
0.45823428501079805,0.5006418090137476,0.04112390597545417
0.4583545391317685,0.5006121732640998,0.041033287604131705
0.45787332437301353,0.5009422809678933,0.04118439465909317
0.45613508418542487,0.5029280155098836,0.040936900304691444
0.4592529460558249,0.5018277295348461,0.038919324409329006
0.45842359498434243,0.5007340096945707,0.04084239532108707
0.45889484217919424,0.5007181189162427,0.0403870389045632
0.45805588453450474,0.5008053984414916,0.04113871702400363
0.4572012467840869,0.5017513127167075,0.0410474404992056
0.4575533552567544,0.5012540877291068,0.04119255701413867
0.45795483384253877,0.5008438055288214,0.041201360628639806
0.4578185108797043,0.5010768112385983,0.0411046778816975
0.45808871580740146,0.5010324265027178,0.04087885768988078
0.455240489453037,0.5036001699994368,0.04115934054752625
0.45408809374174125,0.5048846904727687,0.04102721578548985
0.45828670850562253,0.5005239949291719,0.041189296565205556
0.4548832348777232,0.5039616403328626,0.041155124789414056
0.45720243641006697,0.5016840007751453,0.041113562814787674
0.4572213404638331,0.5017938343339564,0.040984825202210765
0.45827138027962055,0.5005228811691502,0.041205738551229165
0.4565779443266471,0.5022810447341399,0.0411410109392129
0.46008218136681284,0.502798717692228,0.037119100940959215
0.4545533885506698,0.504253681504328,0.04119292994500226
0.4582028183344175,0.501280186665501,0.04051699500008169
0.458606801700014,0.5011948448098512,0.04019835349013457
0.4569278744028526,0.5021574914340899,0.04091463416305758
0.45835171838848027,0.500576147498797,0.041072134112722675
0.4564243097890135,0.5024666273951958,0.04110906281579094
0.45704769711017074,0.5019595207792312,0.04099278211059821
0.45633425740023054,0.5025169653244811,0.041148777275288345
0.45746740295193306,0.50137994163322,0.04115265541484679
0.45842906523235377,0.5006049651621431,0.040965969605502896
0.45842630045748417,0.5013815127488734,0.04019218679364237
0.4571584290550699,0.5017482194103168,0.0410933515346136
0.45598299677433496,0.5028325383656849,0.0411844648599802
0.4574370022141522,0.501692837463492,0.040870160322355804
0.45457414369992544,0.5042804196084247,0.041145436691649856
0.4574016112796201,0.5015782577218497,0.04102013099853041
0.4602448023848429,0.5032694548107444,0.036485742804412705
0.4579358133240436,0.5009360736076869,0.04112811306826965
0.45855006695488165,0.5008992222916141,0.04055071075350441
0.45826106682196416,0.5006612895384224,0.041077643639613665
0.4562568596978593,0.5025428610469143,0.04120027925522632
0.4574736712580007,0.5013993092819521,0.04112701946004701
0.4573882392831837,0.5015495317160442,0.041062229000771874
0.4576550962887023,0.5011602240607245,0.04118467965057341
0.4579596927371855,0.5008968658628246,0.04114344139998999
0.4576630183202104,0.5012181804577466,0.04111880122204299
0.45815680752501137,0.500549778430268,0.04129341404472037
0.45675712220263825,0.5021003515425484,0.0411425262548133
0.458248425351489,0.5006102947150985,0.04114127993341244
0.4583961477812485,0.5004300102045415,0.04117384201421026
0.45985279944156515,0.5030150907034695,0.0371321098549654
0.45767559652917916,0.5014219516023479,0.04090245186847318
0.46091723442323695,0.5073406613835223,0.031742104193240805
0.4579558078413572,0.5017989588577488,0.040245233300894065
0.4602701492112746,0.50353041026159,0.03619944052713542
0.4561728443910621,0.5027224674138598,0.0411046881950778
0.45629450412074746,0.5026822446658762,0.04102325121337613
0.4558961065539943,0.5029917458839834,0.041112147562022174
0.4562418217176298,0.5027809550431617,0.0409772232392086
0.4554289373889849,0.503500621526112,0.04107044108490307
0.4548041885814343,0.5040320716856468,0.041163739732919265
0.45796791201722986,0.500832915887453,0.04119917209531692
0.4584085774055506,0.5007938537642252,0.04079756883022429
0.4579062934740751,0.5009336043981277,0.04116010212779722
0.45827964637877633,0.5005571215435735,0.04116323207765069
0.45779515472030047,0.5010080725001866,0.04119677277951299
0.45783644785404615,0.501042752172999,0.04112079997295487
0.4579950018872576,0.5008797811548085,0.04112521695793385
0.4542277309092029,0.504531086656973,0.04124118243382399
0.4582951547393547,0.5006114431502796,0.04109340211036543
0.45714035616897614,0.5017421859663834,0.04111745786464021
0.4569224809701772,0.5020071558940404,0.041070363135782426
0.45719183359796295,0.501706422039633,0.04110174436240388
0.45788254007184515,0.5010659955516018,0.04105146437655302
0.4553151994928466,0.5035858340622977,0.041098966444855625
0.4564364441028655,0.503164480308841,0.040399075588293636
0.4587878401126478,0.5010742683959961,0.04013789149135618
0.45771838228483924,0.501467383391758,0.04081423432340282
0.4580872030079963,0.5006749671464519,0.04123782984555182
0.45725077804560815,0.5017101109533868,0.04103911100100507
0.457485091859289,0.5013507303049879,0.041164177835723126
0.45736848801307023,0.5015994997699558,0.04103201221697427
0.4582643341656446,0.500640270522217,0.04109539531213834
0.457650267302245,0.501644595082088,0.04070513761566676
0.45927964421614653,0.5018234794493022,0.03889687633455121
0.4580657490136169,0.5004509153643113,0.04148333562207154
0.4583085440898169,0.5010912150617777,0.040600240848405286
0.4533104636705201,0.505756189453449,0.0409333468760308
0.45439468958058715,0.5044746236476827,0.04113068677173017
0.45815313105482885,0.5005240470298526,0.04132282191531869
0.45796164036732356,0.5008712463306316,0.041167113302044825
0.45769549808358945,0.5010666661637155,0.041237835752695
0.45820197269743995,0.5006076423675658,0.04119038493499423
0.45834828247754444,0.5005760217256395,0.041075695796816
0.45733167256584756,0.5018119810697793,0.04085634636437329
0.4573717874971181,0.5018334735174279,0.0407947389854539
0.458107969999288,0.5007729183641013,0.041119111636610396
0.45779320034603826,0.5012436783105049,0.04096312134345695
0.45802806053848216,0.5008395465839063,0.041132392877611494
0.4582392396445179,0.5006151940051567,0.04114556635032498
0.45746187091812557,0.501294089457048,0.041244039624826354
0.45828483203473686,0.5005283795299196,0.04118678843534343
0.4567759554041804,0.5020578539536413,0.04116619064217811
0.4584297347228319,0.5012595597293064,0.040310705547861765
0.45552733136027884,0.5033087292262423,0.04116393941347889
0.45767899406126195,0.5011199270372819,0.04120107890145635
0.45825836982853774,0.5004879767162753,0.041253653455187035
0.4583318516131667,0.5006536389464133,0.041014509440419976
0.4568286810697925,0.5019936571966135,0.04117766173359391
0.4577365519308472,0.5012114111066552,0.04105203696249775
0.4576643030679824,0.501179522982998,0.041156173949019784
0.45722194564389035,0.5016514965198962,0.04112655783621361
0.458379266138301,0.5007695759792289,0.04085115788247019
0.45804341986859487,0.5009598396416721,0.04099674048973285
0.45677882066371245,0.5021342078747785,0.041086971461508956
0.4613279169247223,0.5057078050189575,0.032964278056320025
0.4580469724692599,0.5007670103171507,0.04118601721358936
0.4582532799454375,0.5005081205170873,0.0412385995374752
0.45866640962897337,0.5011229723645513,0.040210618006475476
0.4581641248551473,0.500615028541425,0.041220846603427716
0.4580016685702481,0.5008785287895905,0.04111980264016129
0.457869073835678,0.501027510089221,0.0411034160751011
0.4533418629924976,0.5054771112735812,0.041181025733921316
0.4598116511280816,0.5026839503036938,0.03750439856822464
0.4581585037939937,0.50089163580207,0.04094986040393625
0.4583443313302762,0.5011954402206686,0.04046022844905517
0.4582516936673537,0.5007308657929569,0.04101744053968937
0.4574549590772399,0.5014789969831733,0.04106604393958704
0.4582256009803909,0.5005399629506468,0.04123443606896218
0.45785440452572307,0.5008779723407554,0.041267623133521725
0.4583047291812931,0.5006252504905321,0.041070020328174923
0.4581416056105161,0.5007142874676347,0.04114410692184923
0.45715358382068494,0.5018030594812178,0.04104335669809689
0.45787073868561645,0.5002681891174184,0.041861072196964964
0.45572659140152955,0.5032948487894819,0.04097855980898826
0.45844526750177733,0.5007698748400599,0.040784857658162775
0.45573455881606906,0.503258998341408,0.041006442842522924
0.45475125249035225,0.5041577689796599,0.04109097852998779
0.45814845255579106,0.5006841696288286,0.04116737781538041
0.45824945328230793,0.5005193051027406,0.04123124161495145
0.4580215493613473,0.5008828881554237,0.04109556248322871
0.458210442724847,0.5005854904547058,0.041204066820447166
0.45814869848464324,0.5007602041395846,0.0410910973757722
0.45860202195605404,0.5009681761548341,0.04042980188911195
0.4561102015074653,0.5026203940911076,0.04126940440142691
0.45821162573205193,0.5005823025293504,0.04120607173859761
0.45425862537191314,0.5047611823575686,0.040980192270518266
0.45785349834991274,0.5011054343668956,0.04104106728319176
0.45718570674474956,0.5016780876702809,0.04113620558496949
0.45825341193829017,0.5005975893133852,0.04114899874832457
0.4581484114921264,0.5006779997711572,0.041173588736716345
0.4581202823806446,0.5007421262737386,0.04113759134561664
0.4567903256021696,0.5023091486967948,0.04090052570103577
0.45778889652117954,0.5014052051593797,0.040805898319440766
0.4569561891799678,0.502672975477918,0.04037083534211419
0.45705301252591796,0.5020306927536432,0.04091629472043901
0.45671966118137286,0.5023870976573109,0.040893241161316395
0.45464303277042384,0.504096925554679,0.041260041674897226
0.45873181829774795,0.5009907809329716,0.04027740076928053
0.4561494856034665,0.5026014664027677,0.04124904799376571
0.4584116772393101,0.500542301984265,0.04104602077642498
0.45822690302756103,0.500659771949973,0.04111332502246621
0.45710153220848965,0.5018379779454823,0.04106048984602803
0.45753564853163115,0.5013651235941148,0.04109922787425427
0.4570850008053017,0.5017779150394214,0.041137084155276775
0.45845625821708413,0.5008439897958749,0.04069975198704101
0.45815992279106416,0.5005628184948024,0.04127725871413323
0.4585733664464089,0.5005234201938353,0.040903213359755816
0.4582593454736282,0.500751709425277,0.04098894510109488
0.4583698290045948,0.5003986758868924,0.04123149510851265
0.4579282408074,0.5009217935170787,0.04114996567552122
0.45381978198429695,0.5050271632679701,0.04115305474773287
0.4552500277398703,0.5035763392386351,0.04117363302149441
0.4556719701765501,0.503119729061279,0.041208300762170635
0.454082385314276,0.5049344844453867,0.04098313024033752
0.45824564542415863,0.5006751318771391,0.04107922269870209
0.4542503301998033,0.5045160446588937,0.041233625141302965
0.4581581766737502,0.5012360347171834,0.040605788609066634
0.4554244621552943,0.5035084849198158,0.041067052924889685
0.4559765997955617,0.5029542505821483,0.041069149622290156
0.45823982949901565,0.500569442037154,0.04119072846383039
0.45809850845450706,0.5010482100877299,0.04085328145776299
0.45722235012573703,0.501733424224802,0.04104422564946114
0.4569658063302027,0.501821134139415,0.04121305953038235
0.45814335013749546,0.5007557187151804,0.04110093114732437
0.45811375170751006,0.5008589267393581,0.041027321553131935
0.4571088354225761,0.5018260787509089,0.04106508582651516
0.4573538634104385,0.5015153484340932,0.04113078815546828
0.4571904038107529,0.5021705308396841,0.04063906534956306
0.45835157545404515,0.5008312384705583,0.040817186075396576
0.45827671766371036,0.5009491462070945,0.0407741361291949
0.4572612557518334,0.5016572507883753,0.04108149345979104
0.4573646894392266,0.5015245781699024,0.04111073239087113
0.45821409279884145,0.5005529815429255,0.041232925658233145
0.4578862203136296,0.5008588265088146,0.041254953177555634
0.45828635239378096,0.5005689368010272,0.04114471080519182
0.45798568570206905,0.5008566047012856,0.04115770959664531
0.45685100473790036,0.5018971081828524,0.0412518870792472
0.45669019075518463,0.5021385137491957,0.04117129549561957
0.4574593391019534,0.5013919455455293,0.04114871535251737
0.4543636966196478,0.5045780526284442,0.04105825075190789
0.4582798612659725,0.5005993705332129,0.041120768200814506
0.45833831451904455,0.5006311701145931,0.04103051536636233
0.45811996106816405,0.5007734774874463,0.04110656144438956
0.4550663904778157,0.5037760957769288,0.04115751374525548
0.45496107625166865,0.5039793174904679,0.04105960625786326
0.4582557381495375,0.5005430150167399,0.041201246833722865
0.45838029646690054,0.5006242366946297,0.04099546683846977
0.4582289523514924,0.5008479362896935,0.04092311135881397
0.45801404878891505,0.5008053166552041,0.04118063455588103
0.4573278713937672,0.5015407625905508,0.04113136601568216
0.4581264602756424,0.500578071680673,0.04129546804368434
0.45822876641895227,0.5005634578091787,0.04120777577186912
0.4578693524696051,0.5010369724103875,0.04109367512000781
0.45819613241715657,0.5005541993826985,0.04124966820014498
0.45661422407963026,0.5022996334947673,0.04108614242560257
0.4573669346683768,0.5015914531854622,0.041041612146161324
0.4550098031932678,0.5038356122596983,0.04115458454703395
0.45794209843835354,0.5009005734055665,0.04115732815608007
0.4581702593156649,0.5006832477494965,0.04114649293483864
0.4580568837576966,0.5008819186850462,0.04106119755725717
0.45818883980415326,0.5005775648228985,0.04123359537294845
0.45527985531682624,0.5036893366870681,0.041030807996105916
0.4582710117406225,0.5009872694983516,0.040741718761025676
0.45817193928075123,0.5006807807625949,0.04114727995665403
0.45731479149582965,0.5014339566534807,0.041251251850689515
0.45669876039948964,0.5021985896719199,0.041102649928590466
0.4581365591474486,0.5006209593565919,0.04124248149595958
0.4581701147755335,0.5007573367996598,0.04107254842480651
0.4568983891312157,0.5018964865420125,0.04120512432677187
0.4582419058459932,0.500716616061526,0.041041478092480835
0.45784366999794357,0.5008923887413027,0.04126394126075359
0.455534628036185,0.503922774349643,0.04054259761417191
0.45809613645284813,0.500759806058479,0.04114405748867275
0.45777297665917394,0.5010495842892211,0.041177439051604925
0.45815574154536054,0.500716348273164,0.0411279101814756
0.45366683021340304,0.5052998112594634,0.041033358527133586
0.45801383796540396,0.500863090547675,0.04112307148692092
0.4561297787976279,0.5026758433822398,0.0411943778201322
0.456730891688029,0.5019991580951048,0.041269950216866094
0.458173406412684,0.5006971128985979,0.04112948068871816
0.458247269582065,0.5006006291006444,0.04115210131729068
0.4576224536132884,0.5012295035938068,0.04114804279290464
0.4574405968615015,0.5013854889400722,0.0411739141984264
0.45554955977448697,0.5032378492720755,0.04121259095343761
0.45720711764548805,0.5016313780340632,0.041161504320448836
0.4578044275413898,0.500938827671122,0.041256744787488246
0.45757183239356347,0.5022925470416052,0.04013562056483134
0.45709371163955315,0.5016363319524095,0.04126995640803739
0.4569321914846332,0.5020620922635112,0.04100571625185553
0.45534157932255387,0.5036018938092851,0.04105652686816078
0.4581179839481939,0.5007397518181911,0.04114226423361486
0.45825676516153974,0.5007297374802702,0.04101349735819002
0.45815466474117617,0.5007690458425746,0.041076289416249044
0.4577210262463354,0.5010521825847751,0.04122679116888939
