0,1,2
0.5156506127917453,0.4607203485998909,0.02362903860836377
0.4607584761585995,0.49034483891630004,0.048896684925100554
0.4267555119033501,0.5313749520864998,0.041869536010150255
0.46612209761067736,0.49154511927678335,0.0423327831125393
0.4764002532295168,0.49194569963628243,0.03165404713420057
0.49108905428483196,0.47767651419242146,0.031234431522746634
0.48996680663402914,0.47443976928960396,0.03559342407636681
0.4214671849101831,0.5359723317530359,0.042560483336780745
0.453257745181717,0.5069136855490619,0.039828569269221265
0.397505556513886,0.5606700197319174,0.041824423754196455
0.4119548795799912,0.5443053698819087,0.043739750538099885
0.45348350762208456,0.5091538260210126,0.03736266635690281
0.501597817499836,0.456603773135263,0.04179840936490084
0.5076366696904867,0.4592055892688208,0.03315774104069253
0.49378278091138245,0.4772226235127922,0.02899459557582532
0.442443082325393,0.5186630453606116,0.03889387231399516
0.4257343897523965,0.5436800559411414,0.03058555430646196
0.5474994347021962,0.40965219756961396,0.04284836772818959
0.45153175113416044,0.5190349545824623,0.02943329428337722
0.4851315926405753,0.4790789025544095,0.03578950480501496
0.48514508681584956,0.4787342160038828,0.03612069718026762
0.3594124054162129,0.5954878819109498,0.045099712672837355
0.45923527040612877,0.5031032405073154,0.03766148908655589
0.4359342321940844,0.5228173200236819,0.04124844778223363
0.45430963856030776,0.5130397488952316,0.03265061254446064
0.4451218566341652,0.5302569298987596,0.0246212134670751
0.35975398183341195,0.5861745070035889,0.054071511162999214
0.5263189702725833,0.4348110019330377,0.03887002779437908
0.47909594929658994,0.480788131263071,0.04011591944033908
0.43848292909196457,0.5237939679796233,0.03772310292841207
0.48978047281815823,0.46592205485934407,0.04429747232249785
0.4702414547928897,0.502431173007911,0.027327372199199545
0.5150802096431359,0.44503315949936817,0.03988663085749597
0.47477373720749705,0.4836108101478615,0.04161545264464134
0.4685719972644972,0.48886868494818925,0.04255931778731359
0.4931306117711416,0.47925418478353227,0.027615203445326166
0.4324081012862787,0.5259840687140456,0.0416078299996756
0.41948053916731937,0.5429056475013757,0.03761381333130478
0.4169255929070302,0.5531660349977796,0.02990837209519013
0.4616448334380654,0.5094228789919303,0.028932287570004447
0.4088223349909565,0.5665376630949184,0.02464000191412495
0.4523962760473568,0.5090622206238652,0.038541503328777836
0.5304308208750635,0.43633317511332614,0.033236004011610344
0.4779244562161973,0.4698435304166266,0.052232013367176304
0.42487425787134325,0.5314891316102622,0.043636610518394375
0.5404932849097842,0.4216945763180111,0.037812138772204906
0.4426836063243516,0.49761365998276197,0.059702733692886555
0.48142352675050887,0.47514268085948613,0.043433792390004965
0.5536204324957364,0.41122170648290707,0.03515786102135612
0.4555562017307802,0.5029184777324587,0.041525320536761084
0.4284604858185659,0.533086347200387,0.038453166981047116
0.44039896385956295,0.5262210998716841,0.033379936268752776
0.49332021468710785,0.4636658613739688,0.04301392393892343
0.3873702312625881,0.5707976124693924,0.041832156268019435
0.41572234347295645,0.5435985439366865,0.040679112590357044
0.5066078314246778,0.4764133793015934,0.016978789273728864
0.43136642018812776,0.5310337073051308,0.037599872506741384
0.47429527163623814,0.48257129685497485,0.043133431508787214
0.4276093706479152,0.5355754423436945,0.03681518700839004
0.4857451765333986,0.46972064811425224,0.04453417535234914
0.42901493707928107,0.5307927589024453,0.04019230401827368
0.5019497574388493,0.45705171981280673,0.04099852274834422
0.5383388639649008,0.43717337166045844,0.024487764374640612
0.548529223639719,0.41646432029527786,0.03500645606500303
0.4147982583391029,0.5543895494550541,0.030812192205842873
0.48727368969552354,0.48559128898557874,0.027135021318897633
0.535985284217501,0.4306965632581285,0.03331815252437049
0.4615128033020832,0.49493678213623254,0.04355041456168415
0.4064315187256073,0.5618899070528137,0.031678574221578985
0.44108696007151305,0.51530635911648,0.043606680812007005
0.40335172080330156,0.5568054182670527,0.03984286092964583
0.46454618682316234,0.5082282475433941,0.02722556563344371
0.4952219217574435,0.4619655278495535,0.042812550393002996
0.4083094451047153,0.5484571952993695,0.04323335959591511
0.4462539517085548,0.5228802431662007,0.030865805125244544
0.4495649907360982,0.5088937764538188,0.04154123281008278
0.44956706082971404,0.5147412289961631,0.035691710174122565
0.444907114987704,0.5149735393889932,0.04011934562330284
0.5298000355967293,0.4365332436691785,0.033666720734092125
0.460138059735101,0.49245836977489243,0.047403570490006555
0.4175721484622883,0.5433416883574758,0.039086163180235896
0.3990299413302321,0.5749868985156755,0.025983160154092255
0.4115931616033127,0.5473757659438592,0.041031072452828006
0.41575367808915575,0.5503114656719731,0.03393485623887124
0.46287442065882567,0.49947452096988876,0.037651058371285843
0.47971778237095875,0.48044081078616135,0.039841406842880005
0.41479465596258513,0.5472601322245844,0.03794521181283052
0.5221287822710876,0.4465757655641146,0.03129545216479771
0.5192278388623895,0.4482804314079576,0.03249172972965306
0.5184762266731066,0.4332931860994743,0.04823058722741923
0.516734539037961,0.45791896883494665,0.025346492127092373
0.5173925741187597,0.39109640220396164,0.09151102367727869
0.4622006720077411,0.5069702905849739,0.03082903740728476
0.40686995102011764,0.5533032577020441,0.03982679127783857
0.4429894869122479,0.5345866390619657,0.022423874025786526
0.46287141312031127,0.4976618344005723,0.0394667524791164
0.5027270778757433,0.4618528292446693,0.03542009287958752
0.44842808503327586,0.5099714104250072,0.041600504541716876
0.4623029785684319,0.4972914657866192,0.040405555644949166
0.43328055126117,0.5241214826779562,0.04259796606087381
0.4305314998502713,0.5338536582984645,0.035614841851264054
0.38557256625108166,0.5823567270132289,0.03207070673568931
0.5154042670313573,0.4428255795875206,0.04177015338112205
0.46152042004232535,0.4972064679539822,0.04127311200369255
0.45143840867926904,0.5108438927299983,0.03771769859073299
0.502930647427705,0.464504302310159,0.03256505026213586
0.4684575975143878,0.4922689355349269,0.039273466950685586
0.4738030728797193,0.4956044567839419,0.030592470336338735
0.4727262792687615,0.48783010693450507,0.03944361379673361
0.5037398157280969,0.45187013859291547,0.04439004567898754
0.41455145781767094,0.5439551552630917,0.04149338691923751
0.5938381218141768,0.37145956056129464,0.03470231762452861
0.42597611661181056,0.5345107711479403,0.03951311224024886
0.5298630229830231,0.4282175191906676,0.041919457826309243
0.4836710332738752,0.4723829890369674,0.04394597768915751
0.4500887218167579,0.4834911247743584,0.06642015340888369
0.4872871017786844,0.4701018285161708,0.04261106970514456
0.499301152381577,0.45900891831025353,0.04168992930816961
0.4476229323013992,0.5091684943404566,0.04320857335814445
0.40310272223666566,0.5582889070156957,0.0386083707476388
0.4421904330628862,0.5149736366122739,0.042835930324839955
0.5007714420076538,0.46626324997855895,0.03296530801378733
0.4348317640181612,0.5241778190751561,0.04099041690668265
0.44665510000823117,0.5311407757140933,0.022204124277675305
0.4635354293946608,0.5104831165250882,0.025981454080250863
0.4743555867866189,0.4970817995413235,0.028562613672057553
0.4392838672872738,0.5173410145455002,0.043375118167226105
0.4073034684860637,0.5518414991945563,0.040855032319379994
0.4125459132663303,0.5507616887075726,0.036692398026096966
0.42469378348671283,0.5339063608976863,0.041399855615600896
0.4852620756182615,0.4868688942823294,0.02786903009940914
0.4458964274697639,0.5114444328416922,0.04265913968854369
0.4350907707677142,0.5264136355477085,0.03849559368457758
0.418345076326936,0.5406915343292142,0.04096338934384972
0.3941026690046048,0.5668298889726809,0.03906744202271421
0.416721667225146,0.5462204444743565,0.037057888300497374
0.6016506812362686,0.36801981622586105,0.030329502537870364
0.4941844486348543,0.4657910704261965,0.040024480938949045
0.500420774143999,0.4608320371302435,0.038747188725757435
0.4383257554154198,0.5165023988855844,0.04517184569899571
0.418649552917731,0.5413355328141998,0.04001491426806941
0.39707921260735224,0.5611640183386853,0.041756769053962445
0.5002693141613699,0.4616791263998396,0.038051559438790496
0.5053608051428197,0.4688490203509224,0.025790174506257996
0.4308134322403237,0.5061475916058727,0.06303897615380356
0.5200045730416759,0.44831960674802135,0.03167582021030276
0.5025839980378479,0.4528768210473962,0.044539180914755956
0.441533517327862,0.5372963510700712,0.021170131602066804
0.5003700284818219,0.4622881753244848,0.03734179619369345
0.427720750793341,0.5499069433989333,0.02237230580772551
0.4794037179322118,0.4851740702854024,0.03542221178238559
0.46343872045856527,0.508790255727935,0.02777102381349954
0.43906217415999815,0.5142812997883431,0.04665652605165843
0.490458648264947,0.467403041517627,0.04213831021742616
0.5321213555511141,0.4348814808467424,0.03299716360214366
0.3900545092095736,0.5729778020858945,0.03696768870453174
0.41105092148298145,0.5453471009112003,0.04360197760581807
0.5232799085388022,0.43701255171883235,0.039707539742365267
0.4995641183369574,0.47177204584898047,0.028663835814062122
0.46550514335998344,0.4902315833022182,0.04426327333779835
0.4912334889653856,0.4530907062756184,0.05567580475899585
0.4997004159117782,0.4167944738305192,0.08350511025770262
0.5009071972548347,0.46408638727141527,0.035006415473750024
0.4116012203743799,0.5586178870164318,0.02978089260918825
0.4980930680114083,0.46038854238298577,0.041518389605605645
0.436230049773486,0.5208114880384668,0.04295846218804738
0.4085877793709546,0.5497151202463733,0.041697100382672075
0.47922957630342206,0.48183946295634617,0.038930960740231724
0.40058925195671186,0.5586282796877954,0.040782468355492624
0.4595511179509365,0.5089489849388965,0.03149989711016684
0.4957451002128596,0.47159937652662204,0.032655523260518404
0.4539524469450778,0.5052533117027885,0.04079424135213353
0.5480519818709527,0.42262169948282535,0.029326318646222205
0.4203148136001201,0.5364947695912755,0.04319041680860455
0.4149556026300733,0.5492097033310468,0.03583469403887971
0.4156686265113933,0.5503397601904702,0.03399161329813668
0.45135929829293364,0.5054393328982528,0.04320136880881363
0.40935158123452337,0.5650330132598462,0.0256154055056303
0.42320247422983187,0.5346515180760422,0.042146007694126054
0.49802620788604773,0.460772128878466,0.04120166323548641
0.49612854911030874,0.46353720226651596,0.04033424862317533
0.4748926167434479,0.4863043216876252,0.03880306156892689
0.5212913437525185,0.4569829178630314,0.021725738384449984
0.4475832788034305,0.5152800569728501,0.037136664223719446
0.48675255495028164,0.4463924262928884,0.06685501875683002
0.5113889529758537,0.4571310221298386,0.0314800248943076
0.36626989336161425,0.5783995725844818,0.05533053405390401
0.4831988623518988,0.4747187439409313,0.04208239370716998
0.5202909062566519,0.4404367750942755,0.03927231864907256
0.46464817924847734,0.4787319737448646,0.05661984700665796
0.5537931057432497,0.4058953664304899,0.0403115278262603
0.466304910162273,0.49623037239891016,0.03746471743881665
0.39489086780728255,0.5753109926093389,0.02979813958337841
0.4262027195919175,0.5298425614785609,0.04395471892952151
0.4515049504385404,0.5186963803365379,0.029798669224921824
0.42499670675638124,0.5314912424130818,0.043512050830536955
0.5034200448030598,0.4558420811733528,0.04073787402358757
0.2933089811745473,0.6785096435846337,0.028181375240818932
0.4315914612136071,0.5304343558455668,0.0379741829408261
0.5013224642879266,0.47335191157267015,0.025325624139403147
0.4115526150789193,0.5458136299951624,0.04263375492591831
0.41160769456816954,0.5516168150618268,0.036775490370003515
0.41329974654792,0.5487581786033776,0.03794207484870206
0.45812461619551675,0.4981829024834551,0.043692481321028265
0.4202757550827738,0.5387103773225002,0.04101386759472586
0.5325400767254923,0.4236845397402353,0.043775383534272246
0.46069676415009114,0.5026146897561287,0.03668854609378007
0.3812407069106064,0.5357492435248521,0.08301004956454162
0.512808734141831,0.44280682088563916,0.044384444972529594
0.4020546622107597,0.5631193261302867,0.0348260116589537
0.5653849843609579,0.39708547080493256,0.03752954483410964
0.4725138780276523,0.4862314816818096,0.04125464029053802
0.4626832120997405,0.5033639181352589,0.03395286976500044
0.43307867840148395,0.5248547331350968,0.04206658846341908
0.39912128114220913,0.5431867303918813,0.05769198846590952
0.47377579460311947,0.48620054135075574,0.040023664046124535
0.38194122475117986,0.576907940163902,0.041150835084917896
0.4746888246254318,0.48250738890083006,0.0428037864737378
0.4487245237056624,0.5136902032292147,0.03758527306512307
0.4484167655668349,0.5098638550282535,0.04171937940491172
0.43220973426196907,0.5299534585741409,0.03783680716389022
0.43197839467931937,0.5285827828769769,0.03943882244370358
0.3917996884806416,0.5663473589422077,0.04185295257715073
0.3955899203589499,0.5648658854955075,0.039544194145542534
0.41146876238932717,0.5501218271379589,0.038409410472713915
0.4641535593049863,0.49141217590486636,0.044434264790147365
0.43933919377817965,0.5268085512016624,0.0338522550201578
0.535487639325341,0.42916421456902587,0.035348146105633374
0.4054143832063514,0.5605128500262654,0.034072766767383036
0.44816120443070173,0.5077726568379015,0.04406613873139666
0.45109694015789836,0.507834974161284,0.04106808568081781
0.585935521579918,0.3824407333461468,0.03162374507393523
0.3889122521978175,0.5832387914138791,0.027848956388303276
0.3877678583346456,0.571784197966775,0.040447943698579125
0.46817648619585633,0.5046471851498866,0.027176328654256995
0.438528538761223,0.5291027995623986,0.03236866167637845
0.5778139950247286,0.37253087846098115,0.049655126514290396
0.48972751110490786,0.4774780866045856,0.032794402290506584
0.49180672548983967,0.4663886425041178,0.04180463200604257
0.5676442928739498,0.3859844873545211,0.046371219771529026
0.4695765238404308,0.47863935158957915,0.05178412456998991
0.45821890795142295,0.5081144779501635,0.03366661409841357
0.49921124663128125,0.45823054002643876,0.04255821334227998
0.3972650453883791,0.5652667834542153,0.03746817115740546
0.4284761344747077,0.5349852819341302,0.03653858359116231
0.38695962147055024,0.5706260725503144,0.04241430597913552
0.4321543515884762,0.5323351784197324,0.035510469991791485
0.5201316671007108,0.4463629177996764,0.03350541509961256
0.4323383450807074,0.5251217872716917,0.042539867647601155
0.5213410165482157,0.44733626522155745,0.03132271823022683
0.4690656401997657,0.5081671040831196,0.022767255717114743
0.4884750668236364,0.47977737309328183,0.03174756008308171
0.4159524162150079,0.5508468810595576,0.0332007027254346
0.4739113499492036,0.48421106935155456,0.041877580699241856
0.4256120565656781,0.5326016267238953,0.0417863167104267
0.5058225138724672,0.45651065585576134,0.03766683027177112
0.4430865124911724,0.5159895867387465,0.04092390077008088
0.41450381494229677,0.5454144006795405,0.04008178437816291
0.4140086432189813,0.5533086783636499,0.03268267841736885
0.427871010344717,0.528153734699112,0.043975254956170995
0.41068819758393504,0.5577666951623204,0.0315451072537447
0.4122579552086608,0.5446308475036838,0.04311119728765536
0.4018251031920288,0.5748325712875529,0.023342325520418313
0.5890733583088847,0.38229275145507596,0.02863389023603938
0.3855000811078395,0.5684792092053721,0.046020709686788425
0.5856510785238105,0.37515986267695256,0.039189058799237
0.5269234569627573,0.4330874112485367,0.039989131788705674
0.57678060905425,0.3873880944918511,0.035831296453898966
0.5789510778782269,0.3892849137400282,0.031764008381744965
0.41337596831847484,0.555448326386188,0.031175705295337083
0.40488776545313426,0.5021488675474909,0.09296336699937473
0.4808152848831059,0.4751864360784423,0.0439982790384519
0.46342411456258265,0.4964899687204173,0.04008591671700022
0.5026657541362184,0.4603781964774506,0.03695604938633088
0.5614648431546042,0.3987534619172099,0.039781694928185785
0.39517076670270934,0.5674906270355177,0.0373386062617732
0.42791052297044974,0.5331690865655078,0.038920390464042436
0.3037250691104251,0.6632742129179635,0.03300071797161137
0.36099837765056614,0.5955379289835099,0.043463693365923865
0.4113016097970872,0.5521503074251234,0.03654808277778937
0.5195070650891227,0.4423329384624834,0.03815999644839391
0.5130860499074753,0.4072371224364023,0.07967682765612231
0.44514366744730305,0.5242074867061381,0.030648845846559112
0.49846816856848897,0.46418236826077597,0.03734946317073527
0.38231984759314275,0.5787314382131968,0.038948714193660264
0.5152724061554977,0.44091023623776393,0.04381735760673837
0.527953644879978,0.3970943553575168,0.07495199976250533
0.55601443402311,0.40791481591861967,0.0360707500582702
0.5166714473669541,0.45572438752886407,0.02760416510418179
0.461863165029639,0.494084893792458,0.04405194117790311
0.2731215510927879,0.08792790197853624,0.6389505469286759
0.4133998815759733,0.5475289659128818,0.039071152511144944
0.4499165989823951,0.507519840169767,0.0425635608478379
0.5139986063817646,0.44770806519225936,0.03829332842597576
0.4726713538806975,0.48554841157755657,0.04178023454174613
0.4634768064016549,0.4948482118797051,0.04167498171863996
0.4318746850123648,0.5003077312070993,0.0678175837805358
0.3680086865231391,0.603546969509738,0.028444343967122723
0.40544181829277426,0.5492300447996477,0.045328136907578344
0.5152420800043382,0.44428933256123077,0.04046858743443085
0.43612723003232967,0.5298200997664021,0.03405267020126832
0.49601713535189096,0.4737622321455609,0.03022063250254825
0.44133159829982244,0.5176292600779985,0.041039141622178976
0.5479909267168981,0.3780282867028631,0.07398078658023859
0.4879285644962701,0.4736762448091567,0.03839519069457316
0.4562626164754457,0.5018906511151554,0.04184673240939889
0.34890602816323735,0.6109194716734286,0.04017450016333404
0.4809455965899838,0.47690512202112095,0.0421492813888953
0.5376209566972334,0.41592490170785906,0.04645414159490747
0.5460770058315952,0.41766609104070573,0.03625690312769887
0.5183159752595411,0.4459693713913176,0.03571465334914141
0.42358378016095277,0.5312512960171382,0.045164923821909314
0.4018929395879011,0.55633248990353,0.04177457050856878
0.4597644831702715,0.5100541180789878,0.03018139875074066
0.4700876377373123,0.49757412318539657,0.03233823907729122
0.41299761137065294,0.547913135735458,0.039089252893889204
0.4614511139916591,0.5008507104577606,0.037698175550580054
0.412907840433262,0.5339207201104461,0.05317143945629186
0.4622751815684818,0.5018350457250057,0.03588977270651234
0.5172105776200457,0.438236617780958,0.04455280459899642
0.5046854207543974,0.45247727000374366,0.04283730924185901
0.4396811334798265,0.5201839645266885,0.04013490199348494
0.5193673335858934,0.4457217702771162,0.034910896136990374
0.45794331136357114,0.5015895492107728,0.04046713942565602
0.38958211256357206,0.5683786109102371,0.04203927652619077
0.4923514702201973,0.46912895526110926,0.03851957451869353
0.40146318812655835,0.5629112820179457,0.035625529855495754
0.4066735409540585,0.5576304750053183,0.035695984040623345
0.4282596324397074,0.5303117940537703,0.041428573506522334
0.45416395422191336,0.5095523059573072,0.03628373982077937
0.41706848094218263,0.5506062365270968,0.03232528253072053
0.610287797345846,0.36088271444149456,0.0288294882126595
0.5350328431609105,0.4287374488454153,0.03622970799367409
0.4903546185760847,0.4830996670428179,0.026545714381097433
0.4790787505992148,0.4809883683977961,0.03993288100298942
0.4465783760441085,0.512414429625041,0.04100719433085074
0.4756516360245813,0.48749584920338423,0.03685251477203447
0.4479687128061724,0.5166956560518269,0.03533563114200048
0.422177367798598,0.53691884134235,0.040903790859051964
0.4479418029158858,0.5095427888689044,0.04251540821520959
0.4244206306422897,0.5413991823870281,0.03418018697068212
0.47891709729174325,0.48230738148941027,0.03877552121884612
0.38322973462740295,0.5638400071639574,0.05293025820863949
0.42585848456450537,0.5334510442535444,0.0406904711819504
0.4200832708573339,0.5406506829343286,0.03926604620833771
0.486806558951855,0.47268111757720455,0.04051232347094067
0.5283404453122793,0.42927295077867766,0.04238660390904313
0.387133535645916,0.413995147488569,0.19887131686551499
0.48732709695277604,0.4717125147965295,0.040960388250694695
0.439320338394199,0.5266571553772383,0.03402250622856302
0.40557172981936446,0.5515386386535368,0.042889631527098626
0.454336407162161,0.5109576629464171,0.034705929891421926
0.3878766009612293,0.5840675447095646,0.028055854329206008
0.4484628517823611,0.5140764328040667,0.03746071541357213
0.4163767013090616,0.5415801359013054,0.04204316278963297
0.46640446383301365,0.49213491505524143,0.04146062111174483
0.5315652417223249,0.42645944624338494,0.04197531203429009
0.42021252160227446,0.5476668113154661,0.03212066708225942
0.4234447159650916,0.5372290303741853,0.03932625366072289
0.5127692798464988,0.45539161934350664,0.031839100809994365
0.45413417938618195,0.5053498506603105,0.04051596995350765
0.5483471216656629,0.4084907651642246,0.043162113170112315
0.4974113681843094,0.4761749675877191,0.026413664227971447
0.4721055913743713,0.4932548478332034,0.03463956079242536
0.5390348503768582,0.41961907251630354,0.04134607710683822
0.49273515007957003,0.46838686724580414,0.03887798267462582
0.5277409574433515,0.4292549479054245,0.043004094651224
0.43985086626731484,0.5158726327835212,0.044276500949163675
0.46187362681324456,0.4983055802532529,0.03982079293350266
0.4131892915268461,0.5448440317842668,0.04196667668888739
0.4671824133132051,0.5005075519265314,0.032310034760263465
0.4062275009586773,0.5622229083151395,0.03154959072618331
0.5913352423751674,0.24667519225258247,0.1619895653722499
0.4564938536077798,0.5026472599473041,0.040858886444916045
0.44490362090467267,0.5339493670098707,0.021147012085456728
0.5079677454610534,0.4534401724875176,0.038592082051429055
0.3371424478106218,0.6486296982095583,0.014227853979819925
0.5266345881944828,0.42982097114219425,0.04354444066332279
0.4126222530825149,0.5489405333139795,0.03843721360350546
0.4890756254702816,0.46627198776686773,0.04465238676285084
0.4385528149272422,0.518503852814712,0.042943332258045676
0.5046209845070161,0.45232754235933104,0.04305147313365284
0.40081590549641105,0.5545268897379367,0.044657204765652166
0.483694449883842,0.4789697209153619,0.03733582920079623
0.4724751906911266,0.48649552512705324,0.041029284181819836
0.4640512638038822,0.5137438102478582,0.02220492594825954
0.4113241607026953,0.5462996199494098,0.04237621934789487
0.4598732729683176,0.49788029735933187,0.042246429672350434
0.5972195007640667,0.3624744237994777,0.04030607543645544
0.5492195961314228,0.40759003235238855,0.04319037151618875
0.362161639736381,0.5994548338677544,0.0383835263958645
0.1613117440187563,0.5750293649205022,0.26365889106074136
0.45382262820130054,0.5039984371543355,0.042178934644363765
0.36426126733307207,0.5258720711038897,0.10986666156303848
0.4721120345514939,0.4995386437941342,0.02834932165437186
0.4859794515353332,0.47912504926962995,0.03489549919503684
0.5020737032737926,0.455835037049994,0.04209125967621307
0.5440957116969516,0.4175324033839034,0.03837188491914491
0.44929957414669486,0.5128803293111758,0.03782009654212933
0.4847302136141105,0.47468489834282407,0.040584888043065356
0.43030429130859926,0.535304043156514,0.03439166553488649
0.39563579063262805,0.5730261384955778,0.03133807087179419
0.44831817221547954,0.5165411361064296,0.03514069167809087
0.45472172122030957,0.5015345796650964,0.043743699114594116
0.5021875133028127,0.4658867470067147,0.03192573969047266
0.4430032985634912,0.5212404481507431,0.035756253285765614
0.4350682470410154,0.5234876808346852,0.04144407212429968
0.43262047737924214,0.5351258781634701,0.0322536444572876
0.42670781742755387,0.5313470438369845,0.041945138735461435
0.3644803050635276,0.5585961510057438,0.07692354393072862
0.40388834452308764,0.5552370442949096,0.04087461118200259
0.460202067236288,0.5040351374776202,0.035762795286091914
0.4167446852083003,0.5417306434312152,0.041524671360484405
0.4241088080328057,0.5324526852838889,0.04343850668330524
0.5562074485710264,0.4133917116969704,0.030400839732002926
0.4991487861741732,0.45689842785046203,0.04395278597536475
0.5490249889110079,0.41315658334205657,0.03781842774693558
0.5185012586432088,0.4299836709430179,0.051515070413773276
0.5722687586306919,0.40347732689174615,0.02425391447756189
0.5056955865871735,0.472938156073193,0.021366257339633436
0.4114833647701169,0.5488746840224555,0.03964195120742761
0.4167144464789759,0.5402434349413321,0.043042118579692125
0.4374983401419733,0.5243880220156154,0.03811363784241142
0.42152856070664496,0.5473540857863509,0.031117353507004057
0.44161413988094417,0.5181359742038882,0.040249885915167476
0.48467127695011164,0.46883899316020516,0.046489729889683196
0.41816674500519274,0.5419282079271189,0.03990504706768835
0.3946984444391638,0.5706442905462089,0.03465726501462731
0.42819674404516206,0.5272025803798587,0.04460067557497927
0.47080799406871227,0.5032019892437679,0.02599001668751995
0.5482964558921336,0.40633073203126546,0.045372812076600925
0.4029397423904535,0.5538637979124458,0.043196459697100835
0.5030171924440677,0.45634258790741905,0.040640219648513325
0.5044277910659353,0.4496444151212011,0.04592779381286373
0.4827509447942669,0.47923784859531643,0.038011206610416765
0.5212357790346406,0.4355455681043859,0.04321865286097348
0.44724477328390416,0.5066316493944859,0.046123577321610064
0.4033355181413924,0.5590781624926826,0.037586319365924846
0.5104754958572493,0.46247388897221176,0.027050615170539
0.42484255592811476,0.5422928582050442,0.03286458586684111
0.42816481847637144,0.5382471941090574,0.03358798741457138
0.4582735159369398,0.5078636732770697,0.03386281078599048
0.4684441640276394,0.49281290650658266,0.038742929465778154
0.4735835315642488,0.4932269795387035,0.03318948889704767
0.4828402211066971,0.46858895535505435,0.04857082353824857
0.44129575367313245,0.5272062040651662,0.03149804226170141
0.5263770912645526,0.39319628562335573,0.08042662311209176
0.4515483674986573,0.5073822732847897,0.041069359216553004
0.47517238672092216,0.4996359493785011,0.02519166390057682
0.5017206800148004,0.46175842718119736,0.036520892804002336
0.4028730156026051,0.5679255655716816,0.02920141882571336
0.43997039617967454,0.5186163641128823,0.04141323970744335
0.4758508391690757,0.48366228142015494,0.04048687941076939
0.39177023072895645,0.5684598407240807,0.03976992854696296
0.30676643179168317,0.6556663129399195,0.0375672552683974
0.41486272430149496,0.5518210164811242,0.03331625921738068
0.3784297706713486,0.5898205460330856,0.03174968329556563
0.4650417140270847,0.48617742204988,0.04878086392303518
0.562792309420766,0.3973645829145411,0.03984310766469294
0.45032967082899084,0.5074657893005156,0.04220453987049363
0.5014672170225,0.4643039536086039,0.03422882936889602
0.5258056676506964,0.4309272893538344,0.043267042995469095
0.4651475238478588,0.5053981984558036,0.029454277696337603
0.429121583498258,0.5317476188334637,0.03913079766827824
0.43176570326384694,0.5312745815846341,0.03695971515151909
0.4940993386567922,0.4683756188376699,0.03752504250553785
0.3858380814289014,0.5752174031416112,0.038944515429487514
0.5671788637747679,0.3985310827906277,0.03429005343460425
0.4407837852620718,0.5398574165788965,0.019358798159031788
0.3869375561760057,0.5881098294747108,0.024952614349283322
0.4677813110048697,0.48899100464788736,0.043227684347242924
0.5386413402109215,0.4183687881353002,0.042989871653778156
0.4763838616381505,0.48332758584970303,0.04028855251214642
0.5183505432310301,0.4259982611771965,0.05565119559177321
0.4293083855613892,0.5337724217479239,0.03691919269068661
0.44806824928423145,0.5106148442715428,0.041316906444225504
0.4003259983512457,0.5542265776363177,0.04544742401243644
0.41163162609872944,0.5466717087348232,0.04169666516644713
0.40196051381934017,0.5601366051049574,0.03790288107570235
0.4955532767967316,0.4708717754178672,0.03357494778540125
0.48815126836644696,0.4425325439643223,0.06931618766923033
0.4406854042379085,0.5178362604802241,0.04147833528186732
0.41093373529911265,0.5667834133686773,0.022282851332209926
0.48257323679686964,0.4741902305608874,0.04323653264224289
0.42389772770379236,0.5363903993499197,0.03971187294628784
0.4131012323636802,0.5464289517837242,0.04046981585259542
0.42523101046821327,0.5409952338729181,0.033773755658868476
0.3970743513768641,0.5595348852478756,0.043390763375260356
0.4182917702332589,0.545702804374404,0.03600542539233705
0.397344480996592,0.5654636483591235,0.0371918706442846
0.43757126721073264,0.5206834312240627,0.04174530156520473
0.494211926595414,0.46745423890908794,0.03833383449549823
0.48735518568140107,0.4758836268105894,0.03676118750800967
0.5054079049040879,0.45562722166699793,0.038964873428914304
0.5612928580182737,0.3976998990189199,0.04100724296280616
0.42115524114610564,0.5417296172628218,0.03711514159107258
0.4167817221900292,0.5119215229488782,0.0712967548610924
0.41891196754489063,0.5416280308437652,0.039460001611344116
0.4583471463035705,0.5177000448099478,0.02395280888648183
0.44893819570994487,0.5033064296315803,0.047755374658474826
0.4681001122965999,0.49180667654119015,0.040093211162209784
0.40638319384723626,0.562356093378465,0.031260712774298774
0.45728534189929376,0.5074231452816115,0.035291512819095025
0.4342850176029841,0.5546105743408772,0.011104408056138524
0.49311992311416664,0.4627939542283361,0.04408612265749723
0.4275402676923311,0.5319634157785034,0.0404963165291657
0.5141148251220578,0.4438801686714339,0.04200500620650836
0.4878629776141076,0.4730496085380732,0.03908741384781927
0.5005305714265476,0.4622328021901399,0.03723662638331266
0.42075404704118463,0.5390090030782225,0.04023694988059302
0.4356324678581163,0.5223407374084587,0.04202679473342504
0.44380495766606576,0.5182617821637955,0.03793326017013879
0.41708671000573017,0.5410546836792102,0.041858606315059665
0.42953610270295184,0.5308882268409649,0.039575670456083
0.5198083831933109,0.43858420429322725,0.04160741251346172
0.5598954085691926,0.40990305054364934,0.030201540887158106
0.41877227546294826,0.5484161478818514,0.032811576655200056
0.5440507697144971,0.42111527323390313,0.0348339570515999
0.4365105265738325,0.5444040368141115,0.019085436612055938
0.43344345774925325,0.5408715184286129,0.02568502382213379
0.43085487330740907,0.5283633149011455,0.04078181179144551
0.5287810541726751,0.42682956220179047,0.04438938362553445
0.40559540844383946,0.5544050615888788,0.03999952996728168
0.412845780170864,0.5449102711560451,0.04224394867309117
0.43521664039192726,0.5218840722482245,0.0428992873598482
0.47653906675854757,0.4811716216994259,0.04228931154202645
0.46473322634865194,0.49533289084696225,0.03993388280438575
0.39624184937711493,0.5603219776262718,0.04343617299661331
0.4510194050807319,0.5104710239670469,0.03850957095222113
0.5532236573713505,0.4142719582134903,0.032504384415158946
0.42130139034425246,0.5539773066135252,0.024721303042222576
0.4257044771616262,0.5421951448123217,0.03210037802605217
0.3984372133927215,0.5574455681745691,0.04411721843270939
0.45088975101696505,0.5086248667654872,0.040485382217547806
0.45377250108702916,0.5063095710418335,0.03991792787113715
0.5230371816854698,0.43380105077275266,0.04316176754177771
0.43876016255236044,0.518559874496467,0.042679962951172365
0.5109111606659297,0.4349119489995534,0.05417689033451708
0.4947082763171616,0.46812537103913726,0.03716635264370101
0.41982947392179015,0.5375272712758965,0.0426432548023134
0.4651570595445341,0.4868706507756847,0.04797228967978127
0.45926409927683903,0.5015081471724561,0.039227753550704826
0.4378931333696905,0.5228694534085695,0.03923741322174019
0.5733844711874957,0.4013476683580262,0.025267860454477983
0.4356474581353594,0.5231219547169864,0.04123058714765425
0.4363263988623397,0.5266326445582735,0.0370409565793869
0.45796467565446136,0.5051245513596189,0.03691077298591972
0.5305181593220157,0.43683229952512065,0.03264954115286362
0.45944222765625103,0.5197404515920118,0.02081732075173715
0.43479316532755,0.5236067952864987,0.04160003938595121
0.412187695685528,0.5498042652669557,0.03800803904751629
0.43811769103810877,0.5203150109395037,0.041567298022387664
0.48709190301728816,0.47074551740185566,0.04216257958085617
0.4362801454751995,0.5236152004301396,0.04010465409466082
0.4936348882385218,0.46251611413975324,0.04384899762172479
0.4580022651154556,0.5057160523790702,0.03628168250547419
0.42898965181581555,0.5422985484317735,0.028711799752410845
0.3172504930858816,0.5791188050766294,0.10363070183748882
0.44247146065531656,0.5200925972632225,0.037435942081460734
0.4618432383811246,0.5003333593910699,0.03782340222780542
0.48883542268520275,0.4795515025933354,0.03161307472146178
0.40808542186042207,0.5634025912629319,0.028511986876645863
0.5113371824243188,0.44742929873515613,0.04123351884052517
0.4840745499342865,0.4906016530739056,0.025323796991807906
0.4054221676908611,0.5536396729941071,0.040938159315031766
0.5023821805108203,0.45765825914236824,0.03995956034681137
0.4664741783442349,0.49154897022479865,0.041976851430966404
0.44095403199180105,0.5232470259053457,0.03579894210285358
0.48661324259303357,0.47960981427536165,0.03377694313160502
0.4986977188673997,0.45862272748845506,0.04267955364414508
0.5109488464597935,0.4485650653822368,0.0404860881579695
0.5659359972668413,0.3922439494533303,0.04182005327982856
0.42593016157760544,0.5486408417230567,0.02542899669933801
0.45905729788907806,0.49734748146002844,0.04359522065089341
0.49517965205509484,0.46665782209867945,0.0381625258462257
0.506367495698519,0.4584532400596002,0.03517926424188077
0.5301512132325521,0.4286562868907719,0.04119249987667621
0.5062208869728034,0.4655075740019532,0.028271539025243243
0.4437592772801452,0.5205787794311697,0.035661943288685154
0.4962514909398218,0.4639102201675251,0.03983828889265318
0.5124518034216461,0.4478393408897021,0.039708855688651915
0.6236750917494843,0.31542678474466496,0.06089812350585083
0.45370667754591426,0.5128810607368907,0.03341226171719504
0.48230081974350025,0.47764183500568713,0.040057345250812615
0.4884480091180563,0.47571212720844125,0.03583986367350222
0.4356304590117262,0.5374230502179639,0.026946490770310066
0.511590417794298,0.45018444723566026,0.03822513497004172
0.5745893146902891,0.3442086912456158,0.08120199406409506
0.47887335003588666,0.4694225875617159,0.05170406240239752
0.4336637791649888,0.5321642427430533,0.03417197809195777
0.5406724749744091,0.4200193667069967,0.03930815831859419
0.4131434626764652,0.5606549693209087,0.026201568002626102
0.4623502023523801,0.5048647171546662,0.03278508049295357
0.49354225078732433,0.4634017991867877,0.04305595002588799
0.39673422927925783,0.5669587211833119,0.03630704953743012
0.40892737545850416,0.5570009855165623,0.0340716390249336
0.3937218267416791,0.564694866608036,0.04158330665028491
0.45882655402416667,0.4991053314667259,0.042068114509107316
0.4648820680571483,0.492155467943547,0.04296246399930463
0.45110569531475386,0.5108470111771973,0.0380472935080487
0.36077727259666736,0.6109553403315517,0.028267387071780937
0.4833083064458942,0.47321964836724273,0.04347204518686307
0.4876074097207235,0.47806265873490855,0.03432993154436793
0.5066356504731804,0.45661062086386145,0.03675372866295797
0.5389282388248557,0.43959137534809006,0.021480385827054017
0.4262611674326202,0.5356333268917349,0.03810550567564473
0.4659817878600006,0.496371878255903,0.037646333884096515
0.47173871188365746,0.493922783417975,0.034338504698367564
0.4945322722633926,0.4656028796418162,0.039864848094791294
0.5121715132302874,0.44783880418789823,0.03998968258181419
0.43438100635523125,0.5341448601368197,0.031474133507949045
0.4469496758407289,0.5105339032138079,0.04251642094546307
0.43433475424771306,0.5228456647575547,0.042819580994732064
0.48769382552118506,0.46964843314792903,0.042657741330885915
0.4292157430539711,0.5349679928656327,0.035816264080396246
0.4598583414798106,0.5050858288125379,0.03505582970765146
0.46018662342332284,0.5047671048075025,0.03504627176917466
0.47218083896302676,0.5012826323356477,0.026536528701325394
0.4062986491001819,0.5544422848201536,0.039259066079664534
0.5304740825497083,0.4414653826877031,0.028060534762588497
0.46961184984090737,0.4911072008043558,0.03928094935473652
0.387889150803653,0.5685680740720528,0.04354277512429421
0.47000177781492447,0.499320386155627,0.030677836029448517
0.49780319973980935,0.46319749827042384,0.038999301989766574
0.46773613410492026,0.4905142423983334,0.04174962349674637
0.4417881978825897,0.5144918281416819,0.04371997397572813
0.4708690494379395,0.5007309923019798,0.028399958260080845
0.42067924771092063,0.5400609008366822,0.03925985145239713
0.4425015799486778,0.5208503067147916,0.03664811333653072
0.5416793263792256,0.39715868228782625,0.06116199133294797
0.4215159107854737,0.5455672115138706,0.0329168777006557
0.48602583217395934,0.4733627274616215,0.0406114403644189
0.41825042372426036,0.5411361165155626,0.040613459760177044
0.4700382914022309,0.485206148794415,0.044755559803353905
0.4527377609353616,0.5057147260922122,0.04154751297242628
0.4430790248103278,0.5210317254434748,0.035889249746197324
0.46143477980195974,0.47606761859359414,0.06249760160444605
0.44026805170085137,0.5183818476300734,0.041350100669075
0.5077379449769911,0.4492205964929597,0.04304145853004927
0.39066691532286735,0.578022564302838,0.03131052037429451
0.3899998279018299,0.5765720840485224,0.03342808804964759
0.46225091446466543,0.49416031880419764,0.043588766731137214
0.4767672377669469,0.48478144272695817,0.038451319506095
0.4482309866790155,0.5112777343224036,0.04049127899858065
0.5170965872158688,0.45448029368168896,0.02842311910244255
0.4168435216250057,0.541273781478907,0.04188269689608699
0.4961825896213599,0.48283671255716154,0.020980697821478524
0.44379624960897995,0.5138363673868901,0.04236738300413006
0.5121671555850486,0.453051219916474,0.03478162449847727
0.4832136998226594,0.4725931633249742,0.04419313685236654
0.4486948259522977,0.5085843810188829,0.04272079302881971
0.5480785120901127,0.37205480917978356,0.07986667873010357
0.48995164375162237,0.3440328659369147,0.16601549031146312
0.41490351691920996,0.5679281450560092,0.017168338024780714
0.5008202834243713,0.4612517358150035,0.037927980760625014
0.40335753482468484,0.5558783779722798,0.04076408720303532
0.5199554345706416,0.44390819636102924,0.03613636906832931
0.4943686959422275,0.4684703436557707,0.037160960402001626
0.402586035746203,0.5579824530935427,0.0394315111602544
0.43172495834850194,0.5237357530199808,0.044539288631517376
0.42747319698548275,0.5286796355264326,0.04384716748808469
0.4824800501687715,0.47539333745172646,0.0421266123795021
0.40499386355752337,0.564801100309403,0.03020503613307381
0.4690240948556384,0.48729700979141755,0.043678895352944086
0.4108771576052845,0.5471912994141819,0.04193154298053352
0.47728372372970307,0.4829360975818801,0.0397801786884168
0.4515191183274728,0.5065268952265513,0.04195398644597606
0.4681343567604772,0.49537238240977177,0.03649326082975119
0.49154159063858704,0.46692582399882543,0.04153258536258769
0.39996475446318575,0.48949753228369597,0.11053771325311827
0.4894898811563272,0.46512821959715384,0.045381899246518725
0.41565342095332947,0.553223895397403,0.03112268364926726
0.41431945917847673,0.5521869932244922,0.03349354759703099
0.42049321400094225,0.5446101119341659,0.034896674064891775
0.44199124429755904,0.5310301822116533,0.02697857349078753
0.4498459735166962,0.5120586699984253,0.038095356484878745
0.5061439343705986,0.4547648585634393,0.03909120706596199
0.48592629277383953,0.47277901193906363,0.04129469528709694
0.4122551995762995,0.5437062279989143,0.04403857242478617
0.4614441696558023,0.5010556904360477,0.0375001399081501
0.4585220551956764,0.4977366129146469,0.04374133188967656
