0,1,2
0.41814387844906636,0.5432104519015799,0.03864566964935389
0.43388567727791394,0.5267484171507832,0.039365905571302685
0.42549529240785605,0.534881785530203,0.03962292206194081
0.42895875165286634,0.5322887869863707,0.03875246136076301
0.5237059987598836,0.4363782484455537,0.039915752794563074
0.4189737541235125,0.5416735156960892,0.039352730180398095
0.6003753435381075,0.3615522257315234,0.03807243073036917
0.4495871888609629,0.5107045208481036,0.0397082902909334
0.4280898859429917,0.5182030018724384,0.0537071121845699
0.5115978462984845,0.44859841548514756,0.039803738216367845
0.5456732560213416,0.41430811458510497,0.04001862939355356
0.4567853808151591,0.5036890650691691,0.03952555411567191
0.4437070787323879,0.5169743287869739,0.03931859248063792
0.4336390129996591,0.5272108355042512,0.03915015149608966
0.4291501023402517,0.5354099013700763,0.03543999628967199
0.42191176053560797,0.5403084995864342,0.03777973987795797
0.4294398676634779,0.5312842999710512,0.03927583236547086
0.560130926275331,0.4002427844851414,0.039626289239527886
0.4195444791096362,0.5419217214575751,0.03853379943278869
0.4556542259278314,0.5048072801828878,0.03953849388928071
0.49584458387544056,0.46729636740608954,0.036859048718469706
0.4586071792244155,0.5019919844742148,0.03940083630136968
0.46574779317348364,0.4951149640417291,0.03913724278478733
0.4038164981251471,0.5566315333996003,0.03955196847525257
0.4257432249107253,0.5349114201418627,0.039345354947411815
0.49013283592387974,0.47114280609092973,0.03872435798519053
0.5847612914826738,0.3831370636268368,0.032101644890489264
0.5382036797957536,0.42110972896037246,0.04068659124387405
0.41437309699073993,0.553014324307181,0.032612578702079224
0.5120193130004745,0.44830589558256784,0.03967479141695766
0.4713978483113009,0.4899160239616936,0.03868612772700566
0.4179200870436364,0.5426345055340493,0.039445407422314095
0.47392254400826966,0.4865700395503915,0.039507416441338664
0.4705517323268593,0.48996521846414204,0.03948304920899863
0.4139377931243523,0.5474896916155655,0.0385725152600822
0.4640854075920256,0.4963423870079655,0.03957220540000886
0.42191100511273727,0.5400003173199376,0.03808867756732498
0.44556542733266824,0.5170621078454087,0.03737246482192305
0.4359231246491126,0.5243702788647036,0.03970659648618381
0.43734410898201814,0.5236651620304329,0.03899072898754889
0.42499435374452477,0.5364204695443718,0.03858517671110314
0.46374681734086515,0.4966210413982373,0.039632141260897445
0.4129534363340006,0.548311376210957,0.038735187455042584
0.4465552294449369,0.5137456370538954,0.03969913350116754
0.4539003103885158,0.5072241265767096,0.03887556303477457
0.49390501287179467,0.4664874439143429,0.039607543213862506
0.4446834227165203,0.5160171705542583,0.039299406729221456
0.5017902924112047,0.45814622024953694,0.04006348733925842
0.41945091601014683,0.541160913200942,0.03938817078891117
0.4379442861915231,0.5238571086694864,0.03819860513899064
0.42892275718220396,0.5315302453660288,0.03954699745176728
0.47174181063573095,0.48875283779923256,0.039505351565036664
0.4572497089857688,0.5047428690150141,0.03800742199921693
0.4679585280957278,0.49231920046996774,0.03972227143430463
0.537831133899075,0.4224195333009254,0.039749332799999405
0.4368576389031736,0.5244649426957457,0.03867741840108065
0.4130801633823858,0.5476236842189667,0.039296152398647345
0.45344868044363185,0.5097138255871247,0.036837493969243275
0.4671873157385696,0.4927036914420544,0.040108992819376216
0.4512218260172484,0.5099015346871971,0.03887663929555453
0.43959699470810704,0.5214370664941066,0.038965938797786405
0.43003285338529085,0.5308337305194638,0.03913341609524521
0.4269111123995751,0.5361222348881718,0.036966652712253044
0.4103021253469641,0.5505405704594962,0.03915730419353975
0.41015648217038503,0.5474546950105861,0.04238882281902896
0.432606405430121,0.5283975466293951,0.038996047940483954
0.41443710094719366,0.5461126388160282,0.03945026023677808
0.4115702548039476,0.5490776882410321,0.03935205695502007
0.48026451000228276,0.47991879958405237,0.03981669041366469
0.41723993342205273,0.543753651377978,0.03900641519996927
0.45677427008850485,0.5040161918995633,0.039209538011931847
0.4040638201265101,0.557515906437329,0.0384202734361606
0.5080274509612861,0.4521728253387268,0.03979972369998725
0.4524533421688158,0.5083940349842099,0.03915262284697416
0.42187853840525164,0.5395341910436432,0.03858727055110532
0.4502516794385095,0.5106071618675715,0.039141158693919216
0.4138424350183965,0.5475960299733089,0.038561535008294665
0.4780931940282881,0.482553347479778,0.03935345849193361
0.4791897898702438,0.4809330291362123,0.03987718099354382
0.44445182482198115,0.516126293032118,0.03942188214590105
0.45232368360897646,0.5084920882100575,0.03918422818096611
0.4529794738818707,0.5076205002147953,0.03940002590333408
0.5614595378252465,0.3992358894486829,0.03930457272607074
0.4191648201787851,0.5416230050252155,0.039212174795999415
0.4276540387354379,0.5332626935073884,0.039083267757173364
0.4226212670591671,0.5383901917057254,0.03898854123510733
0.4433987548174621,0.5180026603024258,0.03859858488011201
0.4471960942398831,0.514999232648685,0.03780467311143182
0.5051870005259365,0.455180377907245,0.03963262156681851
0.49243218706157155,0.46822566309852276,0.03934214983990577
0.5260098201263621,0.43484646756495876,0.03914371230867909
0.44775631880761324,0.5135195803603887,0.038724100831998065
0.44554031767345287,0.51605983135173,0.038399850974817226
0.4407668451068048,0.5197450069893074,0.03948814790388787
0.5769879360310007,0.3901148000645609,0.03289726390443835
0.4118974348056724,0.5590934924675169,0.029009072726810487
0.5446899585291232,0.41610300946290996,0.03920703200796674
0.43028727169175524,0.5307151843981303,0.03899754391011433
0.44773412799721946,0.5139210347033067,0.03834483729947385
0.415415908809153,0.5489845239273115,0.03559956726353543
0.46052427187635137,0.49988601501538865,0.03958971310825992
0.5539042192699236,0.4101142073763274,0.03598157335374883
0.5782326035486924,0.3811723307039722,0.04059506574733528
0.47772205601667106,0.48556450838861454,0.03671343559471439
0.4416423846297032,0.5199639096829659,0.038393705687330866
0.4564127601331497,0.5039411186759583,0.039646121190892065
0.4177106606004166,0.5409445842361322,0.04134475516345115
0.42645259125340895,0.5355804677001396,0.03796694104645164
0.42315049668503135,0.5378714195681125,0.03897808374685599
0.4351612625155492,0.5253884512499946,0.03945028623445606
0.42674022188349775,0.5338693216663569,0.03939045645014519
0.5731691572651334,0.3934739741997921,0.0333568685350744
0.4322439100115123,0.5281846191819601,0.03957147080652732
0.48372051740700595,0.4770632043551795,0.039216278237814664
0.506290617173409,0.45371594480206656,0.03999343802452423
0.4702586236752058,0.49007279754869343,0.03966857877610076
0.4995093465169117,0.4497572372994342,0.050733416183654165
0.468171085998503,0.4921640172719765,0.03966489672952052
0.42183200471887317,0.5397967511291916,0.03837124415193537
0.5271679687605886,0.4340643919991114,0.03876763924030008
0.4850589508022679,0.475423152201967,0.03951789699576511
0.41344015222536784,0.5471227360574353,0.039437111717197035
0.5401424964125536,0.41964216663476894,0.04021533695267748
0.4245799261826604,0.5364288826562535,0.0389911911610862
0.52832884957597,0.43224034748569223,0.039430802938337874
0.4284346249162384,0.5298604559804488,0.041704919103312706
0.45701161191408013,0.5048975972054214,0.038090790880498486
0.478146960247214,0.4819828847160701,0.03987015503671585
0.5024088269515675,0.45800727456817697,0.039583898480255494
0.42122587649850873,0.5405111948887589,0.038262928612732526
0.5445589738672549,0.4158268077595282,0.03961421837321678
0.5580434167832942,0.3975372951204302,0.04441928809627564
0.43989235075433375,0.5214733206597402,0.03863432858592603
0.5385711009947046,0.4225529267416092,0.03887597226368622
0.4540299449094803,0.5071367384367496,0.03883331665377021
0.48208003508775893,0.4793665060763186,0.03855345883592277
0.4395089138916833,0.521075637733047,0.0394154483752698
0.41301196830355574,0.5477284499939855,0.039259581702458635
0.4510655830342283,0.5100642581449949,0.03887015882077664
0.4726752367929572,0.4880290737526453,0.039295689454397834
0.5084521689215467,0.4521053564221333,0.039442474656319955
0.4682571098286272,0.49206208337045926,0.0396808068009133
0.42547251552138576,0.5364678815659376,0.03805960291267644
0.4836077645119495,0.47703176560138855,0.03936046988666189
0.4143903473676449,0.5466694183283526,0.038940234304002376
0.45567856420831676,0.5055191843684553,0.03880225142322802
0.4722921289889229,0.48822254825375194,0.03948532275732509
0.4966516778447696,0.4634261504815711,0.03992217167365929
0.42710853055801856,0.5332713499634486,0.039620119478532875
0.44590319686874347,0.5144228317816155,0.039673971349641
0.4352876102677306,0.5254562654379086,0.03925612429436099
0.4344991241476891,0.525899042172764,0.03960183367954687
0.48666876267429726,0.473864799635263,0.03946643769043947
0.442835338855768,0.5180118107183556,0.03915285042587651
0.46351739666608455,0.49682909438767275,0.039653508946242845
0.41502155181541744,0.5461052119428078,0.03887323624177482
0.42973222472914374,0.5323304872666383,0.03793728800421798
0.4606899236854632,0.5007611809465214,0.03854889536801524
0.42705131409702934,0.5371402868296644,0.03580839907330618
0.48052317022133384,0.48004312938565563,0.03943370039301044
0.44848807215931624,0.5126127593811649,0.03889916845951856
0.45612109468001494,0.5044633558599659,0.03941554946001901
0.577507807215543,0.3823622888388722,0.040129903945584924
0.5057943970460902,0.45495344291786183,0.03925216003604775
0.4473642677010692,0.5133227060648168,0.039313026234114
0.4190069418027375,0.5438444154967798,0.03714864270048267
0.458987689407537,0.5017922757297255,0.039220034862737334
0.42276138232221755,0.538295578094238,0.03894303958354419
0.4163321512819683,0.5455193617867414,0.03814848693129005
0.5211186233703515,0.4394397032263296,0.03944167340331875
0.4151596400740674,0.5453408149178586,0.03949954500807378
0.41789270712814414,0.5427677587435508,0.03933953412830504
0.555967862734735,0.4039618424173027,0.04007029484796235
0.4389928460561237,0.5208542825936414,0.04015287135023489
0.45201918404451813,0.5032196951411387,0.0447611208143431
0.4514313063000847,0.5113903564360843,0.03717833726383084
0.4175944386797663,0.5430611323572971,0.03934442896293641
0.4463268317858513,0.5149978025778938,0.03867536563625506
0.4852180239004594,0.47538073077261334,0.03940124532692708
0.4645883340299561,0.49565630711202907,0.039755358858014934
0.48572596536927254,0.4754711866872829,0.03880284794344463
0.43164871817243594,0.5301378444733623,0.03821343735420173
0.4567601829038653,0.5053517417264568,0.03788807536967814
0.4458837105104279,0.5151933721283852,0.03892291736118694
0.4389871569764908,0.5246042398192395,0.03640860320426977
0.5354180493858361,0.42956349058820653,0.035018460025957335
0.5376293498575336,0.4226906064741338,0.039680043668332554
0.48830207280527,0.473740818826142,0.03795710836858787
0.4376076217272229,0.5233310247003717,0.039061353572405304
0.47168801669934096,0.4897921085715965,0.038519874729062605
0.47235596873787244,0.48843366307146924,0.039210368190658325
0.4811259388232023,0.4813760137488088,0.0374980474279891
0.4285146739472562,0.5328099276021446,0.038675398450599315
0.4217889822772538,0.5394827191414588,0.0387282985812873
0.4580461518821344,0.4872113189308332,0.05474252918703256
0.4500407068987341,0.5105965396800295,0.03936275342123626
0.51007181514552,0.4505913355558016,0.03933684929867826
0.40305743717477815,0.5592756961534943,0.037666866671727625
0.5239353149418149,0.43740249101659884,0.0386621940415862
0.4234248972312274,0.5374797357239878,0.039095367044784925
0.48725954770842533,0.4731176746957492,0.03962277759582547
0.500843775791771,0.4595980601827243,0.03955816402550471
0.5065696091789292,0.45414943587523054,0.03928095494584
0.49975611535278847,0.4601102931487011,0.04013359149851051
0.45028022122330424,0.5117272204671044,0.037992558309591154
0.4288851210030875,0.5315676169697302,0.03954726202718231
0.46314078549787013,0.4977073702447712,0.03915184425735856
0.47431869988494824,0.4860120434137263,0.039669256701325414
0.50401304132669,0.45589780391436235,0.04008915475894779
0.42178497479768273,0.5387576305323667,0.03945739466995054
0.4347609354514004,0.5259553807848756,0.039283683763724035
0.4171161451145152,0.5446377153311689,0.03824613955431589
0.443688834184162,0.516821317733087,0.039489848082751
0.4771414662081041,0.4833306057373457,0.03952792805455018
0.45436351481665577,0.5067273966569835,0.03890908852636048
0.45054706842159636,0.5097010483447232,0.03975188323368047
0.45897891295629856,0.5061225626957775,0.03489852434792383
0.4241435802685392,0.5363630670013753,0.03949335273008537
0.4612556820445967,0.49931898720980256,0.03942533074560055
0.5203580516086476,0.4408188354042301,0.03882311298712202
0.44682231559710284,0.515191389239476,0.037986295163421085
0.41185752572602896,0.5499074249558679,0.0382350493181034
0.47781424608765055,0.482740937377581,0.03944481653476864
0.48522042575031743,0.4770408884512068,0.03773868579847543
0.4732325315643692,0.48711612301008594,0.039651345425544895
0.5080931856805676,0.45385296327826674,0.03805385104116573
0.4250314623276425,0.5361278222196076,0.03884071545274979
0.4222783407697335,0.5403828958421023,0.03733876338816415
0.4170120549021149,0.5456409782069108,0.0373469668909742
0.467622329689237,0.49378416862808067,0.03859350168268229
0.5253491771217527,0.4349278232200449,0.03972299965820253
0.4294785517552285,0.5314503095849348,0.03907113865983699
0.4360181789230391,0.5244929406787737,0.039488880398187
0.4690981585890643,0.4918133001520784,0.039088541258857426
0.4151970070503705,0.5455199343489349,0.03928305860069476
0.4581641091910742,0.504440259654971,0.03739563115395465
0.42015369172544037,0.5405339227709409,0.03931238550361879
0.5069707491307173,0.45335329544639874,0.039675955422883956
0.44457750471472196,0.5161608297479378,0.03926166553734033
0.49594361284176214,0.4639666818237537,0.04008970533448398
0.4323754504365685,0.528908742807739,0.03871580675569232
0.42583497119778063,0.5344467295090902,0.039718299293128895
0.45840232873422815,0.5020639907157597,0.03953368055001214
0.5268354076413927,0.4331943686631539,0.039970223695453444
0.41711325201645083,0.5481360186933132,0.0347507292902361
0.44027036451328244,0.5240973653306327,0.035632270156084764
0.44973300079657774,0.5104154733642329,0.039851525839189376
0.43605698176929264,0.5242281477741253,0.03971487045658216
0.4372988682952984,0.5241227699846517,0.038578361720049956
0.44511431672818513,0.5151347352044982,0.03975094806731701
0.4146440700758674,0.5476582227661624,0.0376977071579702
0.4188922992327349,0.5465916282744362,0.03451607249282874
0.43746918719165334,0.5243853516532564,0.03814546115509034
0.4782410622285158,0.48321239657616855,0.038546541195315386
0.4727744866363401,0.4876066002201079,0.039618913143552086
0.43780907166845784,0.5267009540804325,0.03548997425110956
0.4429137080502048,0.5174608925554333,0.03962539939436183
0.47508713649565015,0.4856641429414462,0.03924872056290359
0.4127510062851091,0.548855374775359,0.03839361893953192
0.4625729730575804,0.4979976603203229,0.039429366622096784
0.43393095639196516,0.5263708714611484,0.039698172146886465
0.4230890908471384,0.5385459612105903,0.038364947942271445
0.43935294917081436,0.5222468371880168,0.03840021364116877
0.42399779974460516,0.5374696004131511,0.038532599842243706
0.5400694766508938,0.41960261874006277,0.04032790460904351
0.41220033486478047,0.5483273066283507,0.03947235850686874
0.49917497728037563,0.46400430389653613,0.036820718823088155
0.5423517205310646,0.4177641440888693,0.03988413538006598
0.44320768000000393,0.5183033828600601,0.03848893713993592
0.4808750495851291,0.4793338183467161,0.039791132068154635
0.47112764484125674,0.4910135894522729,0.0378587657064701
0.46463641640935954,0.4964780731932793,0.03888551039736124
0.4716414424534821,0.41047510309092844,0.11788345445558986
0.4083173971859185,0.5515548571674589,0.040127745646622526
0.42518379649893995,0.5351651550959092,0.039651048405150824
0.4327320139660342,0.5284143393320853,0.038853646701880636
0.49417857634291856,0.4692977694436455,0.03652365421343582
0.5065863026236469,0.4527498063521921,0.040663891024161125
0.4343361243100709,0.5276332824281504,0.03803059326177832
0.4824641471885106,0.4824584092938875,0.035077443517601795
0.48542303405635145,0.47518171287980343,0.03939525306384518
0.4458616748472202,0.5162976781641457,0.037840646988634034
0.4262268468013228,0.534084595303772,0.03968855789490503
0.43633645297985335,0.5246353079780351,0.03902823904211186
0.4229021656975614,0.5390115938582749,0.03808624044416345
0.44029806366801955,0.5204339479890242,0.03926798834295622
0.4730028522595418,0.4881867283276025,0.038810419412855804
0.47843197477202865,0.4839543119720516,0.03761371325591973
0.42316666247691964,0.5375520681152539,0.03928126940782637
0.4699454701687459,0.4907375134908603,0.03931701634039375
0.41868998315530626,0.5421845560628983,0.039125460781795324
0.4598831759668173,0.5010343134679281,0.039082510565254545
0.4165507962855809,0.5448341920534205,0.03861501166099871
0.4121063856123812,0.5440923582750544,0.043801256112564545
0.4229949833248992,0.5379283506138172,0.03907666606128345
0.5287348801213002,0.43202463982929806,0.039240480049401616
0.5196137978408465,0.4406489820282358,0.039737220130917746
0.4527036373672906,0.5080459900655315,0.039250372567178
0.4991569050816597,0.4608990964143264,0.03994399850401374
0.4607992682918531,0.49979387429177047,0.03940685741637673
0.43921461352162855,0.5230094161201011,0.03777597035827028
0.47384533133346773,0.4868394807864288,0.03931518788010331
0.4217652389452359,0.5408541458912298,0.03738061516353436
0.48818036512886626,0.4737765862441823,0.038043048626951514
0.42697857462397887,0.5341349538026432,0.038886471573377906
0.4150635182705043,0.5469600023189451,0.037976479410550545
0.42187051541486675,0.538666188692491,0.03946329589264202
0.41151713716770977,0.5488773086704891,0.0396055541618013
0.48263275725404114,0.4777126606052336,0.0396545821407252
0.44981824052323177,0.5101157838250354,0.04006597565173255
0.45010862447603645,0.5103471223518897,0.03954425317207369
0.41217537058358017,0.5487248284372128,0.03909980097920696
0.4290178138048802,0.5314238662746219,0.03955831992049773
0.4390535494796989,0.5221912227175379,0.038755227802763324
0.4257998359590793,0.5344347933160285,0.03976537072489232
0.563734449852674,0.3965042252941845,0.039761324853141544
0.4337714732860326,0.5267172244905369,0.039511302223430314
0.41678425302003463,0.5435989704718688,0.03961677650809667
0.4926960617812769,0.46816242970147043,0.0391415085172525
0.4158420919091031,0.5458751069810779,0.03828280110981925
0.434538426479749,0.527779968840169,0.03768160468008192
0.4207932014859948,0.5389774128767134,0.04022938563729169
0.4310331630815795,0.530806035025607,0.03816080189281388
0.4075477069095657,0.5518112447231874,0.04064104836724673
0.45498546194100215,0.5084202569784849,0.036594281080512985
0.46997915200246554,0.4902910589599073,0.03972978903762694
0.4160610941501966,0.5445326429475342,0.03940626290226915
0.4471376785901947,0.5143139118445887,0.03854840956521655
0.42833264055522724,0.5321561459118376,0.03951121353293501
0.4091753659494912,0.5541524806118996,0.03667215343860918
0.48706145704347853,0.47322686812608195,0.039711674830439275
0.5536296007616084,0.4079892419221409,0.03838115731625075
0.4226736963179632,0.5383111598705947,0.03901514381144203
0.4180674815433985,0.5426906373523681,0.03924188110423336
0.4278959774010491,0.5329720534227741,0.039131969176176964
0.40623731787245415,0.5542316242959335,0.0395310578316125
0.41598473318550516,0.5452368919247903,0.03877837488970446
0.44963513139860145,0.5119063490967045,0.03845851950469386
0.5327549120686483,0.42774805798733917,0.03949702994401251
0.4382060568337836,0.5227246193946113,0.03906932377160519
0.5047701645246943,0.45575379349732925,0.03947604197797654
0.4194008299731866,0.5410243699389168,0.03957480008789663
0.467900160519161,0.493495859800705,0.03860397968013386
0.4279702183269761,0.5337268466061464,0.03830293506687734
0.42531205171107594,0.5349836231081044,0.039704325180819726
0.4234807408548075,0.5384202704022824,0.038098988742910116
0.43396074465850126,0.5264169260898599,0.039622329251638645
0.4284128251403743,0.5298772404498722,0.04170993440975351
0.48145708929821973,0.4801665833217414,0.03837632738003902
0.41959893846130075,0.5411776524521374,0.03922340908656169
0.39778571302270366,0.5651629836901633,0.03705130328713312
0.42218136113029947,0.5427755297301283,0.03504310913957197
0.43489773392537534,0.5266013764867802,0.03850088958784436
0.44422428638945277,0.5175202578814848,0.03825545572906245
0.5764918166402275,0.3844441126311653,0.03906407072860689
0.434863214025555,0.5249695237429332,0.04016726223151194
0.4293534532852916,0.5308702059527579,0.03977634076195022
0.4616731693092893,0.4987944297329634,0.039532400957747245
0.41648155536958575,0.5436592315123855,0.039859213118028765
0.46062869670580187,0.4997221164263813,0.03964918686781663
0.4368523101473003,0.524485469249629,0.03866222060307055
0.43398592555698784,0.5265681737238229,0.039445900719189214
0.45636509247666035,0.5055269962576093,0.03810791126573019
0.42502150128993127,0.5353759073062172,0.03960259140385166
0.42735625968998725,0.5333782754189208,0.039265464891091825
0.4557433934216287,0.504807089650391,0.03944951692798036
0.4559514180228192,0.5060755864872973,0.037972995489883074
0.49826461206199235,0.46234964507355647,0.03938574286445148
0.4271854873961224,0.5333653982230471,0.03944911438083044
0.4564832996572782,0.5062712058370387,0.03724549450568309
0.4324906075752794,0.5342126778620765,0.03329671456264395
0.42005812767388984,0.541003751385955,0.038938120940155065
0.4717229700761022,0.4907241887854465,0.03755284113845159
0.42241838784083185,0.5389746055510843,0.03860700660808361
0.41447415265042936,0.5466569895057731,0.038868857843797476
0.43068319660957155,0.5297401372911786,0.03957666609924987
0.42762809357902126,0.5351516056872845,0.037220300733694
0.48139456343586423,0.4802271333779838,0.03837830318615204
0.4607772936105492,0.4995323065733099,0.039690399816140774
0.45733355438560164,0.5036059780710714,0.03906046754332692
0.39214779319313847,0.5693587619309008,0.038493444875961
0.5108870594587642,0.4506522239169353,0.038460716624300596
0.4089149600392968,0.5596082383771611,0.03147680158354225
0.4583824436076284,0.4997489736582544,0.041868582734117164
0.42165962369964355,0.5399946222692682,0.03834575403108828
0.43581855889861093,0.5253520282025432,0.03882941289884574
0.5010041276280331,0.4507397108869764,0.04825616148499072
0.47219189772011,0.48823759271825035,0.039570509561639856
0.42378200779601083,0.5332496886946178,0.042968303509371225
0.4487313177632064,0.511604243187681,0.03966443904911281
0.4146861103880208,0.5503400522632488,0.03497383734873053
0.4229514000912557,0.5395441195395388,0.037504480369205534
0.4407788715113133,0.5199391229350352,0.03928200555365146
0.4587338549254193,0.5020338985908313,0.03923224648374954
0.4125886603875863,0.5501458836405773,0.037265455971836496
0.49974372507275344,0.45917211964832466,0.04108415527892189
0.48628173519513934,0.47388177470996345,0.03983649009489744
0.47163548625756724,0.4891021204190767,0.03926239332335607
0.40894988738091426,0.5489591772998536,0.04209093531923198
0.47101061495054364,0.49046140378077335,0.03852798126868309
0.47241161029157225,0.49084067950141597,0.036747710207011806
0.4287574447822995,0.5320477271926752,0.03919482802502543
0.4458403657234444,0.5144594982964731,0.03970013598008275
0.5358255378394184,0.42404708201701036,0.04012738014357091
0.44490667673064527,0.5176265812371226,0.03746674203223223
0.4902381875484301,0.47063775622390686,0.03912405622766312
0.5169444950069026,0.4440946271250682,0.03896087786802914
0.4268356347808432,0.533838747640403,0.039325617578753566
0.4224260275533031,0.5379471454795903,0.039626826967106586
0.5692072766569954,0.39084959562742294,0.03994312771558144
0.5714121536978218,0.3882202580054324,0.04036758829674579
0.42282971367289934,0.54046186991463,0.036708416412470725
0.569899630839788,0.3892973159708491,0.040803053189362844
0.4494414653785852,0.5109865582014268,0.03957197641998793
0.4288344849654712,0.5317636195969576,0.03940189543757113
0.5650732504719511,0.3954487140477401,0.03947803548030881
0.5060620161453269,0.4546902167986086,0.03924776705606442
0.549834018345166,0.4103452056775626,0.0398207759772713
0.4232356797355278,0.5394937449275066,0.0372705753369657
0.43780869756140733,0.5230415531407955,0.0391497492977974
0.4239192576172273,0.5364380017332436,0.03964274064952911
0.504278949976102,0.4566606350675148,0.039060414956383405
0.4298142648724283,0.5307146024892612,0.039471132638310515
0.5039444590956396,0.45667942955811897,0.0393761113462416
0.5010912113083259,0.45966079560563766,0.039247993086036284
0.5023184330181756,0.45768255850773754,0.039999008474086724
0.4650992134764265,0.49515086128180014,0.03974992524177327
0.435897616727715,0.5213548102477628,0.04274757302452235
0.4118595545412776,0.5468704520594714,0.041269993399251255
0.47547867682627887,0.4851722638690137,0.0393490593047075
0.49775902501956765,0.4627196022966106,0.03952137268382161
0.42681033790861245,0.533837005864871,0.03935265622651667
0.4069631406686849,0.559868445963482,0.0331684133678331
0.5077939119063543,0.45227012149830687,0.03993596659533892
0.4198028519384995,0.5438667862839666,0.036330361777533945
0.46772141831948827,0.492863231612101,0.03941535006841058
0.5031487916195229,0.45749032491629754,0.03936088346417983
0.4388543293585981,0.5221154098124112,0.03903026082899086
0.4247833169869245,0.5370766291242327,0.0381400538888426
0.4751170509739224,0.485095920387999,0.03978702863807846
0.41443545682299987,0.5464203100381538,0.03914423313884629
0.41551523806821833,0.5453295324633745,0.03915522946840733
0.513918138796423,0.4466313558152484,0.03945050538832887
0.43288607938785306,0.5280698603744649,0.039044060237682296
0.4648704054095896,0.49564732415798196,0.0394822704324283
0.42580204183187487,0.5350857352565909,0.03911222291153445
0.41921987198170135,0.5465631762381957,0.03421695178010307
0.4513647113520925,0.508946285560341,0.03968900308756653
0.45685336554933537,0.5034144642666318,0.03973217018403284
0.5343087047081588,0.4257678008673535,0.03992349442448776
0.4326441535336761,0.5280072266902215,0.039348619776102316
0.4922819790013741,0.4680021902647626,0.03971583073386313
0.43500623583980286,0.5255797452604508,0.0394140188997463
0.42446849456880376,0.53633176036399,0.0391997450672062
0.4358277857727976,0.524957986974082,0.039214227253120314
0.4144309855693433,0.5459182311152351,0.03965078331542186
0.447890771506538,0.5127605017133023,0.039348726780159625
0.4173665540333198,0.5435267969651159,0.03910664900156439
0.4596546163714333,0.5009464638246982,0.03939891980386859
0.4655346525204441,0.4954044079087588,0.039060939570797135
0.560165355591651,0.38093569029748725,0.058898954110861906
0.4225100548595905,0.5383467406406849,0.03914320449972448
0.4225923346817028,0.5376584353186414,0.03974922999965552
0.4438044929577907,0.5166999086044243,0.039495598437785086
0.5193130767028126,0.4411559729112669,0.03953095038592057
0.48123041992318694,0.479195684207834,0.03957389586897905
0.45051981979762157,0.510219495107343,0.03926068509503554
0.43336681332664934,0.5176242811412175,0.049008905532132926
0.4988279035818652,0.46351694226168927,0.03765515415644546
0.4473968918853291,0.5178549073143833,0.03474820080028769
0.46668997025411596,0.49460414698795985,0.03870588275792412
0.4467396885422882,0.5197344780327126,0.033525833424999096
0.44877505095818815,0.512007402917345,0.039217546124466665
0.4479760250998449,0.512661433161217,0.03936254173893775
0.445416496444456,0.5153773350866733,0.0392061684688706
0.4519894388314503,0.5095491833553155,0.03846137781323411
0.4372478219818576,0.5234167015609548,0.039335476457187754
0.415478045877682,0.5452119821493067,0.03930997197301107
0.4272412567895828,0.5337067795495466,0.03905196366087067
0.45455883056116136,0.5057237279223993,0.039717441516439585
0.4543983707350197,0.5066009110546738,0.03900071821030645
0.46371262293676363,0.4977511289953318,0.03853624806790466
0.44875232034917795,0.5115717980317341,0.03967588161908806
0.5150195483801098,0.4469391035010397,0.03804134811885055
0.5426597975284523,0.41872933508204263,0.03861086738950522
0.4150964102272753,0.5462635870589695,0.038640002713755214
0.5003603847453127,0.45997061924262705,0.039668996012060406
0.4444665304346765,0.5160089232983779,0.039524546266945536
0.42755467214027704,0.5335992180282106,0.038846109831512224
0.48097349262147265,0.47767651849824766,0.041349988880279555
0.46501496624044447,0.49542940724258355,0.03955562651697198
0.41638633133559,0.5440228149619026,0.03959085370250713
0.4172439929049072,0.5431810162687958,0.03957499082629706
0.5314522986332971,0.4288220860562705,0.039725615310432186
0.4862986307596163,0.4739824559523589,0.03971891328802487
0.4939219630051951,0.46622295087604,0.039855086118765044
0.47257172197014563,0.49002485697178755,0.037403421058066856
0.427636912613813,0.5340473756268085,0.038315711759378396
0.41734192454666474,0.5464826313925985,0.03617544406073688
0.43660642066461763,0.524488726701316,0.03890485263406642
0.43534196826300475,0.5252434442625519,0.039414587474443284
0.5063038474168607,0.4533194011588449,0.04037675142429454
0.4095545500482436,0.5514304775714776,0.039014972380278914
0.42317178548267576,0.5375155074626415,0.039312707054682636
0.45506788904140144,0.5052888407336221,0.03964327022497645
0.4473070367236224,0.5130624575953738,0.03963050568100355
0.5639320531831025,0.3962456921606966,0.039822254656201116
0.4124068682334166,0.5484200309319792,0.039173100834604145
0.40130955875705493,0.5745791335862144,0.024111307656730713
0.42322443537587257,0.5374009714577342,0.03937459316639326
0.42166773807890484,0.5389094946561169,0.039422767264978266
0.4449645034802799,0.5162678747895443,0.03876762173017579
0.49854364531671785,0.4625288191418119,0.0389275355414701
0.4309064111446409,0.530315092176554,0.03877849667880489
0.4546816654937821,0.5058508613941993,0.0394674731120186
0.41707749970633956,0.5452733662286007,0.03764913406505989
0.5406881526700551,0.41937842064393893,0.03993342668600575
0.418526320030782,0.5425020032898871,0.038971676679331164
0.45388846177448217,0.5016666780697403,0.0444448601557774
0.42815581708824446,0.5351126440793189,0.036731538832436565
0.44818118134258533,0.5132891485748444,0.0385296700825701
0.460433164525802,0.500649470048866,0.03891736542533212
0.44884725383327845,0.5125028666375689,0.03864987952915277
0.41681503918479457,0.5441971923162185,0.03898776849898682
0.4265395616383829,0.5353329918533644,0.03812744650825261
0.4326645470579818,0.5287929636798889,0.03854248926212915
0.4142848988883562,0.5460736756677683,0.039641425443875576
0.4317889803533246,0.5313081717507465,0.03690284789592862
0.4277225632928378,0.5333518587831388,0.03892557792402324
0.4799140548976054,0.48105973475812513,0.039026210344269695
0.4252864094970477,0.5353304017172876,0.03938318878566476
0.485533071762373,0.47586467671617994,0.03860225152144718
0.48402600563743,0.4765973882367719,0.03937660612579794
0.41634561672813125,0.5446025579845899,0.039051825287279164
0.4673108416909905,0.4933004090726943,0.039388749236315135
0.4563514749663223,0.5049254255368217,0.03872309949685602
0.49733920672724374,0.4627869539503224,0.0398738393224338
0.45592079189472295,0.5013504984349355,0.042728709670341286
0.41767068419396813,0.5430217869369872,0.039307528869044824
0.4635777859272691,0.49736533862750293,0.03905687544522807
0.42891402821386476,0.5315852108520902,0.03950076093404508
0.47596499049516855,0.48999006148143026,0.03404494802340127
0.42436270774912177,0.5386883119498481,0.03694898030103016
0.4206797330233616,0.5401316849258516,0.039188582050787006
0.4098935517799676,0.5538942082613442,0.03621223995868824
0.4279459901482508,0.5271908519018023,0.044863157949946976
0.42080141171326857,0.5409970413098896,0.03820154697684184
0.4167925079546358,0.5443056699310754,0.038901822114288644
0.44566021943373246,0.5148894623481499,0.0394503182181175
0.45858332091306536,0.5021058364278489,0.03931084265908568
0.44399222637136737,0.5163664611227401,0.03964131250589262
0.4344564312647682,0.5265782194970329,0.03896534923819892
0.4336009810944805,0.5273153594780835,0.03908365942743595
0.4124935096877944,0.5501313155706573,0.037375174741548285
0.4412505505186447,0.5204948687355391,0.03825458074581595
0.42139719039723206,0.5389342182360048,0.039668591366762776
0.40936971724882043,0.5508529217208467,0.03977736103033292
0.43846461315544466,0.5230575848300699,0.0384778020144854
0.45887443378422876,0.5024748768452802,0.03865068937049101
0.5587203884838997,0.40189992970187577,0.03937968181422441
0.46676246453155407,0.4937351025150111,0.0395024329534347
0.469978200025953,0.4911365690903297,0.038885230883717335
0.4215109582762155,0.5393017766627344,0.039187265061050275
0.4987555270351116,0.4614644963936678,0.03977997657122078
0.4217571332376696,0.5397886504443699,0.03845421631796045
0.4267465993137157,0.5345304384905762,0.03872296219570793
0.4290360137473826,0.5321092064262466,0.038854779826370756
0.43684041338675256,0.5236312481396591,0.0395283384735883
0.4352067479470505,0.527368532594906,0.037424719458043675
0.43920887706430517,0.5212592834203159,0.03953183951537871
0.477666981515428,0.4839752755030655,0.038357742981506474
0.42576284007070886,0.5347356134991789,0.03950154643011253
0.4729152651712915,0.4875132514481215,0.03957148338058677
0.4276672686007448,0.5340542354996811,0.03827849589957403
0.4092973042364305,0.5517457787127976,0.03895691705077194
0.5064701160856518,0.46240623930398234,0.03112364461036588
0.4314589560797096,0.529981179821652,0.03855986409863846
0.4850827760804823,0.47617092809008954,0.03874629582942838
0.5007928783650909,0.4594481970085352,0.03975892462637367
0.46198858006562593,0.49831454009280224,0.039696879841571754
0.42856787445590816,0.5387486807632142,0.032683444780877514
0.41471435832479553,0.5458254762242071,0.03946016545099725
0.423951930424851,0.5366341526942029,0.0394139168809463
0.4275710565503796,0.5354431987514399,0.03698574469818048
0.4475328759963569,0.5128571145780423,0.03961000942560085
0.49392379043243284,0.46751347393464915,0.03856273563291778
0.47901516149236195,0.48161033861217983,0.039374499895458354
0.4926595583387494,0.46919240861568423,0.038148033045566465
0.5237943926460862,0.43761683308747124,0.03858877426644243
0.41740394518653606,0.5430064870769022,0.039589567736561554
0.4800718279893638,0.4805071237083373,0.03942104830229879
0.41108299261806247,0.5512292926660748,0.03768771471586225
0.536386268096205,0.42394188683130374,0.039671845072491434
0.45174444139987624,0.5088685055015318,0.03938705309859175
0.4243490289472882,0.5364821717106353,0.0391687993420765
0.4268912531112377,0.5342839934013724,0.038824753487389514
0.41408909248361353,0.5468401255353998,0.03907078198098653
0.4993829394143897,0.46152473648311937,0.03909232410249111
0.452000698368848,0.5088687192386033,0.039130582392548754
0.4384585532974336,0.5219876953158086,0.039553751386757964
0.41388417640869757,0.5476278016722297,0.03848802191907281
0.4292503388600894,0.5327312009293605,0.0380184602105502
0.4450500964341364,0.5165853753808606,0.03836452818500343
0.42826059728143206,0.5322536881228817,0.039485714595686394
0.4298575606905447,0.523426862779325,0.046715576530130094
0.4701942096311964,0.4907439794518334,0.039061810916970155
0.45069888844492434,0.4849392182972986,0.06436189325777725
0.43510893457032546,0.5253549243932403,0.039536141036434345
0.437210961422947,0.5242403443811766,0.03854869419587632
0.4494828805619253,0.5110350716794957,0.039482047758578706
0.46270547572342763,0.4987818661794375,0.038512658097134826
0.42472869403333546,0.5372289469684896,0.03804235899817487
0.4191462343540272,0.5434815024744944,0.037372263171478404
0.4459943030369182,0.5155421161047566,0.038463580858325165
0.43743438348530017,0.5235210557157488,0.0390445607989511
0.4578972337593022,0.5029543438216045,0.03914842241909298
0.4277058909339983,0.5327807963626682,0.03951331270333387
0.4099030876273111,0.5512418446290087,0.038855067743680166
0.4785632654759786,0.4826690554585398,0.03876767906548166
0.4579279343154303,0.5027633397400174,0.03930872594455232
0.4184766633274646,0.5405676324431885,0.04095570422934682
0.42477424546560627,0.5356557059420965,0.0395700485922974
0.4167443108940316,0.5442969275935513,0.038958761512417193
0.4776052178994559,0.4838478925741434,0.038546889526400833
0.427954301290358,0.5334213737831036,0.03862432492653846
0.49646454331404233,0.463999580899904,0.039535875786053616
0.4251214124214908,0.5357849978067132,0.039093589771796194
0.461205879459555,0.4993880329003674,0.03940608764007757
0.41565720519516786,0.5246463680281342,0.05969642677669786
0.5304350714866773,0.43001321099685236,0.03955171751647035
0.4728594291043786,0.48740679178215024,0.0397337791134712
0.5066883034629434,0.45474289183825545,0.03856880469880099
0.41109172935210686,0.5515425088706568,0.03736576177723647
0.44602720950080277,0.5170461006848821,0.0369266898143151
0.48803936952460103,0.4735992790906957,0.03836135138470298
0.4543312180346937,0.5037665439455122,0.041902238019794064
0.4491134118978802,0.5112822251641251,0.03960436293799469
0.42508522188992526,0.5364189531002588,0.0384958250098158
0.41975776420537847,0.5418917040063227,0.038350531788298704
0.4628264269975679,0.49830692624009537,0.03886664676233684
0.4140035598270712,0.5475591606441368,0.03843727952879203
0.4459305664839273,0.5143250207451888,0.03974441277088386
0.5432035929323944,0.4177818026266817,0.03901460444092385
0.4456180155805939,0.5147517215770762,0.039630262842329886
0.4915966167779454,0.46878147672359527,0.03962190649845936
0.45860674705895815,0.5027928582092429,0.0386003947317989
0.4965892297652554,0.4682802921559266,0.03513047807881793
0.4296470039586293,0.5311731002025679,0.03917989583880277
0.45741283685852235,0.5041916801795336,0.03839548296194362
0.43873361300051206,0.5217474141729307,0.039518972826557336
0.4014782867044768,0.5594558558398929,0.03906585745563027
0.433093898794101,0.5294550961798036,0.037451005026095455
0.41884949918677716,0.542228062270065,0.038922438543157675
0.4743836617202125,0.4881959462745207,0.03742039200526672
0.41466052690771765,0.5466700159412267,0.038669457151055554
0.41396443466818444,0.5465059043330716,0.039529660998743964
0.4286919570710552,0.5318587789674428,0.03944926396150203
0.4273767525378034,0.5330006869606679,0.03962256050152876
0.45439377295599087,0.5064553154883787,0.03915091155563038
0.41620965813988287,0.544775269066485,0.039015072793632026
0.5309721105843958,0.4312752159999981,0.037752673415606126
0.41699838677070644,0.5445282822543828,0.03847333097491067
0.4259483640048057,0.5360097019405119,0.03804193405468249
0.40996057372125044,0.5504210527018385,0.039618373576911
0.4097228531920566,0.5514528211444945,0.038824325663449066
0.4777674105057977,0.48292835051637006,0.039304238977832355
0.4351160743836915,0.5381693990237464,0.026714526592562415
0.4775717526836431,0.48282702962262686,0.03960121769372986
0.4814758593580986,0.478685583498574,0.03983855714332734
0.4308661409951907,0.5294151853337438,0.03971867367106582
0.4565793648172897,0.4991438068778329,0.04427682830487747
0.411174375805243,0.5495414047619305,0.03928421943282648
0.559451190156549,0.3707613554673138,0.06978745437613713
0.5868686952588237,0.3751204040496494,0.038010900691526905
0.43111685157387436,0.5307242578114427,0.038158890614683104
0.42521520904685034,0.5352723954589466,0.03951239549420309
0.46213120408842423,0.4982032656472237,0.039665530264351934
0.42625246426662083,0.536482015335662,0.03726552039771737
0.42911914780319077,0.5320779023804835,0.03880294981632574
0.47657451818980073,0.4848554464903048,0.03857003531989468
0.4427252828181817,0.5185443326795102,0.03873038450230833
0.49383265174862495,0.4666574458084803,0.03950990244289478
