0,1,2
0.4579137229384067,0.5002584709169589,0.041827806144634744
0.4579916284410494,0.5004034232296625,0.0416049483292884
0.45788263949051494,0.5002580232109398,0.041859337298545206
0.4578836237869975,0.500226308195324,0.04189006801767848
0.4579050402158844,0.5002319849300675,0.041862974854048274
0.4580775805321888,0.5003910633974274,0.041531356070384
0.4580887810819876,0.5003634572985145,0.041547761619497824
0.4579251950324749,0.5002202765586835,0.041854528408841594
0.4580463282790419,0.500303090934409,0.041650580786549124
0.45778230570061357,0.5001710587365806,0.042046635562805926
0.45802552845878247,0.5002834293453107,0.04169104219590677
0.45794236919513753,0.5002877088209158,0.041769921983946766
0.45792315042363096,0.5002660837322426,0.0418107658441264
0.45796872179219966,0.5001429006233761,0.04188837758442423
0.45796185202527623,0.5002825880468535,0.041755559927870015
0.45780140033763733,0.5002114377938635,0.04198716186849903
0.45788316124267725,0.5002154129137072,0.04190142584361571
0.45784746689198963,0.5002388729146886,0.041913660193321614
0.4578816878695541,0.5002192539640319,0.041899058166413816
0.4579566539983241,0.5002920488195193,0.041751297182156526
0.4578931046022085,0.5002124040200718,0.04189449137771998
0.457902623550546,0.5002134420085768,0.04188393444087736
0.4579296481058464,0.5002711125077848,0.041799239386368786
0.4580015784064043,0.5002993445177372,0.0416990770758585
0.4577519925666975,0.5001708258300975,0.042077181603204894
0.45796949363876394,0.5002425296452693,0.04178797671596698
0.4579192796492475,0.5002408506888072,0.04183986966194553
0.45792149081937494,0.500264774313216,0.04181373486740882
0.45788168802104257,0.5002192501347478,0.041899061844209794
0.457983734105347,0.5001686806115138,0.0418475852831392
0.45775212280003014,0.5001676272648525,0.04208024993511708
0.45790262219222844,0.500213441749543,0.04188393605822858
0.45791987618797597,0.5002634889757566,0.04181663483626754
0.45775906714359177,0.500165716885018,0.042075215971390204
0.4579875900928141,0.5001249248815958,0.04188748502559011
0.4579134001448742,0.5002582017314857,0.04182839812364008
0.45798695081565927,0.5002847729942617,0.04172827619007924
0.45808370380645086,0.5003521909961982,0.04156410519735093
0.4578397972397766,0.5002123983539246,0.04194780440629895
0.4578915147060288,0.5002626709299758,0.0418458143639958
0.45786746148637225,0.5001055933927349,0.04202694512089303
0.4578857887675015,0.5002135960023327,0.04190061523016546
0.4581034584892015,0.5004071524752257,0.04148938903557262
0.45799470662077685,0.5001249558884638,0.04188033749075955
0.45803266917955376,0.5002898289713784,0.041677501849067565
0.45806148775013406,0.5003841294171478,0.04155438283271807
0.45796482886233736,0.500271567788356,0.04176360334930651
0.4579568024973903,0.500292247574297,0.041750949928312714
0.4580880199155002,0.5004491514354973,0.04146282864900245
0.45796647525427614,0.5002407295602982,0.041792795185426
0.45807331322369454,0.5003352821260895,0.04159140465021623
0.4579741853472871,0.5002114051552706,0.04181440949744215
0.45789419642683665,0.5002640613767915,0.041841742196372
0.4580796829058824,0.5003450611383744,0.04157525595574297
0.45775539728295256,0.500176242862065,0.04206835985498241
0.4581090642173373,0.5004415814138744,0.04144935436878823
0.4578403803456514,0.5002348559619478,0.041924763692400766
0.45784930685018627,0.5002366825899017,0.04191401055991197
0.45801257292899067,0.5001405572528681,0.041846869818141175
0.4580948474562017,0.5004490588714576,0.04145609367234055
0.45784033181399847,0.5002348282431339,0.04192483994286758
0.4579423856080865,0.5002806753026704,0.04177693908924332
0.4577868868567496,0.5002018721030835,0.04201124104016699
0.45795544578448943,0.5002929097785285,0.04175164443698194
0.4579659671439452,0.5001460818219288,0.041887951034126035
0.4577982140007559,0.500209391217197,0.041992394782047186
0.4580304246918558,0.500355620682685,0.041613954625459075
0.45777403841941844,0.5001926988137114,0.04203326276687021
0.4579119802517461,0.5000996331647274,0.04198838658352657
0.45792264575971053,0.5002656867583535,0.041811667481936134
0.45789605323738086,0.5002265618319348,0.04187738493068434
0.45805596757957767,0.5004407508251169,0.04150328159530554
0.45776486635751507,0.5001854191800641,0.042049714462420784
0.4580773772681006,0.5003910278358835,0.04153159489601581
0.4579719208449029,0.5003662809613144,0.0416617981937828
0.4578328492728066,0.5001922780490847,0.04197487267810866
0.4579627192299654,0.5002046654145624,0.04183261535547221
0.4577556489118622,0.5001765402663576,0.042067810821780086
0.4580731943010851,0.5003899362410067,0.041536869457908146
0.45808586284683855,0.5004489783520858,0.04146515880107545
0.4579557926931264,0.500291133379425,0.04175307392744859
0.45877295407218577,0.4984437654092181,0.04278328051859613
0.4579534286827507,0.5002922990927796,0.04175427222446977
0.45799912675664023,0.5002221570085327,0.041778716234827304
0.4578389037864845,0.5002095894122885,0.04195150680122703
0.45811022791017025,0.5004392322948563,0.04145053979497308
0.4579327489283082,0.5002832560146593,0.04178399505703248
0.4577844828712968,0.5001717910246433,0.04204372610406009
0.457897239834479,0.5002656315067867,0.041837128658734346
0.4580660628815316,0.5004444763723668,0.0414894607461016
0.45794887890651464,0.5002855369479238,0.04176558414556154
0.4580454152570584,0.5003714585338829,0.04158312620905867
0.4577672545115761,0.5001874030559337,0.04204534243249012
0.45795158601981356,0.5002324271981814,0.04181598678200483
0.4583592019876344,0.4992090408005997,0.042431757211765966
0.4580178113438693,0.5003126693918842,0.04166951926424648
0.4669424363192909,0.4913048936469636,0.04175267003374549
0.457800845844724,0.5001779428627543,0.04202121129252139
0.45800115041627465,0.500299002881681,0.04169984670204435
0.45782987032219347,0.500228781697675,0.04194134798013176
0.4579740796624098,0.5001416972629568,0.04188422307463343
0.45783266525326205,0.5001537744794731,0.04201356026726486
0.4580583802970442,0.5003820573407181,0.041559562362237554
0.45806861063855553,0.5003288197298926,0.041602569631552004
0.45790676301705324,0.5002525035246407,0.04184073345830598
0.4580536587934444,0.5003108793708478,0.04163546183570766
0.4577815652907372,0.5001708153516855,0.04204761935757738
0.45802759947375493,0.5003522130780088,0.04162018744823634
0.4578318237550115,0.5001634472187185,0.04200472902626982
0.45776109983642355,0.500165862688293,0.04207303747528342
0.4578803319263359,0.5002173942635323,0.04190227381013184
0.45793236798569303,0.5002232188847596,0.041844413129547425
0.4579474420226256,0.5002899342103576,0.0417626237670168
0.45792038131460006,0.5002638923468457,0.04181572633855419
0.45779214961844716,0.5001745445309828,0.042033305850569753
0.4579669336543018,0.5002261530099169,0.04180691333578107
0.4583578800396091,0.49921174666587076,0.04243037329452028
0.4577538704459334,0.5001663143669964,0.04207981518707022
0.457881726219094,0.5002187333250678,0.041899540455837964
0.45797781779329405,0.5001437145956527,0.0418784676110532
0.45799699983885817,0.500407280730426,0.04159571943071614
0.45793599294303583,0.5002759078465021,0.04178809921046196
0.4577559665452428,0.5001769077373486,0.04206712571740838
0.4579519769121414,0.500287923657216,0.041760099430642725
0.45775173356171356,0.5001697628754823,0.042078503562803966
0.4579787390575284,0.5003564337911136,0.04166482715135788
0.45776541949633576,0.5001858857404129,0.042048694763251376
0.45777231115367695,0.5001913893644417,0.042036299481881347
0.45800857878386414,0.5003254805285346,0.04166594068760137
0.4579430177606917,0.5002811457906238,0.041775836448684565
0.45785025070638463,0.5002387386457936,0.04191101064782174
0.45788397091955263,0.5002269776923082,0.041889051388139385
0.45810909646427,0.5004415289661965,0.04144937456953365
0.45789738790661144,0.5002126519087938,0.04188996018459469
0.45792665590099174,0.5002688144582348,0.041804529640773254
0.45798104447281446,0.5001471366975928,0.04187181882959254
0.4580585215943547,0.500316368251293,0.0416251101543522
0.4579922508288569,0.5003139803022121,0.04169376886893074
0.4579787503155987,0.5002647626605561,0.04175648702384531
0.4577674609366966,0.5001669018387443,0.0420656372245589
0.4580408112878853,0.5003669932084791,0.04159219550363552
0.45796054201489705,0.5001692622790775,0.041870195706025425
0.45788206623327915,0.5002223213143914,0.04189561245232946
0.4579563979325417,0.5002930673334816,0.04175053473397663
0.4584104885048758,0.4970994855745549,0.044490025920569526
0.45793960873275197,0.5002864554157467,0.041773935851501305
0.45805458879678873,0.5003461738994509,0.04159923730376015
0.4580899875568752,0.5003670081192405,0.04154300432388446
0.45788451864056323,0.5002279626749266,0.04188751868450997
0.4579636609472243,0.5003666718547806,0.041669667197994704
0.4580651444522279,0.500444170270357,0.04149068527741538
0.4579677214887843,0.5001437989875104,0.041888479523705495
0.4577518826698944,0.5001704681756596,0.04207764915444608
0.4579255155306314,0.5002679310111767,0.04180655345819166
0.45785347039388935,0.5002026893227834,0.04194384028332704
0.45799488895755386,0.500299602432437,0.04170550861000916
0.4580564408476831,0.500380667068403,0.04156289208391358
0.457991797697238,0.500257047272142,0.041751155030619956
0.45792416695359783,0.5002198799549552,0.04185595309144709
0.4580729722448599,0.5003655002975583,0.04156152745758178
0.4578901778513621,0.500212542648714,0.041897279499924035
0.4579355038170618,0.5002755411460857,0.041788955036852565
0.45793096868642974,0.5002721184181795,0.041796912895390455
0.46022772121673383,0.4951262616426856,0.04464601714058059
0.45810432952348346,0.5004088222849521,0.04148684819156445
0.45789319774346643,0.5002248664873052,0.041881935769228315
0.4579517114306253,0.5003707896535504,0.04167749891582431
0.45777795024551243,0.5001955870096948,0.04202646274479267
0.45779211178762946,0.5001745303421561,0.042033357870214526
0.45811024620608914,0.5004391848300574,0.04145056896385353
0.4580362966367622,0.5004315611617549,0.041532142201482984
0.4578987221197968,0.5002128099270129,0.04188846795319014
0.4580776996146367,0.5003418571808034,0.041580443204559746
0.45778793751042934,0.5002025879597867,0.04200947452978383
0.45780320782179346,0.5001789090473331,0.042017883130873256
0.4581017536246348,0.5004474686443411,0.041450777731023854
0.45803951438790824,0.5003656714401453,0.04159481417194653
0.4579900187539672,0.5003238461597663,0.04168613508626635
0.4579012777089139,0.5002474958304284,0.04185122646065772
0.4580521055328484,0.5003437264493169,0.04160416801783492
0.457903747572357,0.5002136648945659,0.04188258753307731
0.45797668303680833,0.5002802036624947,0.04174311330069719
0.4578894952344948,0.5002350390012478,0.04187546576425777
0.45794953003502364,0.5002908061690619,0.04175966379591443
0.4578965230316183,0.5002125678842456,0.04189090908413605
0.45801481918913406,0.5000532058086036,0.04193197500226239
0.4579954185067441,0.5002961973345623,0.041708384158693566
0.45799871313252777,0.5002970662675471,0.04170422059992505
0.45805120545969485,0.500308212362133,0.041640582178172104
0.4579730425607574,0.5001415237152733,0.04188543372396938
0.4579091752244555,0.5002717067129673,0.0418191180625771
0.4580499797666598,0.5003755309951142,0.04157448923822614
0.4579595996842849,0.5002367753950104,0.041803624920704656
0.4580396321174302,0.5003657925818537,0.041594575300716176
0.4579980301385909,0.5002614971525833,0.041740472708825985
0.4580892653463715,0.500364807538212,0.04154592711541648
0.45795447846518794,0.5002899573292208,0.04175556420559131
0.45775633620457934,0.5001657754518445,0.04207788834357628
0.4580996045249284,0.5004481898188528,0.041452205656218724
0.4579359983484787,0.5002759118964637,0.04178808975505759
0.45803460771210625,0.5003273108289538,0.04163808145893994
0.4577742966552744,0.5001686022663616,0.04205710107836381
0.45786190650397607,0.5002071739017555,0.041930919594268375
0.4577555868861124,0.5001658698351693,0.04207854327871838
0.4579997145036755,0.500297860111885,0.04170242538443956
0.4579767896424519,0.5002802826470379,0.04174292771051016
0.4579550708264605,0.500292814091004,0.0417521150825355
0.4581085114014013,0.500418278660623,0.04147320993797571
0.4578721325781021,0.5002780993552504,0.04184976806664757
0.4579995085641642,0.5002475139568643,0.04175297747897155
0.45794399816097464,0.5002818758933117,0.041774125945713766
0.45793399013645647,0.5002744036073157,0.041791606256227964
0.4579635321518085,0.5003665196625702,0.04166994818562124
0.45783315360624954,0.5002306951840522,0.04193615120969813
0.4581113467829354,0.500434032548926,0.04145462066813832
0.4581119429571941,0.5003225542203036,0.04156550282250245
0.4580613142978257,0.5003196567281589,0.0416190289740155
0.4578168532871539,0.5002210354754151,0.041962111237430925
0.4579168486265562,0.5002755389540124,0.0418076124194314
0.4580637315055585,0.5003855001015514,0.041550768392889965
0.45775409675260187,0.5001745895074814,0.04207131373991657
0.4578614452694802,0.5001086356723486,0.04202991905817113
0.4578917561740402,0.500224015694622,0.04188422813133793
0.4580855794740951,0.5003804881693428,0.041533932356562185
0.45808931928013585,0.5003878449972654,0.04152283572259885
0.45775186376348914,0.5001703984695941,0.04207773776691659
0.4580808732596731,0.50034707189416,0.04157205484616694
0.45808735264515693,0.4976263088620392,0.04428633849280395
0.45805759905354626,0.5003815060613566,0.04156089488509678
0.457954196899483,0.5003730332266233,0.04167276987389373
0.4579170912527341,0.5002394662002677,0.04184344254699813
0.4580088061645657,0.5003258427305045,0.04166535110492976
0.4579819139877075,0.5003494953238488,0.04166859068844362
0.45810705524065337,0.5004146155181481,0.04147832924119829
0.457930079878974,0.5003499465630564,0.04171997355796978
0.4580627442113168,0.5003849103994537,0.04155234538922947
0.45791310448549005,0.5002579545958984,0.04182894091861171
0.4579640169296316,0.5001500774847083,0.04188590558566008
0.4579140034079042,0.5002741251526623,0.0418118714394335
0.45808682734364653,0.5003820851557915,0.04153108750056177
0.4579767543135396,0.5002802564694697,0.041742989216990635
0.45795688244846444,0.5002923706454773,0.041750746906058234
0.4580000287286055,0.5004094007881877,0.04159057048320679
0.4578404164010282,0.500234876552982,0.04192470704598967
0.45803878280786225,0.500364913489376,0.041596303702761614
0.4580884477063015,0.5003841978441016,0.04152735444959681
0.45775950607070104,0.5001805967545435,0.042059897174755494
0.4578842365732992,0.5002144576194616,0.0419013058072393
0.4579299234116321,0.5002713226059349,0.04179875398243325
0.45790027934585764,0.5002465464373832,0.04185317421675922
0.45788740322042015,0.5002605266400759,0.04185207013950385
0.45775180495078743,0.500170156576343,0.04207803847286965
0.4580732817177225,0.5003352370205545,0.041591481261722886
0.4579519156036851,0.5002917490858046,0.041756335310510206
0.4579751042685978,0.500245979263657,0.04177891646774529
0.46221839299096307,0.4936516850900591,0.04412992191897767
0.45795532497193436,0.5002906985993509,0.041753976428714604
0.4578318944221101,0.5001723522129851,0.04199575336490496
0.45788258475460564,0.5001008914560492,0.042016523789345096
0.45785581095726113,0.5002500563609338,0.041894132681804946
0.45798125240497645,0.500351067048824,0.04166768054619924
0.4580155162097051,0.5002749785773571,0.041709505212937655
0.4580938758991815,0.5002261565424091,0.041679967558409824
0.4579835321305571,0.5002514150633369,0.041765052806105964
0.4580822275440502,0.5003494548862158,0.041568317569734094
0.45796265623400095,0.5001543598270044,0.04188298393899468
0.45797392604173326,0.5001416605146232,0.04188441344364384
0.4580817893742068,0.500391339345353,0.04152687128044011
0.45788448945891475,0.5002279120403704,0.04188759850071516
0.45795144942417654,0.5002875105777569,0.04176103999806649
0.45793540798900206,0.5002513048418359,0.04181328716916214
0.45789531457780586,0.5002415925708966,0.04186309285129743
0.45811548780602773,0.5002795786876776,0.04160493350629484
0.458012288527735,0.5004175708431668,0.04157014062909805
0.4578876342982841,0.5002606475572053,0.041851718144510594
0.4580119243196502,0.5003077512589056,0.04168032442144403
0.4578076600594989,0.5001807753200498,0.042011564620451324
0.4578338895390437,0.5002311220403531,0.041934988420603225
0.45775486525593895,0.500166009434357,0.04207912530970418
0.4580805063130783,0.500448226266971,0.04147126741995068
0.45790102445540976,0.5002131548201354,0.04188582072445467
0.4577910409961518,0.49827866331631104,0.043930295687537174
0.4578025761127066,0.500178648966729,0.042018774920564335
0.45788172469948196,0.5002187473693342,0.04189952793118393
0.457933842145431,0.5002742921531127,0.04179186570145655
0.4581130361862386,0.5002691734448098,0.04161779036895164
0.458002430576174,0.5002647478166135,0.04173282160721248
0.45793969362311077,0.5002786715835429,0.04178163479334631
0.4580976109972545,0.5002326226875101,0.0416697663152353
0.4578991567608982,0.5002128683393849,0.04188797489971685
0.4579993729331321,0.5002526285018376,0.04174799856503021
0.45798152191103986,0.5001477765984069,0.04187070149055305
0.4580810862665904,0.5003749281238545,0.04154398560955517
0.4578912233388359,0.5002124565991433,0.04189632006202085
0.45775728829857165,0.5001657119268782,0.04207699977455007
0.4579090794170865,0.5002149269906049,0.04187599359230861
0.45797921726326235,0.5002660044833394,0.04175477825339819
0.45799447895039347,0.5003020960028508,0.0417034250467555
0.4578094750092995,0.500181552142999,0.04200897284770142
0.45792411227834917,0.5002668375446438,0.041809050177007014
0.45798174182307344,0.5001480832352894,0.04187017494163691
0.45799957657929186,0.5002420626443037,0.04175836077640479
0.4579604687780322,0.5001818279228093,0.04185770329915844
0.5101589570042815,0.47936956087636307,0.010471482119355328
0.45795654983309647,0.5002930695365531,0.041750380630350296
0.4578488272740541,0.500239637315473,0.04191153541047281
0.4580231716502719,0.5003465939173265,0.04163023443240192
0.4578839311165575,0.5002146875161451,0.04190138136729752
0.45809507630324714,0.5003934032744426,0.04151152042231005
0.45796977314193554,0.5003678501498225,0.04166237670824156
0.45789302949385147,0.500263457127068,0.04184351337908061
0.4579133362962945,0.5002161410714042,0.04187052263230146
0.4578068198017774,0.5001804187592788,0.0420127614389437
0.45800313509915747,0.5004115335553647,0.041585331345477886
0.4579949307539173,0.5002993415760072,0.041705727670075216
0.4578932489660769,0.500239384872573,0.04186736616135006
0.45804930008776235,0.5003749473451942,0.04157575256704356
0.45805985624999773,0.5003514799880883,0.04158866376191391
0.4581082164358656,0.5002549313025388,0.04163685226159577
0.4577522249079681,0.5001674802718734,0.04208029482015855
0.45793430483556824,0.500283990483984,0.04178170468044779
0.45776772220873657,0.5001669578428899,0.042065319948373356
0.45794606426975715,0.5002295992311555,0.04182433649908744
0.4580242406869593,0.5003181617340826,0.041657597578958025
0.4580446397877357,0.5003707313442022,0.041584628868062176
0.4580329639524392,0.5004297883178674,0.04153724772969329
0.45791045952952164,0.5002153023535393,0.04187423811693883
0.45799556537025443,0.5002952117527707,0.041709222876974955
0.45789374474900907,0.5002399245357232,0.04186633071526786
0.4580460195539052,0.4999541719865394,0.041999808459555525
0.4579610985086714,0.5001914794472839,0.04184742204404475
0.45793114037070903,0.5003510267305011,0.041717832898789976
0.46944770322719215,0.48832867791828805,0.04222361885451966
0.45794839323733205,0.5002851691129085,0.04176643764975936
0.4579551705552483,0.5002928406885173,0.041751988756234204
0.4578841832038693,0.5002273686406369,0.04188844815549405
0.457972489695256,0.5001415043782055,0.04188600592653869
0.4579564982228891,0.5002918623343632,0.04175163944274778
0.458035009047304,0.5003276728738867,0.04163731807880925
0.45802629056635663,0.5002840968235678,0.04168961261007542
0.4579570270372348,0.5002927299221692,0.04175024304059611
0.4579448793728129,0.5002825329060545,0.04177258772113254
0.45775370411002436,0.5001740371458346,0.042072258744140924
0.45803619746450824,0.5003287485859056,0.04163505394958602
0.4577524495413272,0.5001719279507866,0.042075622507886275
0.45794477679641304,0.5002824563770664,0.04177276682652067
0.45806237880663386,0.5003540807896343,0.04158354040373176
0.45808903602902645,0.5004492032239544,0.04146176074701921
0.4579565889789777,0.5002919689636528,0.04175144205736966
0.45780884122013016,0.5001812798504957,0.04200987892937409
0.4577806837613368,0.5001975507766342,0.042021765462028876
0.45799810131837076,0.500273596249076,0.04172830243255297
0.45809684162797737,0.5002312482887277,0.04167191008329504
0.4580010345478891,0.5004100959761071,0.04158886947600376
0.4580454708986379,0.5003715103209881,0.04158301878037382
0.4580008312138652,0.5002987483894544,0.04170042039668017
0.45788711951708655,0.5002319445925218,0.04188093589039182
0.45808380790968306,0.5003910788960635,0.041525113194253505
0.45788496943065016,0.5002139973558648,0.04190103321348509
0.4579065361258444,0.5002142854754493,0.041879178398706376
0.4580256466065527,0.5003497772050383,0.041624576188409014
0.4579449142211909,0.5002888404536602,0.041766245325148915
0.45795165101232305,0.5002876680126271,0.04176068097504996
0.45775485783761183,0.5001755835833266,0.04206955857906146
0.4580298949734028,0.5003549921567295,0.04161511286986767
0.4577519381999245,0.5001679663852318,0.042080095414843595
0.4578043419826521,0.500179378993785,0.04201627902356315
0.4580215083835575,0.5004232696347961,0.04155522198164645
0.45794733489107375,0.5001071754326601,0.04194548967626609
0.4579241099280776,0.5002791053329799,0.04179678473894246
0.4578835649972665,0.5002150019761941,0.041901433026539384
0.4596710551896875,0.49708070116272746,0.043248243647585095
0.45798324723739736,0.5003461175485424,0.04167063521406028
0.4580819686084618,0.500391328365739,0.04152670302579917
0.4578450875355075,0.5002268572202249,0.04192805524426764
0.45828045542828727,0.4972977880250354,0.04442175654667721
0.4580787700269941,0.5002039119337409,0.04171731803926498
0.4580197228349401,0.5003142886869415,0.0416659884781185
0.4579315373746269,0.5002228631493089,0.041845599476064324
0.4577842188899181,0.5001717009570458,0.042044080153036095
0.4577895664674215,0.5002036896517621,0.042006743880816176
0.45808027301071647,0.5004481842424591,0.04147154274682439
0.45785675198955483,0.5002440495740508,0.041899198436394516
0.4579458472673945,0.5002892481980348,0.04176490453457056
0.4580453385425133,0.5003713870484148,0.041583274409072044
0.4584725632572312,0.49898462690874745,0.04254280983402138
0.45779999810862587,0.5001776003328482,0.04202240155852593
0.4577689484156612,0.5001887671377447,0.042042284446593976
0.4579516396722118,0.500291643951867,0.04175671637592136
0.4580128910048638,0.5003085518811949,0.04167855711394131
0.4581091079200611,0.5004199816327382,0.04147091044720074
0.4579130106052298,0.5002578760061099,0.04182911338865995
0.46057705890617606,0.495915778651556,0.04350716244226791
0.4577519051525922,0.5001705473043468,0.042077547543061054
0.45800622479267766,0.5003307012680912,0.04166307393923102
0.4578707942118957,0.500276008574514,0.041853197213590376
0.4579417688771756,0.5002874383160659,0.041770792806758404
0.45793841695563386,0.5002859074164453,0.04177567562792098
0.45800921127506516,0.5003264852333971,0.04166430349153777
0.4579885855942315,0.5002548225777658,0.04175659182800265
0.4580598543266151,0.5004422757548114,0.04149786991857384
0.457945727045079,0.500283165980202,0.04177110697471877
0.4579159606650087,0.5003349257507009,0.041749113584290405
0.4579452729542602,0.5002889977265066,0.04176572931923326
0.45798944257465785,0.5001642394161199,0.04184631800922228
0.45800816292693014,0.5003248151421621,0.041667021930907905
0.45789590437024247,0.5003112184495736,0.04179287718018383
0.4580019532095059,0.5003144028286283,0.041683643961865774
0.45786344119207467,0.5002080031215101,0.041928555686415014
0.4577705126704531,0.5001899999342774,0.04203948739526932
0.457844073679154,0.5002369569588492,0.041918969361996815
0.4579170938877546,0.5002173409799939,0.041865565132251474
0.45783275934018797,0.5001531322844573,0.042014108375354825
0.45782214878957816,0.50022421940714,0.04195363180328159
0.4578889156401296,0.500234315588813,0.041876768771057345
0.45792252587296045,0.5002429192326892,0.0418345548943505
0.4579526561315433,0.5002884616396156,0.041758882228841006
0.4578604453564847,0.5002063882139495,0.04193316642956583
0.45811076382563687,0.5004261454297736,0.041463090744589676
0.4578838728318109,0.5002147345065646,0.04190139266162447
0.45797435866380626,0.5002522833584616,0.041773357977732205
0.45791099188351747,0.5002154519612326,0.04187355615524961
0.45801949360715377,0.5003416596031129,0.041638846789733314
0.45783718223547043,0.5001366712931791,0.04202614647135073
0.45784158206058717,0.5002355413949233,0.04192287654448956
0.4579873566983811,0.5002539835955286,0.04175865970609021
0.457956509996279,0.5002918758953797,0.041751614108341134
0.45797460168192394,0.5001418502151518,0.0418835481029244
0.457989946371731,0.5002902215227567,0.04171983210551256
0.4579580962565486,0.5003425959049497,0.041699307838501704
0.4579448037488558,0.5002887918994874,0.041766404351656704
0.4580352710125598,0.5003279095260844,0.04163681946135575
0.45795176743896326,0.5002877591750841,0.04176047338595261
0.45791296216553423,0.5002736056080574,0.0418134322264083
0.45788470211515325,0.5002591096637102,0.041856188221136445
0.4578510003661919,0.5002408540566383,0.04190814557716955
0.4579696551644196,0.5003679119897885,0.041662432845791915
0.45788417616049043,0.5002273558685243,0.041888467970985215
0.45799125534798746,0.5004031506556736,0.04160559399633887
0.45795578641429946,0.5002929843084959,0.04175122927720449
0.4580914859206438,0.500383338605537,0.041525175473819266
0.4579258058391249,0.5003455275234998,0.04172866663737565
0.4579245095907682,0.5002200113997994,0.04185547900943215
0.4578034350930482,0.5001790029116128,0.042017561995338855
0.45806093810587223,0.5003192074372815,0.04161985445684613
0.4579995367355146,0.5002344513195254,0.04176601194495962
0.4581975895083268,0.4995603166222149,0.042242093869458486
0.45795593174936683,0.5002912680861493,0.04175280016448385
0.46220277987062247,0.493661740895568,0.04413547923380944
0.4579357935696877,0.5002247253251841,0.04183948110512806
0.45807180681079235,0.5001951240218475,0.04173306916736017
0.4578891611890137,0.5002346242070561,0.04187621460393033
0.45775188040456866,0.5001704599856612,0.04207765960977016
0.45809110049014445,0.5003877628210227,0.04152113668883254
0.4581113935681336,0.5004314111515281,0.041457195280338636
0.45798252220478447,0.5001738070811957,0.041843670714019475
0.4579615897835766,0.5001962405820278,0.04184216963439577
0.45795702606449357,0.5002928183034975,0.04175015563200887
0.45790264256042923,0.5002134456385785,0.04188391180099201
0.4578542161513615,0.5002426450759494,0.04190313877268911
0.4579610042774922,0.5001904159721255,0.041848579750382135
0.45802420296869417,0.5003479335923994,0.041627863438906614
0.4578338417218618,0.500189076568019,0.041977081710119116
0.45789262494409433,0.5002245280208243,0.04188284703508121
0.4579641329640755,0.5002129762693263,0.04182289076659823
0.4578361018392307,0.5001395201277605,0.04202437803300853
0.45791961612451304,0.5002182067006944,0.04186217717479262
0.458009759153509,0.5002703700068485,0.0417198708396423
0.45788447465572474,0.5002278862825256,0.04188763906174969
0.458008713138999,0.5000741276381518,0.041917159222849235
0.45804708719347725,0.5003038729837507,0.0416490398227723
0.4579343641030322,0.5002506146669329,0.04181502123003503
0.45775257854175805,0.5001721853592866,0.042075236098955346
0.4577539647305239,0.5001662781152614,0.042079757154214754
0.45775410708080716,0.5001662267444001,0.04207966617479273
0.45795701832361085,0.5002928528160546,0.04175012886033477
0.45788601741876866,0.5002135005857238,0.04190048199550772
0.4577706588547503,0.50016764072868,0.04206170041656961
0.4578875130972842,0.5002215313170025,0.041890955585713416
0.4580149683700946,0.5003352412937433,0.04164979033616223
0.4579877093604372,0.5001249909772209,0.04188729966234187
0.4578494519692601,0.5002399876310077,0.04191056039973194
0.45835875464809367,0.49920995619504843,0.04243128915685792
0.4578154722872477,0.5002201971468683,0.04196433056588383
0.4578334218894757,0.5001866167433962,0.04197996136712795
0.4579924028118523,0.5002574715537221,0.04175012563442583
0.457955840584702,0.5002929947532387,0.041751164662059366
0.4580222748448416,0.5003454134912912,0.04163231166386729
0.45789964138956185,0.5002459325437835,0.04185442606665486
0.45792502405927427,0.500220210145033,0.041854765795692625
0.45783903185636854,0.5002340846753731,0.04192688346825847
0.45789492654992137,0.5002411856674628,0.04186388778261584
0.45795699990380884,0.5002928970160757,0.041750103080115404
0.4579549788825318,0.5002927889223865,0.04175223219508164
0.4580916833095348,0.5003743344127313,0.04153398227773375
0.45808723681106617,0.500449098201603,0.041463664987330964
0.4581105220247323,0.500424998647034,0.04146447932823364
0.457999131986291,0.5002222590042559,0.04177860900945334
0.4576720109410456,0.4998273321884517,0.04250065687050285
0.45793654911713316,0.5002763243426686,0.04178712654019833
0.45792310394437186,0.5002660472138256,0.04181084884180233
0.457974371585013,0.5001417774792521,0.04188385093573486
0.45809057352448407,0.5003690357272661,0.04154039074824974
0.4581171400861516,0.5002936454881932,0.04158921442565513
0.4579109892194949,0.5002561696063756,0.041832841174129484
0.4578237930397747,0.5002251985929853,0.04195100836723995
0.4577594249671174,0.5001657331737988,0.042074841859083924
0.4579342568048346,0.5002505438335911,0.04181519936157422
0.4579070950607887,0.5002144206053775,0.04187848433383354
0.4578993625056453,0.5002667216453138,0.0418339158490411
0.45802767337664824,0.5003523039605785,0.04162002266277317
0.45760863585983874,0.4990599108513082,0.0433314532888532
0.4578852337785237,0.5002593890878868,0.04185537713358978
0.45794014904354224,0.5002790107569453,0.041780840199512684
0.45797312177492644,0.5002484590902601,0.041778419134813276
0.45790269567849884,0.5002134558072436,0.04188384851425759
0.4577657564539432,0.5001861677659569,0.042048075780099656
0.4579405184153487,0.5002547112503912,0.04180477033426018
0.4578915453142927,0.500237475429411,0.04187097925629643
0.45798449612492126,0.5002520564286764,0.0417634474464023
0.4579519594734153,0.5002917656841881,0.04175627484239638
0.457866549127824,0.5002096948265364,0.04192375604563931
0.4578965363363357,0.5002428528172997,0.04186061084636451
0.45775566224959735,0.500176555869118,0.042067781881284606
0.45792829284921976,0.5002466380492601,0.04182506910152001
0.45795521525296534,0.500292852357018,0.04175193239001651
0.45801614740237634,0.5003112688883014,0.04167258370932224
0.4578472335688442,0.500231996020779,0.04192077041037709
0.45799920477997913,0.500262355925643,0.041738439294377885
0.4579985509310666,0.500308288919469,0.04169316014946447
0.45804118460821236,0.49996882298707673,0.04198999240471101
0.461821044656068,0.4945179124415142,0.04366104290241767
0.4577742998764145,0.5001928950669057,0.04203280505668012
0.45789322580923086,0.5002124045550039,0.04189436963576498
0.4580690456619302,0.5003882836668585,0.04154267067121133
0.45788850253647834,0.5002337887979845,0.04187770866553719
0.45776011844850306,0.5001811827204037,0.0420586988310933
0.45801905891471034,0.5001452279403102,0.041835713144979206
0.4579355205625903,0.5002755537070535,0.04178892573035633
0.4578765902510256,0.5001023292506633,0.042021080498311075
0.5074511680638005,0.48170187985309804,0.010846952083101569
0.457897490236986,0.5003132112022921,0.041789298560721805
0.4579635421977158,0.5001513862837832,0.04188507151850094
0.45806209778478574,0.5003473094664307,0.04159059274878328
0.45787768501896353,0.5002553977820444,0.04186691719899188
0.4579901732440805,0.5001664444299844,0.041843382325935256
0.457933538621658,0.5002237266330116,0.04184273474533037
0.4578823282474154,0.5002232140267159,0.041894457725868715
0.4578817288774596,0.5002204905406904,0.04189778058185004
0.4577852095609209,0.5001720407200677,0.0420427497190113
0.45809745997119117,0.5004486869404339,0.04145385308837519
0.45790644763003335,0.5002703302084816,0.04182322216148497
0.45799416520452274,0.5002934922276289,0.04171234256784832
0.4580295686068644,0.5003228161594682,0.041647615233667376
0.45786368862860943,0.5002478575088274,0.04188845386256305
0.45810140478563366,0.5004034505333727,0.041495144680993815
0.4579628048700004,0.5002052218003603,0.04183197332963922
0.4577555411045225,0.500176413565126,0.042068045330351564
0.45796402747794307,0.5002392984637783,0.04179667405827848
0.45797607065406665,0.5003611147096485,0.041662814636284955
0.4580361082393592,0.500362066773089,0.041601824987551564
0.47764062184860573,0.48359199200838976,0.03876738614300445
0.4579341308206048,0.5002839085696451,0.04178196060975004
0.45797184328729373,0.5003663515978731,0.04166180511483322
0.4580954479340022,0.5003939521823696,0.041510599883628076
0.45811126511143335,0.5004295009947024,0.041459233893864016
0.4578565495485437,0.5002514729243661,0.04189197752709022
0.45791392619264404,0.500216321917284,0.04186975189007184
0.4580733894298194,0.4976521150636178,0.04427449550656277
0.4578975205545833,0.500243846839292,0.04185863260612437
0.45801060693295775,0.5003066644721925,0.04168272859484964
0.4579353014741613,0.5002753893288868,0.04178930919695171
0.45809177677927976,0.5003750345197083,0.04153318870101182
0.457775409417793,0.5001689180008934,0.042055672581313555
0.4579081187939619,0.5002536954340587,0.04183818577197922
0.4579994996060178,0.5002324498640028,0.04176805052997943
0.45787021575843256,0.5002513970130148,0.041878387228552444
0.4578819317449483,0.5002217577723137,0.04189631048273793
0.45794890209586187,0.5002905476248741,0.04176055027926392
0.4579332091703806,0.5002738149314985,0.041792975898121115
0.4578828186395684,0.5002158353044178,0.04190134605601373
0.458002585404122,0.5003155055468507,0.04168190904902761
0.4805915704590633,0.4889262578148777,0.030482171726058948
0.457949963891239,0.5002863636113759,0.0417636724973851
0.4579711804667878,0.5002435526102871,0.041785266922925286
0.4581111195423411,0.5002629239571468,0.04162595650051209
0.45790611611357107,0.5002519290404921,0.04184195484593677
0.45796282234712005,0.5003655402874145,0.041671637365465364
0.45809180515631964,0.500375271083034,0.04153292376064645
0.4580683660614537,0.5003284970746676,0.041603136863878495
0.4579990508497342,0.5002207403288783,0.04178020882138766
0.4578317633006039,0.5001674685695067,0.04200076812988943
0.4580903148941286,0.5003681064373904,0.04154157866848129
0.4579331547582623,0.500273773868239,0.04179307137349848
0.4578196968385888,0.5001860864268605,0.04199421673455073
0.45794359590495,0.5002882575301648,0.04176814656488516
0.45791556536038386,0.5002168393881623,0.041867595251453664
0.4580649845981613,0.5003241527884749,0.04161086261336368
0.45788507010711954,0.5002139423841889,0.041900987508691326
0.4579398372025676,0.5002865600288042,0.0417736027686284
0.45786766619881236,0.5002709990247899,0.04186133477639762
0.45794443812994723,0.5002822038088609,0.04177335806119168
0.45795515693278194,0.5002928371007697,0.04175200596644835
0.457937908696552,0.5002773406003267,0.04178475070312137
0.4580043428703016,0.5002661893204076,0.041729467809290995
0.45790262913597896,0.500213443074702,0.041883927789319104
0.45796325564785195,0.5001522632714467,0.04188448108070141
0.4579935569185553,0.5002987182279355,0.04170772485350931
0.4579471188478559,0.5002842088174458,0.041768672334698345
0.4580667938675671,0.5004447149199929,0.04148849121244007
0.45788335981461054,0.5002257685465868,0.041890871638802556
0.45782345590420875,0.5002249981717647,0.041951545924026494
0.45788800594540136,0.5002128916844217,0.04189910237017691
0.4579424360528211,0.500287738869808,0.04176982507737088
0.4578399420470845,0.5001307849421432,0.042029273010772285
0.45809047776812106,0.500386068566679,0.04152345366519997
0.45797709846529794,0.5003923627414587,0.041630538793243445
0.4580839581512965,0.50039104630609,0.04152499554261327
0.45801925200901483,0.5002780646363616,0.04170268335462357
0.45778661806935483,0.5002016882769058,0.04201169365373953
0.45799726070146946,0.5003058873775957,0.04169685192093457
0.45799802772042286,0.500274421634433,0.04172755064514414
0.45788447947282324,0.5002278946693651,0.041887625857811694
0.45808339374456436,0.5003516027898267,0.04156500346560881
0.4580884914109873,0.5003887282557968,0.041522780333215825
0.45778644538289776,0.5001724711262707,0.04204108349083165
0.457970559321757,0.5002295178400955,0.04179992283814755
0.45789215807227407,0.5002242525458308,0.041883589381894924
0.45802659748836144,0.5003509715569437,0.04162243095469433
0.4579490024663644,0.500290589183913,0.0417604083497226
0.4580415644203138,0.5003677479261994,0.04159068765348672
0.4580884388972382,0.500362549531483,0.041549011571278986
0.45779961674082464,0.5002102954563357,0.04199008780283986
0.4579861728864324,0.5002531817005174,0.04176064541305027
0.45799240542982544,0.500174217410734,0.041833377159440695
0.45782728185434435,0.5001896112760861,0.04198310686956976
0.45807986610903134,0.5004481092484275,0.04147202464254086
0.45784412642980893,0.5002244433239496,0.04193143024624148
0.457751850499557,0.5001681870732203,0.04207996242722268
0.45783203918598125,0.5001595415226273,0.042008419291391215
0.4580920033968744,0.5003779927096705,0.04153000389345497
0.4579171601152417,0.5002612989677863,0.04182154091697211
0.45789012115967453,0.5002358016967403,0.04187407714358505
0.4578594090668152,0.5002455139994455,0.04189507693373958
0.45795460059676424,0.5002900616941589,0.04175533770907669
0.45795547870894393,0.5002908388919999,0.041753682399056226
0.4579417212203564,0.500280180914554,0.0417780978650896
0.4578826695836283,0.5002580390896939,0.04185929132667777
0.4581101567645014,0.5004234964388772,0.04146634679662119
0.4577710899267913,0.5001677484999728,0.04206116157323583
0.45798790016636337,0.500400672402154,0.04161142743148277
0.47584092101876035,0.48455462830318713,0.03960445067805254
0.4579067379947905,0.5002143338856706,0.041878928119538854
0.4580156730658102,0.5003108711740448,0.04167345576014503
0.4579037098895504,0.5002497564210592,0.0418465336893907
0.4579091483805975,0.5002149453089707,0.041875906310431706
0.4579261072618488,0.5002683899857002,0.0418055027524511
0.4579423639190997,0.5002806591624896,0.04177697691841078
0.45808262754751045,0.5003768041051586,0.041540568347330976
0.45793973073564326,0.5002865112974724,0.041773757966884234
0.4580914859009196,0.5003731013388537,0.0415354127602265
0.4579500924096791,0.5002910345480924,0.04175887304222832
0.45788698767447156,0.500231761242579,0.04188125108294952
0.45780788384013427,0.5002155258757363,0.04197659028412925
0.45802438685389113,0.5004249676509327,0.041550645495176335
0.4579423098178746,0.500227757710258,0.04182993247186738
0.4578817096171635,0.5002189040153827,0.04189938636745391
0.45796533275050505,0.5003680541979,0.04166661305159526
0.4578922102375639,0.5002382315104741,0.04186955825196205
0.45794922103750985,0.5002906793841894,0.0417600995783005
0.45788187986694057,0.5002215052059434,0.041896614927115966
0.4577565563498847,0.5001657557055545,0.042077687944560585
0.4578889528979516,0.5002343626260877,0.041876684475960886
0.45808018099504644,0.5003913471107775,0.04152847189417601
0.4579883926334078,0.5001613167685321,0.04185029059806006
0.457897192937833,0.5002435179343653,0.04185928912780165
0.4579644449090283,0.5002395406939558,0.04179601439701569
0.4581068445435309,0.5004141272017737,0.041479028254695266
0.4579789983951797,0.500248452819704,0.041772548785116353
0.45791683397478383,0.5002755316958515,0.041807634329364504
0.45776838625812444,0.5001883179928892,0.04204329574898641
0.45778698717977373,0.5000959152897035,0.042117097530522896
0.45789279128774957,0.5002124046944282,0.04189480401782233
