0,1,2
0.45293427359111704,0.5063720653612602,0.04069366104762259
0.4529754520153287,0.5058165503370055,0.04120799764766593
0.4524238245088533,0.5063229467923313,0.041253228698815356
0.45286816314942197,0.5063218015937531,0.04081003525682488
0.46389317511761347,0.4999421630001843,0.03616466188220236
0.4543027970250665,0.5070833611129705,0.03861384186196271
0.455002400810282,0.5070330772862147,0.037964521903503315
0.4529415554381196,0.506180065512813,0.04087837904906744
0.4338433571396138,0.49712367278809927,0.06903297007228708
0.4567338916227764,0.5001830426576981,0.043083065719525825
0.4049513091917899,0.46083135344885745,0.13421733735935273
0.46711972007974173,0.497187072761162,0.03569320715909634
0.4570736454944492,0.5037318367327045,0.03919451777284631
0.45666132813412075,0.5076985764568543,0.03564009540902499
0.45786324414235946,0.5146861032871195,0.027450652570521095
0.45317951631844844,0.5073447675229428,0.03947571615860865
0.45491505563053575,0.5042689427419901,0.04081600162747395
0.4547298226747799,0.5050981608192165,0.04017201650600355
0.4561916977150442,0.5104285526314866,0.033379749653469126
0.4571132218709915,0.5012343971588484,0.041652380970160136
0.4607733929294516,0.5098322415330329,0.029394365537515434
0.4550902743986054,0.503374765092038,0.041534960509356844
0.4514813492631799,0.5056740384560521,0.042844612280767976
0.45312724590077025,0.5076322777529465,0.03924047634628333
0.4558106652851095,0.5075594837646625,0.03662985095022793
0.45247054141647486,0.5062175872930682,0.04131187129045693
0.4652495838679282,0.5193794557646193,0.01537096036745222
0.45621734373656236,0.5025675880222897,0.041215068241147935
0.4584511853131114,0.5142549727337594,0.02729384195312918
0.45399546526035606,0.505464029752285,0.04054050498735898
0.4523650181950159,0.5062690811218656,0.041365900683118316
0.4527673562900781,0.5051208978603389,0.04211174584958312
0.4594823979799068,0.4987388249355101,0.041778777084583385
0.4652947878718982,0.510405842455313,0.02429936967278874
0.45397592861033165,0.5040843676500325,0.041939703739635674
0.4608082917575011,0.5018787043662829,0.037313003876215826
0.4610288978151262,0.5012625060943598,0.03770859609051399
0.44229733431574486,0.5100600260957665,0.0476426395884887
0.4591979873700698,0.5046230151074221,0.036178997522508284
0.4577161327227701,0.5075022016278667,0.03478166564936297
0.45571938018958447,0.5085933347931929,0.03568728501722258
0.4618004317961618,0.5034746430041079,0.0347249251997301
0.4543409458510164,0.5084141146993826,0.037244939449600854
0.45697921163887734,0.5008150928057887,0.042205695555333905
0.46124914668034045,0.5039587991766332,0.03479205414302633
0.4693609721612506,0.49009614701877724,0.04054288081997224
0.4560802920827779,0.5031904031048717,0.04072930481235064
0.46700972141773706,0.5037452616136356,0.029245016968627472
0.4527050373762673,0.5063022551554983,0.04099270746823443
0.4632884575785096,0.5129006412131494,0.02381090120834097
0.4528629537358303,0.5083236771390357,0.038813369125134105
0.4572102016008299,0.5018276811733139,0.04096211722585625
0.46387117229980107,0.5143121687519898,0.02181665894820938
0.45480994403473113,0.5046082081295727,0.04058184783569604
0.4529190582794897,0.5055110814108524,0.04156986030965796
0.45489455167499954,0.5106029537447017,0.03450249458029866
0.4524128176973127,0.5061494709139224,0.041437711388764877
0.44228239906524186,0.496820639918986,0.060896961015772216
0.45554384178266694,0.5014453824611111,0.043010775756221906
0.4658578383641828,0.5043791490175935,0.02976301261822388
0.4538991016123113,0.5069494585691543,0.039151439818534396
0.45281481242028354,0.5074715888504844,0.0397135987292319
0.4600952382262354,0.5139533691123854,0.02595139266137916
0.45422147223739673,0.5090523156925264,0.0367262120700768
0.4523027658241342,0.5053022472152252,0.0423949869606403
0.4553905407969175,0.5094460352878308,0.035163423915251485
0.45419291756349117,0.5047347759604539,0.041072306476054705
0.45303611761644563,0.5071765917734811,0.03978729061007337
0.4564348601639656,0.5015560650136925,0.04200907482234206
0.4565781460777099,0.5105404552416748,0.032881398680615265
0.4595661595218622,0.5042198828818596,0.03621395759627822
0.45272356855256957,0.5068899487590607,0.04038648268836965
0.4586385918958279,0.5057905142874207,0.035570893816751145
0.47333181660028684,0.49688955660587325,0.0297786267938395
0.4637230169968242,0.49450386174175626,0.041773121261419396
0.4560600265780165,0.5032247607488552,0.04071521267312829
0.4557366660858413,0.5058215049739962,0.03844182894016233
0.45621513957322457,0.5041760082483031,0.0396088521784723
0.45250637659861104,0.5047730142648675,0.04272060913652141
0.4544293759777029,0.5045730373639818,0.040997586658315134
0.4687420478279069,0.4934641980746398,0.03779375409745326
0.4551096077499938,0.5041666843330622,0.04072370791694388
0.4718669407058448,0.49001815970450424,0.03811489958965123
0.4540968621925222,0.5067781382342794,0.03912499957319822
0.4535996420059407,0.5069190445161358,0.03948131347792356
0.45341115405746557,0.5065443652722219,0.04004448067031253
0.4529478143061708,0.50586822743012,0.041183958263708915
0.47222584109457416,0.4919309603076424,0.035843198597783406
0.46465480974363454,0.49569328694428755,0.039651903312078025
0.46098812960437324,0.49730872347184774,0.04170314692377895
0.47238453137325614,0.4948312633876318,0.03278420523911197
0.458221279838049,0.5046399578997766,0.03713876226217447
0.470086724882233,0.4983713234555114,0.031541951662255686
0.45268774942172735,0.5066777137236108,0.04063453685466189
0.47345660711242155,0.4962672180502744,0.03027617483730407
0.4610467122711743,0.5117532053321896,0.02720008239663602
0.4595982021404391,0.49984170929609834,0.04056008856346252
0.4632572454632154,0.5004976114303531,0.03624514310643151
0.4642422690940572,0.5198361296151,0.0159216012908427
0.45654874113880944,0.5092084426948895,0.03424281616630103
0.4568109868681975,0.5014225978130571,0.041766415318745184
0.45404998869686714,0.5070273044703765,0.038922706832756226
0.475898384903638,0.48796157942876983,0.036140035667592024
0.4656463815448155,0.51196338712462,0.022390231330564454
0.45901571532264723,0.5060249477308449,0.03495933694650792
0.45485533644551823,0.5036344012137446,0.04151026234073714
0.45336086117279717,0.5077146821902389,0.03892445663696383
0.4572315957427992,0.5108169984884184,0.03195140576878229
0.45588934130019815,0.5036661904404152,0.040444468259386766
0.4538742150615953,0.5051657534421572,0.04096003149624735
0.45240923676066963,0.505061315275071,0.04252944796425944
0.4551401467837461,0.5084280129069689,0.03643184030928493
0.45589272804197,0.5028372400394036,0.041270031918626396
0.4550042474962275,0.5081268190076503,0.03686893349612213
0.455850322385518,0.503498581555035,0.04065109605944701
0.4568521146519683,0.5069333627564766,0.03621452259155515
0.4507012746256425,0.47300970222994626,0.07628902314441093
0.4697202960085733,0.4912991740791227,0.03898052991230415
0.4580481886800761,0.5059800112021284,0.0359718001177955
0.46940442311140157,0.5011220882462178,0.029473488642380426
0.46164277566434736,0.49995483794256446,0.03840238639308818
0.45278794382384935,0.5050857332064178,0.0421263229697329
0.4651094487122871,0.4995808257807033,0.0353097255070097
0.45516834238891707,0.5033456006164009,0.04148605699468171
0.46002728269311705,0.5127150407876335,0.027257676519249367
0.45157499664204387,0.5004810252929733,0.04794397806498283
0.4594768689089244,0.5110725875112491,0.029450543579826332
0.4680596727864197,0.4991976980174999,0.03274262919608033
0.47838470093442675,0.49184786957788734,0.029767429487685786
0.45668057684253505,0.5066756413593005,0.036643781798164445
0.47649065762239584,0.4881337133052576,0.035375629072346565
0.46011840543262233,0.4975601792672168,0.042321415300160925
0.4571635581689282,0.5070560700362005,0.035780371794871486
0.45757545329527854,0.5029641051571303,0.03946044154759113
0.4582107326742778,0.5020666786658055,0.03972258865991672
0.4676231810249643,0.49266182119957924,0.03971499777545655
0.4536005243830753,0.504948989528279,0.04145048608864567
0.45661165350361915,0.5021961873793565,0.0411921591170244
0.4567592173144467,0.5021984789616267,0.041042303723926386
0.4599866818738063,0.4784908675622782,0.06152245056391561
0.4575523346825013,0.4957036257902944,0.04674403952720425
0.4558159109959686,0.5025102976311779,0.04167379137285366
0.4585753834490592,0.5121754196239906,0.029249196926950223
0.46132014741913224,0.5000556618624052,0.0386241907184624
0.45724818862422134,0.5044959148237361,0.03825589655204266
0.4679561198007347,0.49565176035876607,0.03639211984049926
0.45768813793502944,0.5038205583024689,0.038491303762501726
0.4569278202793502,0.5009296600134289,0.04214251970722103
0.4526994810495695,0.5063499554587705,0.040950563491660014
0.453511475052842,0.505537206409226,0.040951318537932116
0.4574181549715305,0.5020561590869196,0.04052568594155006
0.4528567276719507,0.5064197988229585,0.04072347350509088
0.46404828683063815,0.5016351487975788,0.03431656437178327
0.45521897176091247,0.503492589274939,0.04128843896414875
0.45231826156261706,0.5025077817100735,0.04517395672730923
0.448334185386427,0.4960400346733668,0.05562577994020608
0.45329147619820387,0.5060744198404832,0.04063410396131301
0.45739004173800285,0.5042151722184682,0.03839478604352908
0.45790335772452345,0.5132446158681698,0.02885202640730685
0.4623603233430182,0.49687680180791527,0.04076287484906636
0.46101936444286756,0.5080091034839896,0.030971532073142755
0.45920495544018275,0.5017087024855901,0.03908634207422722
0.4601504750481449,0.505207266986134,0.034642257965720985
0.4610352197034706,0.4972995421593067,0.04166523813722248
0.45380632376558794,0.5049752716456357,0.04121840458877635
0.45602941089155863,0.5028106047951313,0.04115998431331048
0.462960342367147,0.49897951246538214,0.03806014516747092
0.4554976481311166,0.5067374533553264,0.03776489851355702
0.45892201843357794,0.5128841013015886,0.02819388026483349
0.4684323555319892,0.49349906970014,0.03806857476787053
0.45226281217647074,0.5061993514112311,0.0415378364122982
0.4555005772429691,0.5030577575577034,0.04144166519932736
0.4597955709150742,0.4931751241824916,0.04702930490243402
0.45131229875899853,0.5053420767303151,0.04334562451068665
0.3388082871419335,0.5169345486136513,0.1442571642444153
0.45516486796751143,0.5084923981739173,0.036342733858571064
0.45354142433049377,0.507347749261588,0.03911082640791806
0.4573676499636763,0.5027949464801258,0.039837403556197935
0.46484228547253637,0.47940508657337433,0.05575262795408949
0.47266341191728967,0.4872974193043165,0.04003916877839379
0.45754078917271856,0.5043060616207733,0.03815314920650805
0.4579988131535561,0.511573973660563,0.030427213185880694
0.46159887773477937,0.5006746586415094,0.037726463623711244
0.45684488580046034,0.5087821922612404,0.0343729219382993
0.4583458254586468,0.5159231686779604,0.02573100586339282
0.48129715295662795,0.5007614350344063,0.017941412008965527
0.4743492391408276,0.49012476052042225,0.0355260003387501
0.4774762088643405,0.495685761917125,0.026838029218534527
0.46553479061021563,0.5079210947939778,0.0265441145958066
0.4722510796166614,0.4955886530133707,0.032160267369967965
0.45664569320631015,0.5090922849166922,0.03426202187699763
0.46597344573337907,0.48634360426268275,0.047682950003938185
0.4572116132384557,0.5065441341386164,0.0362442526229279
0.4561888262632012,0.5099020513270093,0.033909122409789466
0.46213163495694254,0.5092647140822952,0.02860365096076219
0.4528753980282694,0.5051040581381974,0.04202054383353328
0.447980946895152,0.4956622018801824,0.0563568512246657
0.4563896157002743,0.5143128159716279,0.029297568328097583
0.45107164875420763,0.4759940387430626,0.07293431250272965
0.4600390667472123,0.5052230596652025,0.034737873587585386
0.4560564238023066,0.504081364736453,0.039862211461240374
0.45215686989516596,0.5062502044172179,0.04159292568761602
0.4616018128140622,0.497028959150557,0.0413692280353809
0.4678303840451001,0.4835564475438257,0.04861316841107435
0.46371076804196115,0.5199779633119261,0.016311268646112747
0.4531949480125392,0.5063831562030335,0.04042189578442723
0.4734161581244278,0.5060764482095743,0.02050739366599786
0.46382244187992555,0.49933076883521127,0.03684678928486313
0.4696055325174805,0.504147007194349,0.026247460288170446
0.452371560216675,0.5060190848240453,0.04160935495927961
0.4567783237852827,0.5020642219287923,0.04115745428592513
0.4578178353875187,0.5031952463139662,0.03898691829851505
0.45443433323443294,0.505298737239099,0.04026692952646796
0.46661572289838293,0.4934831136581491,0.03990116344346801
0.4598231857610512,0.5043136000278013,0.035863214211147444
0.4386026459198713,0.47158788791633655,0.08980946616379243
0.45731509092233286,0.5125586257333697,0.0301262833442975
0.45418245586956574,0.5042470267504804,0.04157051737995392
0.457425291945734,0.5082435952662688,0.03433111278799733
0.45492571572038154,0.5080761388768797,0.03699814540273859
0.45588995970039076,0.5097987387917441,0.034311301507864995
0.4556956988073788,0.5111767061673587,0.03312759502526246
0.4568447903977633,0.5034710066503604,0.03968420295187637
0.4550257267292729,0.5054568721938609,0.03951740107686618
0.45498058775250233,0.5043313628986008,0.040688049348896936
0.4539789454467719,0.5050281330459191,0.040992921507309134
0.454047857995588,0.508765626965215,0.037186515039196996
0.4562896221413463,0.5079828912196218,0.035727486639031844
0.4594799342210932,0.5115942966127304,0.02892576916617647
0.46206742482668944,0.500684611830582,0.03724796334272862
0.46281115216398194,0.5077159823066179,0.029472865529399993
0.4556612771426348,0.5031222522809046,0.041216470576460454
0.46056911021930147,0.49930858552398644,0.0401223042567119
0.46045023577376465,0.5018426461203939,0.03770711810584131
0.47173390683415906,0.4840153291516765,0.04425076401416421
0.4628804266041164,0.49855701111258777,0.038562562283295715
0.4569006225201768,0.5022859369192749,0.04081344056054837
0.4546632883237419,0.505937573989368,0.039399137686889976
0.4588204615744368,0.5028200082239909,0.03835953020157196
0.4580287528071067,0.5030674530704112,0.038903794122482016
0.4531145192107101,0.50713859848397,0.03974688230531966
0.45323576793817144,0.5046070391994435,0.042157192862385166
0.45340669982854737,0.49842285398663605,0.04817044618481663
0.460893209491475,0.4995638234602954,0.03954296704822975
0.45822355899265343,0.5001643628466482,0.04161207816069837
0.45984281474674693,0.5084852213885058,0.031671963864747216
0.45371856278786143,0.5047035113974152,0.04157792581472322
0.4553428211547706,0.504636740659991,0.04002043818523835
0.45909155239627997,0.5085697907906012,0.03233865681311871
0.4539810885615304,0.5057084390076872,0.04031047243078238
0.45707864550737176,0.5052382111197463,0.037683143372882
0.46378414759088615,0.5202811742608155,0.01593467814829819
0.46105564207200517,0.510180961662314,0.028763396265680835
0.45335210531938197,0.5071747725450634,0.0394731221355546
0.4560575125480219,0.5035810335366869,0.0403614539152911
0.4660737097270748,0.4954204955922028,0.03850579468072246
0.45467236871401845,0.5075198929580718,0.03780773832790972
0.45979532445901145,0.49982507351613203,0.04037960202485646
0.45719733233934007,0.5127613255073533,0.030041342153306706
0.4644323522479071,0.4941558131281341,0.0414118346239588
0.4530388299753512,0.506853916281475,0.04010725374317391
0.4553469049000481,0.506102765392122,0.03855032970782984
0.4609656663950067,0.5077749350152827,0.03125939858971066
0.4566190356797587,0.5054494255494786,0.037931538770762656
0.47943655556877984,0.4960777090908429,0.024485735340377183
0.45212276267406964,0.5074125805578429,0.04046465676808768
0.4523737408124026,0.5063731360090677,0.041253123178529805
0.4770939304823488,0.4881715508774985,0.034734518640152506
0.4639580324872211,0.518530678171449,0.0175112893413301
0.46341023715348684,0.49201796027917166,0.0445718025673416
0.4711179337521047,0.508381455537955,0.02050061070994022
0.4548684488059167,0.5067041703076183,0.038427380886464954
0.05150401062838382,0.12873468117725548,0.8197613081943611
0.4539505326984797,0.506104457298515,0.039945010003005266
0.451862478491641,0.5084284492760507,0.03970907223230825
0.4534911153819413,0.5073199953748664,0.03918888924319215
0.4736080095517848,0.506322088900907,0.020069901547308196
0.46548659285805183,0.4908249434133501,0.04368846372859796
0.458284170541916,0.5129833008125592,0.028732528645524776
0.4585473109698844,0.5106228454299515,0.030829843600164067
0.4594465168585351,0.5011280709392366,0.03942541220222833
0.4580749554087116,0.5053138175189774,0.03661122707231097
0.45574318497963634,0.5024442651683702,0.04181254985199342
0.4543853056774947,0.509970355442402,0.035644338880103335
0.4541884913757516,0.504553805591488,0.041257703032760204
0.4576140583641728,0.5013361508502902,0.041049790785536944
0.4506321713200005,0.4814386967404149,0.06792913193958462
0.4713311419733184,0.5003054923542665,0.028363365672415177
0.4532123623818212,0.5077972181823387,0.03899041943583991
0.45809333511114503,0.5041612912096708,0.037745373679184034
0.4537330824210494,0.505542567214731,0.04072435036421963
0.4637514643655559,0.49960653167782737,0.03664200395661661
0.4578013321826683,0.5125460887755242,0.02965257904180745
0.46071622212987595,0.5061719082994782,0.0331118695706458
0.45817713192848375,0.5111840072594356,0.030638860812080768
0.4541280224356592,0.5071715848662791,0.03870039269806131
0.45708288098703403,0.49861900132195347,0.04429811769101245
0.4608826989616777,0.5021248488041521,0.036992452234170324
0.45800904182617663,0.5046286533878036,0.03736230478601952
0.45613919024704624,0.5044920763664124,0.03936873338654119
0.4559490179370972,0.506546110650614,0.03750487141228888
0.4607525715350988,0.49908027349352735,0.04016715497137394
0.4558623518858049,0.5106862950951653,0.0334513530190298
0.4645049427646067,0.5078673438255642,0.02762771340982928
0.4542796921282424,0.5057533945715292,0.03996691330022831
0.45538329225686514,0.5119501800353132,0.03266652770782156
0.4536088181243221,0.5069637915561821,0.039427390319495985
0.4520750364469455,0.5056045161075071,0.04232044744554749
0.4631929589857404,0.5057316671477838,0.031075373866475832
0.45918151952867436,0.5098216286879225,0.0309968517834032
0.4654167825237657,0.4915508743325956,0.04303234314363866
0.45344752066770555,0.5084680978337615,0.03808438149853308
0.4528193349629567,0.5060354390487614,0.041145225988281936
0.4542073691199268,0.5063513618118692,0.03944126906820385
0.45557790996175523,0.5024936146942424,0.04192847534400205
0.47598257734404664,0.4933603244521149,0.030657098203838436
0.45435201132602215,0.5051458556306215,0.04050213304335626
0.452806388488319,0.5065976498651431,0.04059596164653783
0.4589155736966334,0.5036986063564332,0.037385819946933414
0.45628267740301387,0.5044068224162731,0.0393105001807129
0.45610391860268834,0.5060926753054144,0.037803406091897335
0.4717184936610332,0.5203218358154958,0.007959670523470805
0.4581995137453391,0.5101450182818056,0.031655467972855435
0.4406389564596053,0.49904654537369836,0.06031449816669639
0.45778371982884375,0.506137221962071,0.03607905820908531
0.45555170585748195,0.502592099032902,0.041856195109616086
0.45313279642997184,0.5069530294160061,0.03991417415402194
0.46702561624755323,0.5023349084535055,0.03063947529894115
0.4526371278522459,0.5055805927155506,0.04178227943220358
0.45121070202484853,0.5051374512294019,0.04365184674574946
0.4567036013833975,0.5045728655891268,0.03872353302747565
0.4579136128626364,0.5030744798777482,0.039011907259615515
0.45198431468076766,0.5066986703041246,0.0413170150151079
0.4548288046765824,0.5045936157977678,0.0405775795256498
0.45299894053669537,0.5054100917602868,0.04159096770301787
0.45158437037891785,0.505722667110398,0.04269296251068417
0.45346994008915487,0.5083726566062453,0.03815740330459968
0.4553127985567752,0.5053728004901983,0.03931440095302647
0.4596509601088858,0.5024044324441813,0.03794460744693294
0.46249145173703193,0.5095217263348021,0.02798682192816604
0.45358202834236366,0.491581494121715,0.05483647753592138
0.45259775501242683,0.5062001335019354,0.04120211148563772
0.4755974312825743,0.49932652389849586,0.02507604481892989
0.45329930302886423,0.5059539059672522,0.04074679100388351
0.4568382145649229,0.5037216587377118,0.03944012669736524
0.4553856740552447,0.5090464965143339,0.03556782943042161
0.4527891241579052,0.5069199950348006,0.0402908808072943
0.44912823253625117,0.49592733238903763,0.05494443507471126
0.46083445836719844,0.5013409439169291,0.03782459771587252
0.4556427239630022,0.5057482972074612,0.038608978829536504
0.4559787666381219,0.5033703768450395,0.04065085651683848
0.45728353329906574,0.5062696924091283,0.036446774291806074
0.456417382582554,0.5031357681568711,0.040446849260575214
0.4707693276475465,0.5067824722024747,0.022448200149978916
0.4671459605186311,0.5057695536001798,0.027084485881188905
0.47697528602628525,0.4877435877417999,0.03528112623191503
0.45584172481943647,0.501617379766651,0.04254089541391279
0.45596418933505306,0.5031061305681183,0.040929680096828666
0.45305495819465413,0.5058487000378299,0.04109634176751598
0.45288310664001746,0.5055638849093812,0.041553008450601336
0.46112150729947887,0.5112290323790646,0.027649460321456307
0.45296828122157123,0.5066270891453892,0.04040462963303969
0.4614633828112826,0.4996828648161315,0.038853752372585995
0.45269768742720484,0.5062874199244908,0.0410148926483042
0.4625635946786888,0.503947824214484,0.033488581106827106
0.45517954884570666,0.5033745074161907,0.04144594373810254
0.4570841287084126,0.5018116769337144,0.04110419435787286
0.45827635075762124,0.5011116705717736,0.040611978670605065
0.45200296426085523,0.5061361871889923,0.04186084855015236
0.45825401400659743,0.5137280660075642,0.02801791998583836
0.457065415443935,0.5094478004487942,0.033486784107270885
0.458531089214318,0.5067988449484204,0.034670065837261566
0.4740891208155767,0.49982738792518067,0.026083491259242832
0.4535988542622292,0.5077636314047891,0.03863751433298196
0.45429316179036583,0.5102296787911609,0.035477159418473216
0.4555192901443414,0.5043988522098449,0.040081857645813644
0.46127845665444805,0.516105806215268,0.022615737130283843
0.4580060321968131,0.5080494207715854,0.03394454703160159
0.45282492291449394,0.5069448302279043,0.04023024685760181
0.4541965091695747,0.5045931970229255,0.041210293807499764
0.44907432790403995,0.5074186707172783,0.043507001378681645
0.456664206690481,0.5032379766727172,0.040097816636801745
0.45909175697289833,0.5165179662134668,0.02439027681363497
0.30718441451058315,0.5498196620617692,0.14299592342764753
0.4564598466588215,0.5054220700697861,0.038118083271392184
0.4569300615979904,0.5039607506566919,0.03910918774531763
0.44467782669400896,0.4526113330723518,0.1027108402336393
0.4653962339578722,0.509134863274214,0.02546890276791388
0.4548114376705879,0.5074800769368877,0.03770848539252427
0.45337367792944894,0.5059323133838101,0.04069400868674077
0.4530376667964109,0.5051015345422601,0.041860798661328844
0.46238583344004563,0.508198422355448,0.029415744204506385
0.4572458643072064,0.5077852019664493,0.034968933726344284
0.45679820108117747,0.5060322461521614,0.03716955276666092
0.4590930626397353,0.5144104284610377,0.02649650889922707
0.45620697343134575,0.5069046922372668,0.03688833433138753
0.4559204171416127,0.5040686485963345,0.04001093426205284
0.45739725584463303,0.5044698511554312,0.0381328929999355
0.4532566564544928,0.5092875483247379,0.037455795220769555
0.4613665907604029,0.5094769801983101,0.029156429041287027
0.454876066142613,0.50821949334406,0.03690444051332706
0.45447804555551563,0.508034895139494,0.03748705930499056
0.457451685938223,0.5003242672053132,0.042224046856463665
0.4723789958615113,0.4863443616437318,0.041276642494756995
0.45651839160837693,0.5076633692383856,0.03581823915323755
0.40646156972274045,0.3501164703632684,0.2434219599139911
0.45574830848531844,0.5035999407355525,0.0406517507791292
0.4524947582668368,0.5061709585166996,0.0413342832164637
0.4533763686540027,0.5060021411189682,0.04062149022702907
0.4693264121865823,0.49355296907749535,0.03712061873592205
0.46917234515827283,0.4980302854766437,0.032797369365083456
0.4564238779737082,0.5059491746458926,0.037626947380399456
0.4561452571070799,0.5026055123695173,0.04124923052340258
0.46365932094519974,0.501467126614691,0.03487355244010927
0.4564412705559356,0.5034779443330317,0.0400807851110326
0.45927759701772425,0.5045163825274143,0.03620602045486133
0.46042903078526537,0.5048070359418717,0.03476393327286296
0.47615341011998036,0.4904149746566242,0.03343161522339558
0.4588342993365778,0.5150611733381703,0.026104527325251977
0.46072587060454684,0.5026804184715742,0.03659371092387874
0.45281125594056293,0.5052509257210094,0.041937818338427545
0.4606834782173755,0.49838791160386375,0.04092861017876079
0.4536463944464877,0.5068444652583804,0.03950914029513188
0.47993489113159554,0.5116466811312421,0.008418427737162275
0.4538892440564744,0.5045372951583988,0.04157346078512678
0.45346437629116354,0.4982906253343739,0.04824499837446252
0.4535542584848697,0.5063849002125835,0.04006084130254691
0.45269293676528294,0.5057326836003828,0.041574379634334364
0.4539641598871765,0.5082229215517277,0.0378129185610958
0.4630223527116954,0.49836106766722627,0.03861657962107828
0.4588338630583732,0.510335210855755,0.03083092608587205
0.454219035934962,0.5081350701179166,0.03764589394712153
0.4544722201651542,0.5063615150432444,0.03916626479160144
0.4560419106115357,0.5016988092682811,0.04225928012018302
0.4641762784412805,0.5221203749047009,0.01370334665401852
0.4603764044833448,0.5079234064646572,0.031700189051998166
0.46810213869459893,0.49279445639576186,0.03910340490963891
0.4640671433415504,0.5057333951946382,0.030199461463811497
0.4536773377049463,0.5060093251357258,0.040313337159328055
0.4753728208223991,0.4921263036641871,0.032500875513413824
0.4539941145735097,0.506444125728307,0.039561759698183444
0.4557299903254319,0.5045401064747596,0.03972990319980838
0.4539120283692832,0.5057165545491309,0.040371417081585925
0.45966526140356523,0.5039079065319192,0.03642683206451592
0.46379275495717237,0.5009648005891435,0.035242444453684386
0.456318292069277,0.5044165323566496,0.03926517557407329
0.45945687886158804,0.5158543000341304,0.02468882110428163
0.45446312578492676,0.5042514344125893,0.04128543980248376
0.45935462019003565,0.4996867073403165,0.04095867246964785
0.45832760340285716,0.5046026170378518,0.037069779559291034
0.4534762985275266,0.5068480821821734,0.039675619290300015
0.47263056024073374,0.502648470886474,0.02472096887279216
0.4542730633768883,0.5046805717201427,0.04104636490296903
0.4523852846413138,0.5062343755557523,0.04138033980293368
0.4626377323717164,0.5102421411775786,0.02712012645070504
0.4539623822219574,0.5066439400837796,0.039393677694262816
0.45713129325751106,0.5065449590064994,0.036323747735989655
0.46371050817776316,0.5123846833735357,0.023904808448701104
0.45543830590302786,0.5023725769683849,0.04218911712858732
0.4556369425972678,0.5026630292460041,0.0417000281567282
0.45633919070475776,0.5015196131303238,0.04214119616491842
0.45394235250385345,0.5080093805942737,0.03804826690187276
0.45392137212477884,0.504015645341241,0.04206298253398004
0.4564144746664525,0.5022651506747887,0.04132037465875883
0.4736536271043924,0.493120726274366,0.033225646621241466
0.46231553601831754,0.5004031438869533,0.03728132009472903
0.45418179908063444,0.5042517207395445,0.041566480179820835
0.48259228376394686,0.49257763536187393,0.024830080874179553
0.4705969651396606,0.509373757940428,0.02002927691991139
0.4535415871158075,0.5073984960519213,0.03905991683227128
0.4594303484345099,0.5036734618611199,0.03689618970437008
0.46515835225528795,0.5222671214219895,0.012574526322722606
0.4537896986007137,0.507186174650351,0.0390241267489354
0.45780290713115696,0.5127235430499165,0.0294735498189263
0.45377593011378303,0.5071789101178598,0.039045159768357235
0.46333804110501237,0.5113820508147181,0.025279908080269614
0.45247544622178343,0.5068902394442879,0.04063431433392883
0.4505819476494834,0.5039791179204033,0.04543893443011341
0.45378798429574474,0.506857505004211,0.0393545107000443
0.4547041153243778,0.504742554337622,0.04055333033799994
0.45469217611050994,0.4824921226187069,0.06281570127078329
0.4700891426420394,0.5005611388111059,0.029349718546854527
0.4541878910579266,0.5044536732066625,0.041358435735410794
0.47086310129193265,0.5085100188303538,0.020626879877713573
0.4536153050016687,0.5074278504378822,0.03895684456044918
0.4557277633784054,0.5049148832496247,0.039357353371969876
0.457360000859867,0.5018739692640092,0.0407660298761239
0.4547038292160223,0.5043481357633578,0.04094803502062007
0.45552807170183424,0.5065262925270154,0.037945635771150454
0.4639717061813181,0.4973032771921645,0.03872501662651735
0.45710670213833093,0.5012917448893832,0.04160155297228585
0.45513916300158064,0.5068090559085379,0.038051781089881456
0.4538107337920691,0.5064574422929833,0.03973182391494756
0.47112368858816794,0.49925414100431703,0.029622170407514893
0.4611204875925277,0.4971360479418432,0.041743464465628995
0.4585823022598088,0.5050840093081427,0.03633368843204847
0.46332775652949726,0.5136596636896867,0.023012579780816125
0.4587731251949126,0.5107374584469316,0.03048941635815575
0.47154844904836035,0.507559342567256,0.020892208384383486
0.46508981889307405,0.5099471813822104,0.024962999724715842
0.4549076487770191,0.5049333297719278,0.04015902145105326
0.4769129638427798,0.501194404490504,0.021892631666716032
0.45351332803970545,0.507844350016255,0.038642321944039486
0.45338102301575767,0.5071686370512802,0.03945033993296185
0.4527594783468479,0.5053323340728513,0.04190818758030074
0.45438884921264555,0.5046271576984257,0.04098399308892883
0.47684413445632745,0.4928013089800162,0.030354556563656227
0.45262426946982814,0.506773486052032,0.04060224447813986
0.46734481199871886,0.525868925447294,0.006786262553987295
0.45409200486174744,0.5050375931523242,0.040870401985928534
0.4536168762936337,0.506494934118794,0.039888189587572495
0.46057092479617356,0.5044812084931494,0.03494786671067728
0.4623745679441905,0.5095510295015752,0.028074402554234178
0.4598063749448606,0.5011127265122759,0.039080898542863556
0.4547857119648613,0.506064027150728,0.039150260884410676
0.458701906672486,0.515107816398293,0.026190276929221056
0.47614182994558046,0.4862417054225881,0.037616464631831235
0.451640895895338,0.505776855086361,0.042582249018300974
0.4341837657264271,0.4888564693518181,0.07695976492175483
0.4597881668177776,0.5152620322665761,0.02494980091564614
0.4549315708380381,0.4980529837482031,0.04701544541375882
0.45700947672994224,0.5038174888815489,0.03917303438850866
0.4590286035680611,0.5071058359280783,0.03386556050386055
0.4533973095958595,0.5075178817781045,0.039084808626035986
0.4599989666670616,0.5085078949431638,0.03149313838977448
0.4549987790741764,0.5091919446025122,0.03580927632331149
0.4527278454725934,0.505065680873357,0.04220647365404943
0.45949206955638094,0.5143790918087556,0.026128838634863448
0.4564570025800342,0.5045857830696371,0.03895721435032879
0.4541535237533904,0.5051000526400184,0.040746423606591003
0.45792674374785336,0.5022690553222557,0.03980420092989072
0.45837494825172137,0.5034823699684048,0.03814268177987367
0.4571077598738847,0.5016076393891444,0.04128460073697085
0.4577483596093095,0.5071069253355616,0.03514471505512904
0.45885642802102083,0.5027604971528692,0.03838307482611009
0.4550027957577852,0.5046307545618632,0.04036644968035176
0.45669323341966905,0.5042618868778179,0.039044879702512976
0.45220191079466415,0.4860197888405386,0.06177830036479703
0.45432035710282304,0.505413704317281,0.04026593857989588
0.45390409162601225,0.5049351862179902,0.04116072215599757
0.45290926547062443,0.506428759547585,0.04066197498179054
0.46529880756669423,0.518839985165308,0.015861207267997623
0.45711184566424895,0.5055023838919512,0.03738577044379974
0.45715967954816056,0.5118106081278255,0.031029712324013733
0.45426533767642546,0.5067716443033391,0.03896301802023539
0.36630064497889214,0.4712463004499234,0.1624530545711846
0.4522794868063065,0.5072979027784035,0.04042261041529018
0.4543890838024238,0.5091643177992741,0.03644659839830218
0.452901141097908,0.5035836124651303,0.043515246436961814
0.47185143753071135,0.49152267921667553,0.036625883252613026
0.45645831230950756,0.5039602725351392,0.03958141515535331
0.45326625348618427,0.5061883050925949,0.04054544142122086
0.4555037972556877,0.5044718654779424,0.04002433726636987
0.4494538844501432,0.5038849724778337,0.04666114307202282
0.4629724084091337,0.518180966569552,0.018846625021314276
0.45537963904774376,0.502516155570366,0.04210420538189009
0.45204126632537905,0.5062921862594724,0.041666547415148594
0.45452752697571497,0.5038073751333831,0.04166509789090213
0.45841471546627205,0.5116671089424617,0.029918175591266135
0.45654590171454984,0.49307554197770453,0.05037855630774563
0.4564739450953931,0.5019212450646074,0.04160480983999951
0.455448127516538,0.5109920613861705,0.033559811097291545
0.4601772348179934,0.5051951996363045,0.034627565545701934
0.45517812037751026,0.5047746766980403,0.04004720292444931
0.45437286553333955,0.5090693576139194,0.03655777685274119
0.4581191373152855,0.5099727202030475,0.03190814248166715
0.4574939666223971,0.5069952705076793,0.035510762869923725
0.45914908693695583,0.5027570331239062,0.03809387993913805
0.4529758891870781,0.5039721529324249,0.04305195788049692
0.46356145916703356,0.505274539115006,0.031164001717960518
0.463493727135718,0.5105100859082604,0.025996186956021516
0.4551110497390766,0.5036715743623666,0.041217375898556514
0.41863297438788605,0.4143823141825646,0.16698471142954915
0.4540020658163177,0.506322102480352,0.03967583170333062
0.44937510788349655,0.5037174978439777,0.04690739427252579
0.4627439444372804,0.5165002948703312,0.020755760692388662
0.4610265309206826,0.5035417705932775,0.03543169848603997
0.45514886865641746,0.5059439216583093,0.03890720968527313
0.4541420629884272,0.5050762526131507,0.040781684398422204
0.45924121706029514,0.49947357330894937,0.04128520963075558
0.4582569701504079,0.5115729041053977,0.030170125744194642
0.4543457430175655,0.5078338278589987,0.037820429123436076
0.45358187639848424,0.5052255382432823,0.04119258535823316
0.4631939040687616,0.516520562270085,0.02028553366115341
0.45501519533874984,0.5044994821158838,0.04048532254536626
0.45610450096352523,0.5096671050287944,0.03422839400768024
0.4566456348471823,0.5035863492301078,0.03976801592270986
0.4711620857957785,0.5065749148406009,0.02226299936362066
0.4726431080537988,0.5016283411436224,0.02572855080257883
0.4535039449637884,0.5057652355072665,0.04073081952894505
0.4633009353707367,0.5004614484734288,0.036237616155834464
0.44911739433342357,0.5074187163848429,0.043463889281733704
0.4783696600902597,0.48799300694489534,0.033637332964844904
0.45686537230825924,0.5018254600271558,0.04130916766458512
0.45539208720131913,0.5023416995799006,0.04226621321878005
0.46256814064865653,0.5080494950241822,0.02938236432716134
0.4650689399054563,0.49954917816720223,0.03538188192734155
0.45874084189041037,0.5001003968553643,0.04115876125422544
0.4599504604656051,0.5009321584477928,0.039117381086601996
0.4594666898983993,0.4990103813099916,0.04152292879160913
0.45535020367032564,0.5106132188536638,0.03403657747601057
0.4613169201057178,0.5090599825588008,0.029623097335481508
0.4614902396079235,0.5087937230621933,0.02971603732988333
0.46121262131117696,0.5003711255563338,0.038416253132489225
0.43238959694395646,0.495022650706929,0.07258775234911456
0.4696084133546046,0.496926463753882,0.03346512289151342
0.4745542766148214,0.4986736131103053,0.026772110274873178
0.46450024267627293,0.4921224464075247,0.043377310916202234
0.4573316638553329,0.5117374460370169,0.030930890107650225
0.46007855383746815,0.5012647743729405,0.03865667178959139
0.4601601055281852,0.5046637260455482,0.035176168426266564
0.4600803007964309,0.5158582165167794,0.024061482686789638
0.4554433969610702,0.5114744797978263,0.03308212324110339
0.4623467471587652,0.5115264119136143,0.02612684092762075
0.4561379642036489,0.5073022591230008,0.03655977667335018
0.4580775980755038,0.5014725608861801,0.04044984103831611
0.4528872748556824,0.5064794699055801,0.04063325523873749
0.4535839795373138,0.508862989460471,0.03755303100221517
0.4628172625954459,0.49821614266461,0.03896659473994413
0.4329401840207739,0.422838991069093,0.14422082491013266
0.45414621824537743,0.505139220079308,0.04071456167531458
0.45803641271470413,0.4890332893346506,0.052930297950645355
0.456539468565222,0.5112526688626706,0.032207862572107275
0.4544136839449312,0.5067821503876764,0.038804165667392546
0.4528448021191081,0.5068456548095657,0.040309543071326226
0.4647390398735321,0.49891108254238603,0.036349877584082035
0.45355553683158245,0.5073400669572052,0.039104396211212575
0.454985160898397,0.5042668645658235,0.04074797453577966
0.39719532674388197,0.500017060289616,0.10278761296650234
0.4542169225232109,0.5043045368088783,0.041478540667910596
0.4550923518079495,0.5089229019155386,0.03598474627651189
0.45750524220289707,0.5045058970905504,0.03798886070655248
0.4610644260620332,0.49856021828839664,0.04037535564957032
0.4653348409433718,0.5099891172230313,0.024676041833596805
0.45692442587982585,0.5031661637943049,0.03990941032586937
0.44712042143245134,0.5001863191791852,0.0526932593883637
0.45356112801118686,0.5052672914144113,0.041171580574401984
0.4642306723893986,0.5171059192094629,0.018663408401138518
0.4575273617949954,0.5114352343755708,0.03103740382943412
0.46234806415007373,0.5031085996880766,0.034543336161849715
0.45602640407273065,0.5112793591216142,0.03269423680565538
0.45481055036782836,0.5047067035961423,0.0404827460360292
0.45659964177403206,0.5041787190235871,0.039221639202380885
0.4545315896085194,0.5063572573352385,0.039111153056242166
0.4549956290957243,0.5039768195203599,0.04102755138391603
0.4620321036980394,0.503529600346633,0.03443829595532761
0.4516078868782193,0.5033628625401371,0.04502925058164355
0.4585220218747536,0.5067119183953975,0.034766059729848975
0.45952771332583325,0.5022488535470746,0.038223433127092046
0.45438033778321535,0.5053306484668124,0.04028901374997194
0.449300078048897,0.5086560563405874,0.04204386561051589
0.4646016928816946,0.5081368639620705,0.027261443156235028
0.45599055787422643,0.5016416366538058,0.042367805471967855
0.47285415073080833,0.5005126429554738,0.026633206313717565
0.45519090008543633,0.5084921987908263,0.03631690112373727
0.45241415199990803,0.5058180753212987,0.04176777267879329
0.45526132175778194,0.5083413011499639,0.036397377092254206
0.45212088539731055,0.5057580087885044,0.042121105814185024
0.4552318746875322,0.5030322491236661,0.041735876188801965
0.4613242627247894,0.5192478511553159,0.0194278861198946
0.4558641370787651,0.5109752000675859,0.03316066285364895
0.45341163665116785,0.506094863601955,0.0404934997468772
0.459855698039258,0.5154943797267436,0.024649922233998187
0.4543057862513542,0.503817260331772,0.04187695341687402
0.4535886895361245,0.5079059863724755,0.03850532409140008
0.46119115116443055,0.5009366957193632,0.03787215311620614
0.4643330927844193,0.5216577176977684,0.014009189517812068
0.456497835916805,0.5101883797042309,0.033313784378963866
0.45633305335083724,0.508109722228201,0.03555722442096174
0.4569362158065145,0.507745173925744,0.03531861026774151
0.4356623656310598,0.4942207196722551,0.07011691469668507
0.45260487570876917,0.5064406473387394,0.04095447695249147
0.4713093520830666,0.4755174536568509,0.0531731942600826
0.46093088810068716,0.49624549530255807,0.04282361659675469
0.4621478394643949,0.5192752948736804,0.018576865661924687
0.45213824828764926,0.5057707242994937,0.04209102741285708
0.4549539792072774,0.5035992005110445,0.041446820281678044
0.4563010646227396,0.5106043360336731,0.0330945993435873
0.45350623154888764,0.5065302485155622,0.03996351993555025
0.46032145719509077,0.5133972789024044,0.026281263902504834
0.46035148812623383,0.5062330931396417,0.03341541873412432
0.4661524092384167,0.492610904247891,0.0412366865136923
