0,1,2
0.4554227321653593,0.5039701296447444,0.04060713818989633
0.4552730586299377,0.5035608962935914,0.041166045076470904
0.45497260196700495,0.5037836964848471,0.041243701548147986
0.45536119791355,0.5039156377356546,0.040723164350795496
0.4618954881950779,0.5021592893572671,0.035945222447655065
0.45654993872436056,0.5048438104173535,0.0386062508582859
0.45686350646011303,0.5049384939100168,0.03819799962987031
0.45540092241629776,0.503836468394844,0.04076260918885812
0.4331989526671309,0.4943683658181196,0.07243268151474944
0.45674024892797854,0.5004322801633414,0.042827470908679936
0.39966713218951155,0.47137629926852204,0.12895656854196622
0.46329592128519603,0.5008893784044556,0.03581470031034827
0.45783472422382754,0.5031245166590693,0.039040759117103065
0.45824749166754464,0.5058863770082526,0.03586613132420281
0.4602874797190831,0.5113232729274606,0.0283892473534561
0.45577031874001095,0.5047313558697876,0.039498325390201434
0.4563563573416121,0.5029410386420526,0.040702604016335
0.45626631023735525,0.5034602529674909,0.040273436795153945
0.45826177087818804,0.5077036262038586,0.034034602917953294
0.4571349028983208,0.5012638104439272,0.04160128665775213
0.46092163665644786,0.5084048702210656,0.030673493122486475
0.4561504028085793,0.5023014134613472,0.04154818373007366
0.4540892625573132,0.5030607387040735,0.04284999873861316
0.45568312837443387,0.5048960170398769,0.039420854585689155
0.4574377980838232,0.5055051302020376,0.03705707171413913
0.4549696440281985,0.5037156800115761,0.041314675960225714
0.4663717150825654,0.5170415129817825,0.01658677193565223
0.4568620101005548,0.5020224891869334,0.041115500712511834
0.46069362129529107,0.5111983760735099,0.028108002631199013
0.45584599910827805,0.5035445262983658,0.04060947459335622
0.45494709162526525,0.5037371002234368,0.041315808151298115
0.45494363031372287,0.5029966533977468,0.0420597162885304
0.45828700340502837,0.5000554735370673,0.04165752305790427
0.4646834695947404,0.5102596952958758,0.025056835109383595
0.45562661899246915,0.5025627002146495,0.04181068079288136
0.4599463354293813,0.5027028138411186,0.0373508507295002
0.4601238138146913,0.5023568189260712,0.037519367259237546
0.4452014285790137,0.504088037600429,0.05071053382055727
0.4594424142109972,0.5043133280665216,0.03624425772248137
0.45912001573608846,0.5060881495009171,0.034791834762994384
0.4574868413876289,0.5062118169796036,0.0363013416327676
0.4603411021854466,0.5039868981902551,0.03567199962429814
0.45672847723627114,0.5057881888927691,0.03748333387095959
0.45694620663749236,0.5009259564195934,0.042127836942914006
0.4610230545544907,0.5044870556558819,0.03448988978962738
0.463084370826038,0.4962178577964664,0.040697771377495695
0.45670719425586315,0.5023934399003621,0.04089936584377461
0.4641402263573318,0.5056070476024391,0.030252726040229074
0.45520045062014347,0.5038486547104662,0.04095089466939018
0.46420169449879894,0.5118673159741075,0.023930989527093348
0.45534108345299534,0.5052592883975402,0.039399628149464294
0.45732321525292885,0.5017164925824602,0.040960292164610966
0.4648164787117753,0.5130970945195437,0.022086426768680972
0.45615959261149175,0.5031106614649478,0.04072974592356067
0.45519377760834023,0.503332190148818,0.041474032242841866
0.4572821738970635,0.5074579638329836,0.03525986226995276
0.45487631101328674,0.5036422844873133,0.04148140449939994
0.440575086965834,0.49540336670966806,0.06402154632449812
0.45596157466660336,0.5010012953376697,0.04303712999572691
0.4641520393812985,0.5060139876540105,0.02983397296469103
0.4563672571825205,0.5046834094335203,0.03894933338395924
0.45546535495179596,0.5047091389154578,0.039825506132746276
0.46163522210734503,0.5113810613536052,0.026983716539049695
0.4567300101154784,0.5062101007057437,0.03705988917877796
0.4545560988552523,0.5029887044995434,0.042455196645204474
0.4572537374448675,0.5067093697911648,0.03603689276396763
0.45584690232042296,0.5030699916111223,0.04108310606845474
0.4554516681343966,0.5045233249605133,0.04002500690509026
0.4567156363922081,0.5013242836111208,0.0419600799966711
0.4590438132527881,0.5080794838430457,0.03287670290416631
0.45939273955308807,0.5040455561198768,0.036561704327035295
0.4552450741754088,0.504254897935364,0.04050002788922742
0.4589755387136325,0.5049294260305884,0.03609503525577871
0.46739572661139545,0.5023032079614924,0.030301065427112066
0.4608619901622564,0.4981897504945768,0.04094825934316671
0.45693671289823073,0.5024719763811758,0.04059131072059358
0.45724825680301706,0.5042793524911561,0.038472390705826844
0.45701764666597344,0.5031438625890302,0.0398384907449963
0.4547539081180238,0.502697679230913,0.042548412651063114
0.4559264666767103,0.5029994031463227,0.04107413017696681
0.46328340592571965,0.49849818638382853,0.03821840769045161
0.45651066287415926,0.5029271266909431,0.040562210434897675
0.46452349547987737,0.4967591551849639,0.03871734933515855
0.456293013760971,0.5045531055923954,0.03915388064663362
0.4557951498673323,0.5044799113703369,0.03972493876233081
0.4557565238255225,0.5042057813716315,0.04003769480284599
0.45528461343357124,0.5035967254894336,0.041118661076995175
0.4653878651238195,0.49827926737728817,0.03633286749889222
0.46071014852294834,0.4990512932811094,0.04023855819594219
0.45900429527735226,0.49938931907876283,0.04160638564388468
0.4664204658312246,0.5005413926219248,0.033038141546850586
0.4587264414168507,0.5040564148064647,0.037217143776684766
0.4650852082143247,0.5024355516175725,0.03247924016810266
0.45540354439586084,0.5041560480844256,0.04044040751971356
0.46687453152240604,0.5017729276686907,0.031352540808903165
0.4619916585069752,0.5100520609614567,0.02795628053156822
0.4586277393607116,0.500890925543767,0.040481335095521265
0.4616576296009072,0.5024356693375068,0.035906701061585965
0.4658854412161233,0.517251241002027,0.016863317781849452
0.45842055157797135,0.5069494294198644,0.034630019002164204
0.45694742835209234,0.5013207836071998,0.041731788040707804
0.45644040612119297,0.5047630220675262,0.03879657181128065
0.46730276544655824,0.49635990136426295,0.0363373331891789
0.46524477794295144,0.5115509882534766,0.023204233803572033
0.45959771897121,0.5052967141359724,0.03510556689281755
0.45603966233170556,0.5024301914756177,0.04153014619267678
0.4557760843413937,0.5049925229436686,0.039231392714937474
0.4591653911919162,0.5083027520963854,0.03253185671169839
0.456785669240917,0.5027165649553981,0.04049776580368491
0.4556815617584025,0.503293784512664,0.041024653728933456
0.4547336247648614,0.5028782170963725,0.04238815813876609
0.45727653423683484,0.5060028391455962,0.03672062661756902
0.45665283130067114,0.5021264747563323,0.04122069394299637
0.4571173418863243,0.5057460329522288,0.037136625161447154
0.45705562823246654,0.5026801527884512,0.04026421897908229
0.45784794814077584,0.5052722436034282,0.03687980825579594
0.44684874780793904,0.4804191851590138,0.0727320670330472
0.4639724843938054,0.49726711090297987,0.038760404703214506
0.45894533157039624,0.505017066601514,0.03603760182808984
0.4655900279275485,0.5044012010639802,0.030008771008471394
0.46004344389063373,0.5014864796819435,0.038470076427422985
0.4549624212568904,0.5029793112424624,0.042058267500647166
0.46261975356435414,0.5021999015828259,0.035180344852819886
0.456301948583167,0.5023254063774983,0.041372645039334625
0.4613146316657067,0.5104255385331128,0.028259829801180553
0.45344604450179893,0.4994587365042285,0.0470952189939726
0.46076203800962673,0.509102537898967,0.030135424091406068
0.4639207362928484,0.5025149011927752,0.03356436251437629
0.46987280640263945,0.4999287124130149,0.030198481184345875
0.45824026793601397,0.5052054361933257,0.03655429587066046
0.4674123852480236,0.4965854703571781,0.03600214439479863
0.4588226554947851,0.49945008171108873,0.04172726279412635
0.4585534453667162,0.5055766025080776,0.03586995212520614
0.4579226993663365,0.5026626406246155,0.03941466000904779
0.45833430361791033,0.5022173090102159,0.03944838737187384
0.4626594093737914,0.49769049756060707,0.03965009306560168
0.4555171137928773,0.5030867571736799,0.04139612903344282
0.45706901759039215,0.5018548409917053,0.041076141417902494
0.45703734008782493,0.5018603454441278,0.04110231446804748
0.4559918962684708,0.48616255083905835,0.05784555289247106
0.4568290000467388,0.4975279712692892,0.045643028683972006
0.4564532715958843,0.5018524157006974,0.041694312703418536
0.46086068622791676,0.5099313719438304,0.02920794182825277
0.4599284383300656,0.5015015206450839,0.03857004102485082
0.457846613728018,0.5036501144958824,0.03850327177609951
0.46366665038450017,0.5000108309564685,0.036322518659031265
0.45809694714493354,0.5032929157218692,0.03861013713319736
0.45728613595018036,0.5010893068875114,0.04162455716230805
0.455187436569651,0.503876662862668,0.04093590056768098
0.45564267060094704,0.5035076507697535,0.04084967862929943
0.4574795918928336,0.5019255362042726,0.040594871902893966
0.45538203170728137,0.5039861947792277,0.04063177351349078
0.46190800845099794,0.5033068496321427,0.03478514191685943
0.4563336833100221,0.5024356330698226,0.04123068362015512
0.45367337580505246,0.5009365508993394,0.04539007329560798
0.4502325454639062,0.4955935840592907,0.054173870476803006
0.4557118179882992,0.5038744143846827,0.040413767627018156
0.45829937223436695,0.5036089615923687,0.03809166617326433
0.4600409035672939,0.5102631394031006,0.02969595702960549
0.4599340783601044,0.49943559686086214,0.04063032477903364
0.4616876383709444,0.5074621054938165,0.03085025613523908
0.45864583099270395,0.5021241368448619,0.03923003216243411
0.45987053398948213,0.5048890752894504,0.035240390721067494
0.45903798986519695,0.499395056371318,0.04156695376348502
0.45568272097073553,0.5031615258955142,0.04115575313375026
0.4567485124146408,0.5021429026303099,0.04110858495504904
0.46093393777429986,0.5011645168879509,0.037901545337749504
0.45737479617217414,0.5049210517076639,0.037704152120161746
0.4608886255136279,0.5103668633533796,0.028744511132992694
0.4630825602834776,0.49844534825145975,0.03847209146506274
0.45487356282924485,0.5036644598852295,0.04146197728552601
0.4565336328003942,0.5022161401523109,0.04125022704729482
0.45800588039677037,0.49629492346970505,0.045699196133524723
0.4537295925346828,0.5027452530591444,0.04352515440617274
0.3233056889092022,0.5269316289154216,0.14976268217537608
0.45727595774159774,0.5060470800635741,0.03667696219482826
0.4560346149221283,0.5048292208631608,0.039136164214710896
0.45785255613979453,0.5025185782149384,0.03962886564526695
0.45790645333594393,0.48757903565153027,0.054514511012525954
0.4653685745030689,0.49514478993356104,0.03948663556337003
0.4584599412257682,0.5037287795804894,0.03781127919374233
0.4597953677499789,0.5090541072945197,0.031150524955501482
0.4599545871720549,0.5019500212292205,0.03809539159872435
0.4585026556706999,0.5067019044964405,0.03479543983285959
0.4614547955350813,0.5127355135657169,0.025809690899201845
0.47364108538544647,0.5075593204088213,0.01879959420573192
0.4662121120625923,0.4974735303924901,0.03631435754491783
0.4693999730977414,0.5024511184011988,0.028148908501059913
0.46470139912045616,0.50865387833238,0.02664472254716411
0.4663145018762047,0.501018919716005,0.03266657840779023
0.4584048173405678,0.5068702363590736,0.03472494630035845
0.45954284692955927,0.4926667320748878,0.0477904209955527
0.4583363318364711,0.5051646053532638,0.03649906281026514
0.45849635975584335,0.5074337838407849,0.03406985640337172
0.46210089064923393,0.5084388112357214,0.029460298115044466
0.45501964436071357,0.503012306236609,0.04196804940267731
0.4482613347664181,0.4951253877261324,0.056613277507449475
0.45882573280051087,0.5105422582811637,0.030632008918325657
0.45023456171726595,0.48282586021573115,0.06693957806700315
0.4601807106245316,0.5049906587766106,0.034828630598857685
0.456833078123635,0.5030227935052901,0.04014412837107495
0.4547524363934786,0.503659782840196,0.041587780766325445
0.45938387706655465,0.49934262402306806,0.04127349891037739
0.4616461899604587,0.4913355691836109,0.04701824085593039
0.4655780450800069,0.5172324146670941,0.017189540252898785
0.45556616992076526,0.5040324419467089,0.04040138813252587
0.4692574895603178,0.5092497288187015,0.021492781620980724
0.4616207906072895,0.5016535421990262,0.036725667193684246
0.4662554839632183,0.5066966855753208,0.02704783046146086
0.45486910944480147,0.5035501483639264,0.04158074219127222
0.4571480438215255,0.5017985691996238,0.04105338697885083
0.45797160965055045,0.5028480937640714,0.03918029658537822
0.4562413714407777,0.5035687572526086,0.040189871306613785
0.4621975760750143,0.49804828945964813,0.03975413446533743
0.4600083566058906,0.5043234006184415,0.03566824277566782
0.4373963355210489,0.4774889743159706,0.0851146901629807
0.4602028303848918,0.5099463994275745,0.02985077018753375
0.4557791321671438,0.5027251398453968,0.041495727987459465
0.4585238473779677,0.5063834648208119,0.035092687801220615
0.4571447866970643,0.5057173791457539,0.037137834157181755
0.45782915017523484,0.5071344361814667,0.03503641364329853
0.4579615383345817,0.5080928541285143,0.03394560753690411
0.45757115991107994,0.5028604847893077,0.03956835529961233
0.45679491201912725,0.5038672667039681,0.03933782127690473
0.4564692847661239,0.5030182228782376,0.0405124923556385
0.45577453421077896,0.5032326937467984,0.04099277204242248
0.45670016821806125,0.506001916397926,0.03729791538401271
0.4578941497324538,0.5059500338029497,0.03615581646459642
0.46049420114298634,0.5093813632823871,0.030124435574626452
0.46046044378044076,0.5021221327320963,0.037417423487463033
0.46234463055462943,0.5074998498397917,0.03015551960557896
0.4566694522869219,0.502306049712704,0.04102449800037409
0.458958639909009,0.5006957770745489,0.040345583016441686
0.45989956110017305,0.5026521160688713,0.03744832283095572
0.4640813180755145,0.4925280812513809,0.043390600673104525
0.46048189786401644,0.5007515142452275,0.03876658789075611
0.45728104950216175,0.5019904061959566,0.0407285443018818
0.4563880086944095,0.5040509924809639,0.03956099882462655
0.45873593899470555,0.5028700786321194,0.0383939823731752
0.4575258252261115,0.5027057705433247,0.039768404230563936
0.45553707703871793,0.5045252933954679,0.03993762956581412
0.45520795132200176,0.5027532917510428,0.042038756926955655
0.4535691973358657,0.4982967874816158,0.04813401518251826
0.4596054672588058,0.5010545676151412,0.039339965126053124
0.45800107537882234,0.5008513045633609,0.04114762005781685
0.4610014321155558,0.5075058694909185,0.03149269839352596
0.4555284853655257,0.5029337374500324,0.041537777184441946
0.45644662055955454,0.5032444235370281,0.040308955903417286
0.45987756030434385,0.5071012978816676,0.03302114181398858
0.45572822585248424,0.5036798718329112,0.040591902314604335
0.45799806010397776,0.5041803670831679,0.037821572812854067
0.4656524298310927,0.5174377124170586,0.016909857751848716
0.46222684858854995,0.5091713053813001,0.02860184603014997
0.45575541850780676,0.5046235501920423,0.039621031300150995
0.456715217401956,0.5026577271111308,0.040627055486913345
0.46228164385113435,0.4993398972803438,0.038378458868521634
0.45675442462426774,0.5052145123996725,0.03803106297605978
0.4587422478406961,0.5009237930108535,0.04033395914845013
0.45933106710493804,0.5096704270427216,0.030998505852340368
0.4606249155971207,0.49794392326308723,0.04143116113979189
0.4553402889703088,0.5042792169188306,0.04038049411086052
0.45717609688263783,0.50442973812419,0.03839416499317204
0.46134799729116205,0.5071426630550803,0.031509339653757726
0.45745516774923134,0.5041470410193253,0.03839779123144346
0.47107966574559773,0.5033088407937877,0.02561149346061463
0.4549024557157524,0.5044741887883731,0.040623355495874744
0.45475136371917624,0.5037602475218135,0.04148838875901033
0.46757682745665785,0.4967516040858843,0.035671568457457906
0.4654991329635118,0.5162164000802109,0.01828446695627748
0.45966414513400333,0.4961889738225849,0.044146881043411704
0.46813631107160275,0.5103331085071408,0.021530580421256534
0.4567782192590031,0.5046859482436212,0.03853583249737563
0.0715911119971881,0.24748065543818218,0.6809282325646296
0.4557897307746288,0.5039588294764871,0.04025143974888421
0.4547598855809648,0.5051031628336549,0.04013695158538039
0.4560188522952594,0.5048037156411376,0.03917743206360304
0.46938682213747107,0.5094670852880365,0.021146092574492417
0.46082965993873914,0.49583289606361025,0.04333744399765063
0.46025275081307954,0.5101736322553078,0.029573616931612843
0.46047058290044174,0.5087140135619574,0.03081540353760086
0.45879795502953835,0.5017899798835286,0.03941206508693305
0.45867409917204477,0.5044849411226672,0.036840959705288
0.45642030829461766,0.5017939750976786,0.041785716607703645
0.4570087704290422,0.5069183039316246,0.03607292563933326
0.45583646839358144,0.5029457043194396,0.04121782728697884
0.45744537209752417,0.5014485803076251,0.041106047594850745
0.45120059684680525,0.48654935077266165,0.06225005238053329
0.46682245794567206,0.5043520175826506,0.02882552447167712
0.4558288733446772,0.5050521084416485,0.03911901821367414
0.45848792976599106,0.5036571649139924,0.03785490532001652
0.45570867040531976,0.5035430595086995,0.04074827008598086
0.46180449692729586,0.5019024893489649,0.03629301372373921
0.46033121946294847,0.5099473957996196,0.029721384737431866
0.4601516781479343,0.5056837275608665,0.03416459429119906
0.45958612686501815,0.5087390731694057,0.03167479996557616
0.4564458165618602,0.504863067686102,0.03869111575203783
0.4568163596592808,0.49943107786869423,0.04375256247202482
0.46005999027481426,0.502906328481653,0.037033681243532894
0.45826052241289134,0.503907398594552,0.03783207899255656
0.4570439292518112,0.5033572673245548,0.0395988034236339
0.4578846062327476,0.5049871122255742,0.03712828154167814
0.459287745312838,0.5006335440169902,0.04007871067017179
0.4581557483727822,0.5078274050071139,0.03401684662010399
0.4636898296631547,0.5081452902789063,0.02816488005793891
0.4562048363600545,0.5038532777223876,0.039941885917557755
0.4583750880959544,0.5087449539050727,0.032879957998972635
0.45589000508606586,0.5045352666413924,0.039574728272541757
0.4545797837716497,0.5031785413198927,0.04224167490845773
0.461785871475803,0.5060228884096645,0.032191240114532345
0.4602173932423561,0.5080602002226005,0.031722406535043324
0.46084753938333284,0.49632247562656656,0.04282998499010062
0.4559090949206861,0.5055416313840893,0.03854927369522473
0.45522755175864643,0.5036849558041384,0.041087492437215004
0.45623848730414707,0.5042582604829448,0.039503252212907965
0.45630402189717933,0.5017859118917471,0.04191006621107353
0.4686814773327568,0.5004545466440007,0.0308639760232426
0.4561571674211542,0.5034383457788385,0.04040448680000747
0.45529630420803663,0.5040782423036941,0.040625453488269056
0.4590919495819173,0.5035717614304279,0.03733628898765473
0.4572862376425008,0.5033734367401641,0.039340325617335095
0.45782188771971594,0.5046633280522937,0.03751478422799012
0.4708346630051895,0.5196548473060151,0.009510489688795448
0.460153859798759,0.5082676345726661,0.03157850562857516
0.4417459786996636,0.4961001033371386,0.062153917963197663
0.45856396929249255,0.5049902055185871,0.03644582518892047
0.4564158916207701,0.501877151044697,0.041706957334532925
0.4556157850504129,0.5044231968376712,0.03996101811191594
0.4648347836861244,0.5049689022934366,0.030196314020439038
0.4549830867658071,0.5033047328794042,0.04171218035478876
0.45381678320530705,0.5026159047919626,0.04356731200273044
0.45743543176900703,0.5035549657619496,0.03900960246904344
0.458035691994137,0.5027902577802402,0.03917405022562257
0.4547417371321173,0.5039449214568356,0.04131334141104695
0.4560617216709075,0.5030805817644554,0.040857696564636926
0.4552506939897328,0.5032850613963362,0.041464244613931014
0.4541666976035889,0.5031199101497184,0.04271339224669261
0.456218137735792,0.5055650873285338,0.0382167749356744
0.4565248306156103,0.5037583310789687,0.039716838305420867
0.45913481178082627,0.5027546191059628,0.03811056911321105
0.4621751111106721,0.5086688665751476,0.029156022314180356
0.45312689225234715,0.49366816166631977,0.053204946081333054
0.4551108866431173,0.5037496380298494,0.0411394753270333
0.4693657095884929,0.504739520653201,0.025894769758306298
0.4556349393207329,0.5037716859586153,0.040593374720651734
0.45758032798879744,0.5030302396965481,0.0393894323146545
0.45788913293426486,0.5066359373890343,0.03547492967670063
0.45537298294278505,0.5043134170762318,0.040313599980982995
0.4507431330367217,0.4956853855925986,0.05357148137067958
0.4597108610606914,0.5022756906328705,0.038013448306438255
0.45708579015866646,0.5041778413119862,0.03873636852934711
0.4568448424825551,0.5025395720559858,0.0406155854614593
0.4587837054423015,0.5051501827417613,0.03606611181593724
0.4573087681714699,0.5025391580571478,0.04015207377138234
0.46762666730343255,0.5090408535790203,0.02333247911754721
0.46503238073669756,0.5072850227853053,0.027682596477997267
0.46823809274715106,0.49654314356640245,0.03521876368644647
0.45634893995034065,0.5012295239565993,0.04242153609306012
0.4568848667656841,0.502372732665217,0.04074240056909909
0.4552791600892269,0.5035895083098819,0.0411313316008912
0.45521417618851717,0.50337068446201,0.04141513934947248
0.4622872255614347,0.5098609291304236,0.02785184530814175
0.45546279892464864,0.5041533149202319,0.04038388615511914
0.4599207072852721,0.501257567538954,0.03882172517577392
0.4551362892839258,0.5038212765827799,0.04104243413329435
0.46166779493977805,0.5047237896612887,0.033608415398933375
0.45631788457632994,0.5023496674663238,0.041332447957346
0.45720716429499114,0.5016674107689272,0.041125424936081824
0.4580884520862401,0.5015104987256875,0.0404010491880724
0.45467439637117857,0.50355289814025,0.041772705488571406
0.4602052127218282,0.5106648223577962,0.02912996492037558
0.4594754204257955,0.5075638461845093,0.032960733389695136
0.4592780919479131,0.5056909575443007,0.03503095050778615
0.4685212999717168,0.5047261233334956,0.026752576694787727
0.45618533750914836,0.5051546507159096,0.03866001177494225
0.4567438679068793,0.5070168042720058,0.0362393278211148
0.45669130979178707,0.5031574122643276,0.04015127794388534
0.4633969036677629,0.5136846227768217,0.022918473555415448
0.45918349331900743,0.5064783663548617,0.03433814032613087
0.4554056001018638,0.5043411502792913,0.040253249618844876
0.45587314890630876,0.5029821507028256,0.04114470039086581
0.451011171089655,0.5035952314143665,0.04539359749597845
0.4580400764991024,0.502881739131144,0.03907818436975385
0.46162792566575844,0.5131015858619049,0.02527048847233665
0.28890303523996763,0.5628715038425421,0.14822546091749011
0.45767128217973657,0.5041746693667519,0.0381540484535117
0.4574856015564912,0.5031722806107658,0.03934211783274301
0.4426131147136783,0.46631573118465,0.09107115410167164
0.46421206659722497,0.5092153365458278,0.02657259685694715
0.456737756750015,0.5051923283418848,0.03806991490810021
0.45561437548395217,0.5037553667837852,0.040630257732262434
0.45507514111671876,0.5030368034779534,0.04188805540532789
0.463507817651385,0.5087505812460917,0.02774160110252323
0.45856249965369833,0.5060693645044557,0.03536813584184579
0.45794770403561913,0.5046829667840592,0.037369329180321625
0.46156535737058296,0.5117193827887352,0.026715259840681724
0.4578041780043639,0.5051957092974314,0.03700011269820462
0.45697131800532137,0.5030375091484008,0.039991172846277685
0.4580457036145751,0.5036967074179332,0.03825758896749171
0.4560337275770745,0.5061119242915724,0.03785434813135303
0.4611960870951014,0.5082945341599264,0.030509378744972
0.45726240554213515,0.5058515622438992,0.03688603221396537
0.45663686462635283,0.5055156270109616,0.03784750836268538
0.4571693862603342,0.5006881096861492,0.0421425040535167
0.46612133174721804,0.4948546344948467,0.03902403375793504
0.45768261899212626,0.505701530934548,0.03661585007332591
0.3879078826347477,0.40121129676828127,0.21088082059697072
0.4567077353268432,0.5026417157558491,0.04065054891730771
0.4550319195618654,0.5037024938831965,0.04126558655493812
0.45554475655693644,0.5037834923363909,0.040671751106672635
0.4637060070523121,0.49871320736392316,0.03758078558376465
0.4650183033060833,0.5021092031648103,0.032872493529106414
0.45772457734925454,0.5045415084279424,0.03773391422280266
0.45678559897914484,0.5020232336996615,0.04119116732119365
0.4617661222468663,0.5031268784224082,0.03510699933072572
0.4572490564993662,0.5027506690198352,0.04000027448079862
0.4595365051968793,0.5042769350307034,0.03618655977241727
0.46037073934919265,0.5047889172215915,0.034840343429215874
0.4676313357631482,0.4981737593007443,0.03419490493610744
0.4611187731746425,0.5119110421977656,0.026970184627591817
0.4602424496504265,0.5033343937652216,0.03642315658435172
0.45509162301459155,0.5031245949817833,0.041783782003625106
0.45897194194013885,0.500084126114213,0.04094393194564826
0.45588625044951625,0.5044567371750895,0.039657012375394055
0.47488110833961694,0.5154604314931169,0.009658460167266287
0.45558312674567447,0.5028487751261732,0.04156809812815218
0.4540138922527586,0.49828393148837635,0.04770217625886513
0.45554244709672864,0.5040557048242262,0.040401848079045254
0.4551261029103828,0.5034478562121949,0.04142604087742213
0.4563297365254629,0.505523790488046,0.03814647298649116
0.4608608693683724,0.5007308191679944,0.03840831146363306
0.46062553847594967,0.508586483651577,0.03078797787247322
0.45653655838363794,0.5055383924419694,0.03792504917439274
0.45656941598369954,0.5043766073224224,0.039053976693877925
0.45654906812166957,0.5013482291898678,0.04210270268846271
0.46623408034478053,0.5189494142282508,0.014816505426968475
0.4603196842217535,0.5068925349753642,0.03278778080288242
0.4632176274893914,0.49796074221025377,0.038821630300354765
0.46239939716321915,0.5062623160502934,0.03133828678648726
0.4559439248767035,0.5039177263710021,0.04013834875229448
0.4680035169836857,0.4993616918036415,0.03263479121267297
0.4559501722198922,0.504229888323129,0.039819939456978835
0.45694639049913,0.50333460795717,0.03971900154370005
0.4560291908789483,0.5037591043344074,0.040211704786643994
0.4595490147437711,0.5038870889737818,0.036563896282447245
0.4617175365690835,0.5027802955584201,0.03550216787249628
0.45730050802047056,0.5033860949158891,0.03931339706364041
0.46162887320642026,0.5126505775114477,0.0257205492821321
0.455965216256883,0.5027957073114466,0.041239076431670636
0.45836654696874257,0.5007027627673555,0.04093069026390184
0.4585738799068505,0.5039941470299029,0.03743197306324688
0.45598959466699884,0.5044806728963807,0.03952973243662043
0.467968586628913,0.5063973311516092,0.025634082219477883
0.45595758600275293,0.5030679904283939,0.04097442356885303
0.45478524730937564,0.5036753430335454,0.04153940965707886
0.4631247172598092,0.5095445711865944,0.027330711553596565
0.4561757849764257,0.5044223456297,0.039401869393874384
0.45803076978370216,0.5050764325625432,0.03689279765375462
0.4635761907191499,0.5111584485040449,0.02526536077680525
0.4562480184065409,0.5016797188578331,0.04207226273562594
0.45646003703922566,0.501942072255645,0.04159789070512909
0.4566376854274919,0.5012734254890076,0.04208888908350033
0.4564679541316454,0.5054202635732341,0.03811178229512045
0.45557884500774565,0.5025006941969762,0.041920460795278246
0.4568819061333265,0.5018392583101751,0.0412788355564983
0.46707501862253265,0.49965498487457394,0.0332699965028937
0.46089966529006127,0.5020830054946509,0.037017329215287643
0.4557713132344565,0.5027262436145393,0.041502443151004195
0.4727369524039495,0.5015977361357702,0.025665311460280425
0.46797070194206936,0.5109336052885339,0.021095692769396834
0.45610039022760246,0.5048831639809982,0.03901644579139917
0.45955263423973014,0.5037262899982361,0.036721075762033845
0.4669124061411394,0.5192847572741529,0.013802836584707802
0.456103950481395,0.5047545126515312,0.039141536867073855
0.460374722877203,0.5100860427002658,0.029539234422531466
0.45614815206122883,0.5047617352917683,0.03909011264700279
0.4630797466705625,0.5102899309289334,0.02663032240050423
0.4551540441016864,0.5042145088573986,0.04063144704091514
0.4522860232321362,0.5015162572838666,0.046197719483997264
0.45587692624535003,0.5044738654288777,0.0396492083257724
0.45634093815786825,0.5032408420056613,0.04041821983647029
0.4535205989657183,0.48792218214248717,0.0585572188917946
0.4658371910046852,0.5041333078884437,0.030029501106871
0.45584145999303755,0.5028799276316996,0.041278612375262785
0.46798520843803126,0.5103558528668148,0.021658938695153743
0.4561213405653911,0.5049121394927492,0.0389665199418598
0.456962811878851,0.5035901513668157,0.039447036754333156
0.457457215368579,0.5017925144994505,0.040750270131970585
0.45599858198679394,0.5028884842904849,0.04111293372272104
0.4573225064946104,0.5047642154743819,0.03791327803100783
0.4613143337858512,0.5002054985250451,0.038480167689103555
0.45716053271015905,0.501307957461404,0.0415315098284371
0.45691583238762007,0.5048111902533609,0.03827297735901913
0.45594736620545473,0.5042245580521553,0.039828075742389765
0.4662738412173276,0.5034381128550719,0.03028804592760062
0.4591222551674613,0.4993115443836818,0.041566200448857074
0.45905410575702504,0.5044721525419669,0.036473741701007846
0.4643714749071802,0.5124675827399886,0.02316094235283141
0.46062021563709166,0.5088477896719725,0.030531994690935916
0.4681191778194782,0.5097774491853454,0.022103372995176267
0.4646955161211442,0.5100025044885643,0.025301979390291232
0.4560093793073583,0.5033108463589787,0.0406797743336629
0.47053916866851947,0.5064929780272793,0.022967853304200724
0.4559940417554868,0.5051480089225513,0.03885794932196194
0.4559345641329429,0.5046726316052332,0.039392804261823726
0.4550084217625177,0.5031537972561133,0.04183778098136934
0.456072657594668,0.503070734509185,0.04085660789614692
0.4691346612939334,0.5002633883388665,0.03060195036720018
0.4551525140640527,0.5041458892713051,0.040701596664642264
0.4692884702586978,0.522738330178726,0.00797319956257614
0.4558860456599493,0.5032759083864516,0.04083804595359881
0.4558513400699008,0.504211245298684,0.03993741463141518
0.46015418090283916,0.5045040721020191,0.0353417469951417
0.46255431870659663,0.5088099141606025,0.028635767132800843
0.45902897280182225,0.5018663596172699,0.03910466758090792
0.45671264811347767,0.5042356830790661,0.039051668807456294
0.46105906753812764,0.5119187331335374,0.027022199328335075
0.46684473237850205,0.49511709739494414,0.038038170226553925
0.45424968275923294,0.5031802493843578,0.042570067856409426
0.4319295899129452,0.48894475629203243,0.07912565379502239
0.4621001365685893,0.5124961123357038,0.025403751095706657
0.453330014322688,0.4983480865130993,0.048321899164212714
0.457857040343184,0.5031863105337633,0.03895664912305281
0.4599258972636344,0.5061383138715212,0.03393578886484449
0.4559843710533676,0.5049208253617187,0.0390948035849137
0.4607641082599941,0.5073966813888713,0.03183921035113466
0.4571550841809501,0.5064741643502119,0.03637075146883829
0.45492236674402425,0.5029514792645791,0.04212615399139687
0.46183630494324013,0.5118150437387375,0.026348651318022165
0.4575299230471391,0.5035733593439312,0.03889671760892956
0.4562371722702017,0.5034250278145259,0.04033779991527247
0.4579981699352028,0.5022392626882807,0.039762567376516296
0.4587836885350274,0.5033102289761381,0.03790608248883473
0.45724807469914314,0.5015418310983434,0.04121009420251349
0.45918620836664414,0.5058560506545638,0.03495774097879206
0.4587304039156175,0.5028306447072246,0.03843895137715772
0.4563906389594049,0.5031981830622209,0.04041117797837452
0.45750256891219837,0.5033617573666489,0.0391356737211529
0.45371305678827983,0.4903423516335774,0.055944591578142716
0.45613247241579347,0.5036085014341015,0.04025902615010479
0.4557447336818255,0.5031575685892783,0.04109769772889621
0.45530206550656416,0.5039736533832854,0.040724281110150584
0.4663901194193945,0.5167762060119582,0.016833674568647268
0.45841954232194276,0.5045011170801404,0.03707934059791671
0.4594336881585049,0.5090656822757271,0.03150062956576812
0.45615297967940716,0.5045231880115272,0.039323832309065714
0.355261214038088,0.4851434427825417,0.15959534317937007
0.45492645096115253,0.5044154939095059,0.040658055129341696
0.4567944330320762,0.5063140491944262,0.03689151777349755
0.45477984869719634,0.5019384814065289,0.043281669896274876
0.46508726333015105,0.49789004061507935,0.03702269605476953
0.4573096992428918,0.5030914934984895,0.03959880725861875
0.45566025137206057,0.5039333759763903,0.04040637265154891
0.4567036267531179,0.5032085379992685,0.04008783524761397
0.4527213351328613,0.5013933711526749,0.045885293714463884
0.4648226390103112,0.5157017762723518,0.01947558471733706
0.45622908229147574,0.5017668481189199,0.04200406958960426
0.4547116807314468,0.5036693341407998,0.04161898512775344
0.4558229804472886,0.5024678778720617,0.04170914168064973
0.4606718287744609,0.5095143805983705,0.02981379062716868
0.4556585523995973,0.4954313463711341,0.04891010122926862
0.45685102163417696,0.501605275647731,0.04154370271809188
0.4579122086781253,0.5079368152962863,0.03415097602558841
0.4602494621949322,0.5049991088316615,0.03475142897340617
0.45653681873122154,0.5033452631021373,0.04011791816664119
0.45680731408958075,0.5062527104466897,0.03693997546372947
0.46000195140007877,0.508083813162136,0.031914235437785196
0.4589400091222695,0.5056849613608444,0.035375029516886154
0.45921595477334415,0.5029952181825621,0.037788827044093795
0.45518688310957023,0.5023120511241944,0.0425010657662352
0.4619232840476782,0.5057800683020769,0.03229664765024526
0.4630615105574016,0.5096867918390207,0.02725169760357791
0.4562890756681025,0.5025364463031912,0.04117447802870652
0.4125243820189291,0.4415380529619388,0.14593756501913224
0.4560336695879291,0.504169665377591,0.039796665034480046
0.451647000235945,0.5010714093147295,0.04728159044932543
0.4639915935998285,0.5140676936370883,0.021940712763083212
0.46078182060743084,0.5041153808832265,0.035102798509342725
0.4568778229806397,0.5042217725957866,0.038900404423573516
0.4558702687895948,0.503301250407508,0.04082848080289744
0.45824682309475634,0.5005208709940034,0.04123230591124048
0.46071092534633395,0.5095080392711339,0.029781035382532194
0.45650624473943324,0.5053357855800478,0.03815796968051912
0.45555858246997216,0.5032812724594895,0.04116014507053819
0.46475479889483834,0.5145892242523403,0.020655976852821212
0.45626219583309024,0.5030792611426553,0.040658543024254416
0.45806961985778555,0.5071267084178345,0.03480367172438002
0.4574438988576749,0.5028900518963603,0.039666049245964834
0.4677564497170097,0.508951564051859,0.02329198623113128
0.46770635396232074,0.5056116820891061,0.02668196394857307
0.4556508068557871,0.5036616207244349,0.04068757241977798
0.4614937797461158,0.5023502346745713,0.036155985579312745
0.45268342223846614,0.5037094438416504,0.043607133919883724
0.46895997535920775,0.49702361103495524,0.03401641360583715
0.45709943560158994,0.5016326639988179,0.04126790039959198
0.4561929301907624,0.5016420376828937,0.04216503212634399
0.461964505004243,0.5076002775150559,0.03043521748070099
0.4619656331690639,0.5019921036963504,0.036042263134585716
0.4581224949225807,0.5008723175802975,0.041005187497121794
0.45919646403123787,0.5018008824824177,0.039002653486344546
0.4583056544005778,0.5002417068998645,0.041452638699557724
0.4576951217155606,0.5076106136578387,0.034694264626600496
0.46184497040886474,0.5082006410871611,0.029954388503974298
0.461957386966675,0.5080719384891346,0.02997067454419046
0.45996602990600965,0.5017183483714736,0.03831562172251699
0.431871585017839,0.49265684149313643,0.07547157348902463
0.46505083548259174,0.5013893598346938,0.033559804682714495
0.4684444677175443,0.5039314084464813,0.027624123835974162
0.46043866060651223,0.49653035383616345,0.043030985557324195
0.4591440981987153,0.5089281727680393,0.031927729033245186
0.45901984014945235,0.5019908759030698,0.03898928394747812
0.4597686988626481,0.5044931803326794,0.03573812080467245
0.4624813727119143,0.5130861971318315,0.02443243015625399
0.4579481472096657,0.5082733247289597,0.033778528061374706
0.46319519439396273,0.5104495124747345,0.0263552931313028
0.45772348085793907,0.5054333834455899,0.036843135696470984
0.45804410498780046,0.5017279801481463,0.040227914864053194
0.45531443913976866,0.5040093357175672,0.04067622514266391
0.45616638011889676,0.5058844890666194,0.037949130814483756
0.4606704568610213,0.5005662696136218,0.03876327352535678
0.42742566691427214,0.447626883718906,0.12494744936682155
0.45397723244312066,0.5032349693473799,0.042787798209499406
0.4556437627948323,0.49286850821981265,0.05148772898535495
0.4586835292945242,0.508408953168126,0.03290751753734975
0.45636541008691434,0.5045951961986234,0.0390393937144623
0.45543840361546545,0.5042853151922863,0.04027628119224837
0.4619788745251689,0.5015259718857804,0.036495153589050575
0.45609123510669836,0.5048420181367043,0.03906674675659742
0.45643546496021487,0.5029657882119004,0.040598746827884474
0.3934727360333497,0.497431419889103,0.10909584407754734
0.4557594895319074,0.5027613566988619,0.0414791537692305
0.45729447219796326,0.5063378495583118,0.0363676782437248
0.45837314711382215,0.5038287542195108,0.03779809866666689
0.4592789786282376,0.5003061628787048,0.040414858493057586
0.4646652002589744,0.5099754551391856,0.025359344601840212
0.45746199332469056,0.5026304693158242,0.0399075373594853
0.44843433946908795,0.49805730510707386,0.05350835542383818
0.4555225465492459,0.5032985049402455,0.04117894851050853
0.4651804993266684,0.514983177590857,0.01983632308247475
0.4599264074674807,0.5090367222886116,0.031036870243907652
0.46124527731789916,0.5040070531108531,0.034747669571247655
0.45909558859701355,0.5086332558176763,0.03227115558531019
0.45637420763786396,0.5032322047810321,0.040393587581104035
0.4572579962511538,0.5032366089419206,0.03950539480692551
0.4564036510604731,0.5043279704703687,0.039268378469158136
0.45627412215427937,0.5027289544562119,0.04099692338950877
0.4612628678407657,0.5042887755495875,0.03444835660964678
0.45373447143202206,0.5014442623586282,0.04482126620935003
0.4590884307999544,0.5055763463077494,0.035335222892296105
0.4592585525153877,0.5026809507284168,0.038060496756195605
0.45620539941233157,0.503576856383176,0.040217744204492326
0.4527375706486662,0.5045800644624652,0.04268236488886882
0.4637601856907683,0.5083522013278967,0.027887612981334894
0.4565257950444128,0.5013002476310748,0.04217395732451217
0.4679684537812823,0.5049659996819384,0.027065546536779235
0.4575675055144893,0.5061462482483654,0.03628624623714522
0.45488731638121,0.5034234354930066,0.04168924812578316
0.4574098899137189,0.5059920610857085,0.03659804900057269
0.45465327788960624,0.503302935887925,0.042043786222468946
0.4562675044731992,0.5021112283429765,0.04162126718382431
0.46373397541417416,0.5158461548631814,0.020419869722644295
0.4580602178563915,0.5079952381012436,0.03394454404236492
0.4556093467554267,0.5038649717121564,0.04052568153241647
0.4622721820408883,0.512752316941106,0.024975501018005546
0.45571075797670674,0.5024294521512127,0.04185978987208041
0.45613793406609554,0.5052346582999163,0.03862740763398813
0.4601225431442715,0.5021443649485928,0.03773309190713576
0.466227189285444,0.51853680744785,0.015236003266705869
0.45830354577474774,0.507574669845431,0.03412178437982119
0.4579684699302918,0.5060597373327138,0.03597179273699444
0.4581138621343944,0.505897265932437,0.03598887193316843
0.4352628421035545,0.4923596886954068,0.07237746920103881
0.45515112402145885,0.5039214954437878,0.040927380534753234
0.46331992712053877,0.48666116483669586,0.05001890804276532
0.4586838131812782,0.49859535049198445,0.042720836326737045
0.4643771692975904,0.5161837605805619,0.01943907012184752
0.45465979439480214,0.5033143178091899,0.042025887796007945
0.45613792061575625,0.5024382392780373,0.041423840106206346
0.45837794222668926,0.5078637112634914,0.03375834650981927
0.45580847353699944,0.5042163819051114,0.03997514455788892
0.46229800043959246,0.5113733951146867,0.026328604445720646
0.4608016828154886,0.5059091296570608,0.033289187527450866
