0,1,2
0.44693736026504666,0.5427251870806846,0.010337452654270994
0.4914750117901806,0.4712275026827239,0.03729748552709728
0.5069541805020255,0.4704604753049895,0.022585344192988507
0.4847852788617107,0.5058494356027338,0.009365285535558876
0.5318700949815262,0.4473368471337299,0.02079305788474434
0.4843491372644616,0.49653831791426173,0.019112544821274786
0.5571987727098494,0.40610250031036926,0.03669872697977901
0.5326346622761345,0.4140509230659409,0.05331441465792165
0.10283477543722047,0.104897017747832,0.7922682068149445
0.5076382998144766,0.42314594074375167,0.06921575944176936
0.32707737621440586,0.3430278416440359,0.3298947821415561
0.5023413512268675,0.49203118361681925,0.005627465156310953
0.49159370387160284,0.48785978842715133,0.020546507701245633
0.5118111243908586,0.4776914675766355,0.01049740803250577
0.4727326298387569,0.5030846269603069,0.024182743200936902
0.28900984784522354,0.6512129737698331,0.059777178384944424
0.4763635782783763,0.5119272167984806,0.011709204923140057
0.5626339933502195,0.42264416878717553,0.014721837862605645
0.4714477870166438,0.5180763946927158,0.010475818290639115
0.503203251092871,0.47711161711524464,0.01968513179188362
0.2676711430292597,0.22854679402757397,0.5037820629431671
0.48964798125818726,0.493405468750233,0.016946549991582467
0.5173742853245169,0.44731010609702326,0.03531560857846297
0.48201990468596734,0.5047740592864359,0.013206036027595252
0.4856020634824012,0.49311891331815594,0.02127902319944487
0.5467554488487851,0.4232572952071053,0.029987255944106367
0.41179377079885915,0.4646389085593597,0.123567320641783
0.5828941254796107,0.40736065474330324,0.009745219777085654
0.33278118874228474,0.630545844176103,0.03667296708161212
0.5423041803970842,0.44047061452897424,0.017225205073940906
0.5153192151654081,0.4752825663486042,0.009398218485989585
0.41694744265241074,0.5708001875597072,0.012252369787883141
0.5014085042358055,0.4862865406246145,0.012304955139580416
0.5145657772725438,0.4780519571180495,0.007382265609408971
0.38758111385697547,0.5788054161331144,0.033613470009912834
0.4917802129535003,0.49861449027551913,0.009605296770982819
0.4625703876441843,0.49371734148002105,0.04371227087579623
0.468438824821142,0.5253352673289832,0.006225907849874097
0.47133437421518226,0.5124564042760202,0.01620922150879802
0.5215849384151853,0.4717523377228482,0.0066627238619672595
0.4804638061163613,0.5076534582208744,0.01188273566276281
0.452583472819821,0.5214106219124901,0.026005905267692152
0.4290661487810514,0.5639463574356541,0.00698749378329163
0.48011370602268455,0.4816137839245673,0.03827251005274522
0.5040759237958161,0.45950904174143015,0.036415034462754056
0.5224760428551172,0.4682734310019427,0.009250526142941555
0.42734289607903325,0.5550821962762497,0.01757490764471703
0.5231215580002234,0.4499359946998523,0.02694244729992775
0.4881452851931037,0.47591865877660156,0.035936056030295156
0.5004015654913391,0.49490156195089313,0.004696872557770993
0.47204406299266743,0.5114891864261993,0.016466750581131576
0.5097854742661985,0.4622632299758563,0.027951295757946287
0.5321384434956437,0.46433280012515843,0.003528756379199402
0.5028454753237918,0.4893823518218228,0.007772172854387618
0.547619115826855,0.43166511642642913,0.02071576774671508
0.5007037328735209,0.4916680609667996,0.007628206159677818
0.41336142258271696,0.5795280167002292,0.007110560717051065
0.1412940656260083,0.14312260384539727,0.7155833305285965
0.3905617927314941,0.31630022456676005,0.29313798270174307
0.4726603713955905,0.5135835418239628,0.013756086780450242
0.48726451800604054,0.4882204877862198,0.024514994207737603
0.5010714912057784,0.48934670399607405,0.009581804798149358
0.4625595048720272,0.5305968402790023,0.006843654848967741
0.44018555973798695,0.5420424650881965,0.017771975173817147
0.08812221490130044,0.901484747970533,0.01039303712816808
0.478472340998566,0.5136765465219678,0.007851112479466363
0.4081902875388582,0.5821995262969853,0.009610186164153732
0.4542617144463802,0.5384352811782729,0.0073030043753502085
0.5299398730256609,0.4017367867176676,0.06832334025667108
0.49060235241385947,0.5049998913908851,0.004397756195257797
0.5255158067657283,0.4650070298935594,0.009477163340711154
0.40282222762290393,0.5863219536282114,0.010855818748887
0.481680170475394,0.4577463043406599,0.060573525183945695
0.4842002276420766,0.4711953139680125,0.04460445838990999
0.3131741048454137,0.4442991927827288,0.24252670237185764
0.4945381001222305,0.49580895197690666,0.009652947900862314
0.3805602903780558,0.5967767668218081,0.02266294280013837
0.4926656472526006,0.4931142212901456,0.014220131457256358
0.4980986340983446,0.4582225349694228,0.04367883093223464
0.48644541498887006,0.49963287811223905,0.013921706898890126
0.498524451412866,0.4913530664704731,0.010122482116661275
0.4951012720682124,0.4860685097148255,0.01883021821696024
0.549848461428118,0.43739837219935296,0.012753166372527764
0.4669198179591335,0.5129046450177077,0.020175537023162327
0.4944760503057803,0.49288141860080975,0.012642531093413135
0.4736642684477439,0.4960714649281103,0.0302642666241493
0.49698796132416373,0.49137509200286816,0.011636946672969412
0.39866929400028994,0.5734913042204756,0.027839401779236272
0.38307485258746377,0.28110316938369073,0.33582197802884345
0.5182987498860273,0.47290945303607773,0.008791797077895395
0.5507376176954658,0.4468397413136436,0.002422640990892067
0.4975097356131501,0.4933969096278097,0.00909335475904088
0.4953080415930611,0.5019961274971934,0.0026958309097423316
0.489302547022257,0.4909363295369424,0.01976112344080324
0.5195916431327593,0.4796793593058085,0.0007289975614331837
0.32625874555613243,0.6063281349936183,0.06741311945024903
0.5633438676170783,0.4259058380926855,0.010750294290235251
0.4768926208271654,0.5193657748099801,0.003741604362853958
0.5193736417313184,0.4768178732768371,0.003808484991843575
0.3395205187245286,0.6523221206132163,0.008157360662255603
0.49924243259267026,0.47636299556457434,0.02439457184275368
0.5634241231517721,0.4262855102133661,0.010290366634861782
0.5646125304810587,0.43314568332356457,0.0022417861953797098
0.48327648188280437,0.5083085255542287,0.008414992562969648
0.4992748369431498,0.4792904197180288,0.02143474333881984
0.4588671996197983,0.4004129452800523,0.14071985510015103
0.38007899081579183,0.5999185108655318,0.0200024983186746
0.47970855127433565,0.5138330768916847,0.00645837183398114
0.41594280940028355,0.5678497696086187,0.01620742099109564
0.48285257520912067,0.5017873441614942,0.01536008062938695
0.4856971918704031,0.5060163392333101,0.00828646889628713
0.5211923678126508,0.46790722730428463,0.010900404883064095
0.46951942411017517,0.5089245299579348,0.02155604593189159
0.5252448075661188,0.455922623160747,0.01883256927313278
0.4942654044657175,0.442170786727981,0.06356380880630261
0.4821152839524468,0.5049144043514432,0.012970311696107196
0.22196868904420264,0.23235381594840832,0.5456774950073903
0.5062311767228027,0.48679464891200236,0.006974174365191816
0.36847030168229905,0.6118623643897011,0.019667333928002937
0.5446507564814792,0.4316260896014021,0.023723153917122118
0.4705432093993554,0.4214259075151954,0.10803088308545
0.4534650115448723,0.5252673179005545,0.021267670554574226
0.536534808715551,0.43939242781363197,0.024072763470816418
0.45141365044643467,0.5378729405056242,0.010713409047941441
0.4762161900099153,0.5039682021179845,0.019815607872097015
0.44624913530103455,0.518664644234854,0.03508622046411178
0.41191205611473136,0.5631924455502987,0.02489549833496766
0.5085580364542749,0.4862514027172584,0.005190560828465329
0.4800120901703345,0.5146246010380159,0.005363308791648557
0.47083693097024903,0.5183111297491295,0.010851939280619415
0.5303735612847073,0.4605000378738835,0.009126400841408415
0.35256277959452437,0.3588620948943335,0.2885751255111407
0.4770143509631848,0.510010475013896,0.012975174022920295
0.5592164382110959,0.41255464246796514,0.0282289193209367
0.4831756120878744,0.5032890258430337,0.01353536206909361
0.47881716514228334,0.4918043366922887,0.02937849816542941
0.49853786240092257,0.4631137979862469,0.03834833961282758
0.46867422115812984,0.5234080263217975,0.007917752520069567
0.47832694099868933,0.5120161980212175,0.009656860980090734
0.24640000810561097,0.2226587362461213,0.5309412556482702
0.38465906250405546,0.464614487621925,0.15072644987402228
0.5029140029396242,0.4734268383730231,0.023659158687353327
0.4916117925058341,0.49380404439323,0.014584163100938746
0.5273896471984101,0.4647438636653665,0.007866489136225022
0.3800454011384028,0.6101628046705054,0.009791794191094789
0.5108867645931083,0.4716512587149255,0.017461976691966818
0.5234277597742654,0.4213260938040981,0.05524614642163953
0.47616820087838096,0.46131125641870147,0.06252054270291756
0.472912666845397,0.4751686385811947,0.051918694573407406
0.5059374209132252,0.46927295256796747,0.02478962651880402
0.3917391402645859,0.5844159036432757,0.023844956092135022
0.4888855960588203,0.4892689069935476,0.02184549694763076
0.5239287611858685,0.45564078605090813,0.020430452763222882
0.43525392101817123,0.5459081984612828,0.018837880520546368
0.46582051902205257,0.44267212150859403,0.09150735946935401
0.4187551967468909,0.5347155380783042,0.04652926517480412
0.31112464915677757,0.6736256698421424,0.015249681001080947
0.4920710469852122,0.47261437338806705,0.035314579626721646
0.47347499978053703,0.5110806520172936,0.015444348202172773
0.515137826544976,0.4781999345293345,0.006662238925691579
0.5041241794048027,0.4883609196040828,0.0075149009911180085
0.4755437633040794,0.473315446057997,0.05114079063792453
0.5170851986858732,0.4240571002994534,0.05885770101467595
0.5290941152034105,0.46222397324718256,0.008681911549406458
0.49334172433471574,0.4880237761743494,0.01863449949093743
0.3318715417271952,0.6292304200733679,0.03889803819943353
0.515392063275128,0.4651412620675766,0.0194666746572955
0.47061225555823927,0.5119830168580017,0.017404727583762453
0.360732103215216,0.6250292906450687,0.014238606139717166
0.5555606955515776,0.4312131897095357,0.013226114738889402
0.49635478034759284,0.4752706230612427,0.028374596591166153
0.42932245126812146,0.5611054571837029,0.009572091548175064
0.3753563663389045,0.3697986624159621,0.25484497124513183
0.34595872898523194,0.31940313016915944,0.3346381408456056
0.004246549883845949,0.004065233007789306,0.9916882171083647
0.5086639265622953,0.4382993867783081,0.05303668665939507
0.5114011437627065,0.4661317485711451,0.02246710766615077
0.47525041056593614,0.4837323966703142,0.04101719276375254
0.23479453478655074,0.21541152874380515,0.5497939364696436
0.449580181105194,0.5470622741263251,0.0033575447684789086
0.512421552910916,0.45317048021622264,0.034407966872863245
0.4590006415143781,0.5036670906759854,0.0373322678096339
0.43168710792194986,0.45679029518235903,0.11152259689569381
0.5228644211329857,0.4623739473996972,0.014761631467320532
0.46086375921990524,0.48038016634084446,0.05875607443925245
0.523507223584768,0.4579385063445114,0.018554270070720448
0.5125939532232959,0.4787313064964328,0.008674740280270361
0.3824649586370972,0.611091419436011,0.006443621926892218
0.4498683363522446,0.5308137995613492,0.019317864086408648
0.4708727409269885,0.488284828799355,0.04084243027365688
0.46899686439908517,0.4838126948638789,0.04719044073703496
0.10517171967684144,0.11812568310604768,0.7767025972171133
0.45808149417894245,0.5063619936551456,0.03555651216590956
0.5124554734169596,0.4821600591521386,0.00538446743090248
1.9754544019792764e-06,0.9999980244891207,5.64707974349167e-11
0.5065119033573376,0.4713969490075566,0.022091147635104412
0.32066158693678826,0.27575981998892835,0.4035785930742816
0.37666425101142287,0.5644312644188961,0.05890448456968297
0.36221136616800004,0.40322919808642144,0.23455943574558138
0.4814396850991543,0.5039906100779432,0.014569704822902145
0.49411487217114824,0.4882727128170836,0.0176124150117679
0.5271419237474024,0.4480442103239925,0.024813865928606803
0.5310820044480852,0.4611057341951399,0.007812261356776599
0.42553737987450163,0.36888732684488784,0.20557529328061236
0.5236285306971985,0.4706907333884729,0.005680735914326329
0.4796585533760983,0.49512695608031365,0.02521449054359007
0.5134159025678483,0.47671893430012646,0.009865163132026393
0.4968739661424917,0.46821295945051633,0.03491307440699547
0.5431291727507455,0.4523491894522574,0.004521637797000356
0.4883268204442389,0.4883762062404802,0.02329697331527774
0.4848282725699659,0.45746282774811436,0.057708899681919175
0.3545678329213778,0.6345585740970686,0.010873592981555396
0.5055973741232125,0.47390041348517986,0.02050221239160814
0.5376575622472094,0.4503074351151725,0.012035002637615037
0.500141939799842,0.49081167380440366,0.00904638639575712
0.46280097790787766,0.5040793458263654,0.03311967626575868
0.4363103894924008,0.4713121652253511,0.09237744528224533
0.47859748998808666,0.505045752167343,0.016356757844568092
0.4530596627748957,0.5300040437531127,0.016936293471988564
0.4735576545674219,0.3725771904461339,0.1538651549864433
0.5159753690098827,0.4756247104053666,0.008399920584753662
0.37722189107671006,0.6098593429156702,0.012918766007622528
0.5263452794046377,0.4458776322419322,0.027777088353429798
0.5132839231986867,0.47638439403585764,0.010331682765457305
0.503499431760294,0.4270522437403971,0.06944832449930755
0.5460667669654226,0.4408545569733666,0.013078676061209623
0.38780572583365697,0.5955359254883918,0.01665834867794837
0.3540002927927596,0.6323782842290344,0.013621422978202919
0.43385792491322916,0.5573302420139052,0.008811833072862468
0.5020928972627192,0.48761600456310006,0.010291098174177265
0.5099776594630455,0.4714569083847501,0.018565432152201786
0.4490716564837108,0.5423988848117841,0.008529458704503931
0.46128893492859935,0.49094687242505347,0.04776419264634809
0.538479387045709,0.45704926306519617,0.004471349889094154
0.23188504807169646,0.4443341016607845,0.323780850267522
0.4108494102740089,0.4493359526215572,0.13981463710443395
0.442121278520986,0.5431290012135447,0.014749720265471838
0.3505833422480107,0.3102324067043828,0.3391842510476065
0.4947718221537167,0.4916593498825849,0.01356882796369947
0.36442236372203846,0.2659783280778559,0.3695993082001049
0.4483377181746555,0.43848099709222044,0.11318128473312229
0.45434375573386204,0.44063950625363796,0.10501673801250354
0.35966374339755647,0.4534306599612218,0.1869055966412242
0.562649675670711,0.4313347226406742,0.006015601688612935
0.25034471936610014,0.7404703218435026,0.009184958790397938
0.4065767388530085,0.5733801418737308,0.020043119273257803
0.49209734946839745,0.47467686141675813,0.033225789114848026
0.4359879095349206,0.5477961929915153,0.016215897473560992
0.40214987561603444,0.5710983836669373,0.02675174071702587
0.48483136195623355,0.48871291117554044,0.026455726868228658
0.3513303620582133,0.6399322631987043,0.008737374743085686
0.5014123309985341,0.4637234796844744,0.03486418931699446
0.5099792891117396,0.4833987226667866,0.006621988221474336
0.5262766489791353,0.4650536243675724,0.008669726653289767
0.5092954962640588,0.4723639947476869,0.01834050898825103
0.344690872227026,0.6519077307034563,0.0034013970695198343
0.44760599819219415,0.47427216066955,0.07812184113825844
0.4914149143877801,0.4968902180614397,0.011694867550780613
0.39322012307486937,0.5971954957084491,0.009584381216680071
0.4818016525809893,0.5130628172004819,0.005135530218528181
0.46030275210922744,0.5189174075744409,0.020779840316330046
0.4350394034256299,0.5470358074089011,0.01792478916546868
0.4658043646244827,0.5238730656144553,0.010322569761063619
0.3638868700461023,0.6234090721574645,0.012704057796430907
0.477450212720863,0.5095828289296407,0.012966958349495876
0.4743223953232729,0.49662682349198867,0.029050781184738014
0.5582647472261629,0.42945728623856405,0.012277966535271703
0.488077807441211,0.5064275060149919,0.005494686543794847
0.5127351136773203,0.48247948648242156,0.004785399840259377
0.4843698900951981,0.4355750610591273,0.0800550488456761
0.49831786872511813,0.49691539881490165,0.00476673245997926
0.5184980918149231,0.46909338100237413,0.012408527182699514
1.4277768910881393e-05,1.7407452906230007e-05,0.9999683147781825
0.43099241802896515,0.5593163435208468,0.009691238450191323
0.5219192785802376,0.46107750531626535,0.01700321610349886
0.5213238402117363,0.45295444154525827,0.02572171824300621
0.45729091953486845,0.5321538924295256,0.010555188035607637
0.44331309267260144,0.3989221873948435,0.1577647199325531
0.4886575951961161,0.5004577329614005,0.010884671842482993
0.4718730781446349,0.49019570061376455,0.037931221241598166
0.5294076043349232,0.4591624012186982,0.011429994446378138
0.4608572130661252,0.4870268432864988,0.05211594364737599
0.45758805409015024,0.5178347555544219,0.024577190355430413
0.5301960370368201,0.45460965466390024,0.015194308299278966
0.3954153110199407,0.5829629362523385,0.02162175272771828
0.48130908250144255,0.42691798194538166,0.09177293555317592
0.45984852905676626,0.47743282366353196,0.06271864727969985
0.5128974230837381,0.4698932461045914,0.01720933081167286
0.49321178359174955,0.48819396152098654,0.018594254887261383
0.5001459744725142,0.4835325979703912,0.01632142755709556
0.4203397234919803,0.5619500303301063,0.017710246177911396
0.5212818788135792,0.4750222542075224,0.003695866978895242
0.4458324007872686,0.5506756364172812,0.003491962795450111
0.21532474364277981,0.6128968344988965,0.17177842185832315
0.45829576526831145,0.5374679709723955,0.004236263759290265
0.5444147258022198,0.41073860054006256,0.04484667365771475
0.38004102486023533,0.42363970430245956,0.19631927083730233
0.5051540553321472,0.4794666532292876,0.015379291438565946
0.4889759454492066,0.4890784745041674,0.021945580046624072
0.4771100061139643,0.5103388497174693,0.012551144168566218
0.4792582121428303,0.4875213359957794,0.033220451861388535
0.5059876534277794,0.4850177336708776,0.00899461290134031
0.4699874969339587,0.5099438932235206,0.020068609842517463
0.5492729668276344,0.4398125966296976,0.010914436542667244
0.419783646622761,0.5578493185557328,0.022367034821504775
0.4215927069860151,0.5687715379546681,0.009635755059318978
0.47278499891403064,0.5116366109668863,0.015578390119081197
0.4453192998433583,0.5124123875883219,0.042268312568318436
0.5028217714667427,0.48463077639467134,0.012547452138586459
0.44649305306447623,0.5317635869410607,0.02174335999445958
0.45021279861328833,0.47497253878124757,0.07481466260546321
0.46907831131161803,0.5125945168496149,0.018327171838766382
0.4853155092185007,0.5011230908638946,0.013561399917602038
0.49287430686493244,0.49855208224707404,0.008573610887995653
0.4316843295423604,0.43519180834522514,0.13312386211241195
0.5542268629409978,0.4402695849715025,0.005503552087498008
0.4668924460345696,0.48879929845542236,0.044308255510010885
0.4905386884943272,0.4890757790287865,0.020385532476888166
0.4851447396172445,0.48719210502929877,0.027663155353454646
0.41448156437800454,0.5767189871239252,0.008799448498068393
0.3829247052595106,0.5986339305580255,0.01844136418246363
0.19258592066826177,0.6959923594736596,0.11142171985807649
0.5240954980079351,0.4716385997671148,0.004265902224952479
0.2393750201034221,0.3408620885591612,0.41976289133741956
0.4891509720485805,0.4520681452602184,0.058780882691201845
0.48131161763061275,0.3898995636398167,0.12878881872957246
0.45768441690670175,0.5239148698635324,0.01840071322976365
0.5145592363053163,0.4832682244974614,0.002172539197219741
0.48536298580814735,0.5025532330185882,0.012083781173262273
0.36257212572378994,0.6278805247284948,0.009547349547717963
0.48856305620782525,0.4890496028480948,0.02238734094408211
0.546694338472612,0.445282993567085,0.008022667960305015
0.48433742458569307,0.5061119703688793,0.009550605045424152
0.44337476576179435,0.5363637813367478,0.02026145290145865
0.4531968386267045,0.5197317380144258,0.027071423358871763
0.4897804569365814,0.4588165499141253,0.051402993149290595
0.4712251105953516,0.5170889596740716,0.011685929730574866
0.521173018681581,0.44643820787229327,0.03238877344612447
0.537608187134642,0.4487144421704403,0.013677370694919908
0.45033519376192405,0.5453795218250093,0.004285284413064638
0.3390531910633959,0.4150547213693601,0.24589208756724254
0.4866985522215451,0.48710092249766496,0.0262005252807924
0.4469396967302576,0.5417140251961433,0.011346278073602311
0.4824008785514883,0.49721653819226924,0.020382583256244795
0.4395740460883203,0.5376152852327554,0.02281066867892669
0.49202281081961197,0.48242325228983146,0.025553936890557315
0.4905027033856644,0.49333842774677605,0.0161588688675584
0.3733808469999088,0.4603739925238438,0.16624516047624907
0.49595966886905923,0.4952926508812848,0.008747680249656858
0.4335974209038857,0.5573894404622566,0.009013138633859158
0.06714967586440548,0.9308507476357983,0.001999576499796418
0.41485978046684213,0.4981796951076324,0.0869605244255255
0.4273172281831382,0.5598404135669862,0.012842358249874097
0.4668435053663139,0.5283517973430615,0.004804697290625184
0.5907374350256481,0.40429131805711727,0.0049712469172356
0.31897901237835663,0.678313130964414,0.002707856657228509
0.42635953057697284,0.4055512454685099,0.16808922395451978
0.48912932823618327,0.48741168275295277,0.02345898901086359
0.36612463395184475,0.62388450397173,0.009990862076427154
0.501886649778798,0.4183507662595842,0.07976258396161429
0.512731896137846,0.48256439857778716,0.004703705284369856
0.5153598447024025,0.46180145328812283,0.022838702009473404
0.4947977201440318,0.49614527094328725,0.009057008912682784
0.49040914241236894,0.4884058723721002,0.021184985215533164
0.37663596339746946,0.6150431750735438,0.00832086152898544
0.43221378821264084,0.4729494845936032,0.09483672719375422
0.49944307704921465,0.4432170959951906,0.05733982695559611
0.5501665612506087,0.4237801750480082,0.026053263701385245
0.4725014512072125,0.514735891740292,0.012762657052496289
0.48567390230467755,0.5108822541668112,0.003443843528514794
0.4106993287499512,0.5161736206740978,0.07312705057595349
0.47003771304050235,0.5184086940252925,0.011553592934205902
0.5092348940632673,0.4672299782092336,0.02353512772750207
0.4113804321460112,0.574957144395818,0.013662423458171594
0.4492786954210248,0.5439240874830359,0.006797217095938643
0.4812283460294259,0.5032517176686072,0.01551993630196862
0.508241769841523,0.478696406918889,0.01306182323958841
0.48411903146162594,0.468010051594567,0.047870916943805276
0.5146692468119388,0.46787450051055657,0.017456252677507653
0.5037341098631665,0.48481725945523546,0.01144863068159935
0.4470999516273372,0.4668887296759152,0.08601131869674887
0.4876824649536205,0.47569029238686406,0.036627242659518874
0.3706004846551577,0.5796694673168409,0.049730048028003286
0.0016647538564205698,0.0017724360940699667,0.9965628100495085
0.44581143323516326,0.5471694043929484,0.0070191623718852
0.4725464601260633,0.48533892258720446,0.04211461728673388
0.33954094302621235,0.39459297935914533,0.26586607761464465
0.4979805734199946,0.49632689841511246,0.005692528164892967
0.19741605687645064,0.762931525531569,0.03965241759197724
0.45495855425308684,0.4335920421523253,0.11144940359458824
0.38918765911392533,0.5212589018530936,0.08955343903297756
0.4825051179004976,0.5154154243880361,0.002079457711468186
0.5116500536087983,0.4744262653281489,0.013923681063052777
0.5305702494999438,0.45641073776890606,0.013019012731149087
0.46848887863920546,0.5141118285833397,0.01739929277745286
0.5075760223180655,0.3834452417669525,0.1089787359149793
0.49936486009996,0.4611622581088328,0.039472881791206414
0.5203992625234612,0.47055266759123826,0.009048069885303002
0.37376020270859045,0.587487405228142,0.038752392063266014
0.49928001232142366,0.49162596207633724,0.009094025602236008
0.47667211852731434,0.4681496713385477,0.05517821013414055
0.4904554210116823,0.49598221547424004,0.01356236351407982
0.4763807457700148,0.48251295399687555,0.04110630023310995
0.47422845861274077,0.4230443171736865,0.10272722421356967
0.5088318080866073,0.47425854252508093,0.01690964938831359
0.3506159067604253,0.4079590929256538,0.2414250003139206
0.5219995612614716,0.46837540561796753,0.009625033120559928
0.5053612334282456,0.4595979151728437,0.03504085139890837
0.4767729960918298,0.5030663959278285,0.020160607980340643
0.5776499717912371,0.41629498482531296,0.00605504338345285
0.5901277308787563,0.4052164056088573,0.004655863512387849
0.3226388295340821,0.6608064783319286,0.016554692133991952
0.5451953577235996,0.44046560703518156,0.014339035241218104
0.5033394816983284,0.4893840474365533,0.00727647086511638
0.4737014291493866,0.4928765130031584,0.03342205784745278
0.5344310690642571,0.44284815407221134,0.022720776863533687
0.5623786460596985,0.4251041861620208,0.012517167778282049
0.5176720225720267,0.4745020306904278,0.007825946737544965
0.4118192931609076,0.581766394376463,0.00641431246262981
0.49840694376770184,0.49610215492360515,0.0054909013086963014
0.4590223042302243,0.5311305374216828,0.0098471583480932
0.5192391234439492,0.4711454733552963,0.009615403200753358
0.4866228819372871,0.49793342628916837,0.01544369177354435
0.5485338926590255,0.4458574767115606,0.005608630629410259
0.5291533205498228,0.44775416439206206,0.023092515058116103
0.49580300709916897,0.4305170300208968,0.07367996287993701
0.5051608136519826,0.4706054411072402,0.024233745240777448
0.3096316933843815,0.6708753849759663,0.019492921639653465
0.40976312269641696,0.5506639238383138,0.03957295346526888
0.5243004981641831,0.47056604667939356,0.005133455156419892
0.4445891373864722,0.5522088326762308,0.0032020299372983777
0.48764720055477273,0.5003979441251872,0.011954855320037684
0.29506735365287545,0.4060798284333353,0.2988528179137869
0.5234702468851139,0.44185494100776135,0.03467481210712462
0.38850266703352354,0.6070966774508045,0.004400655515673584
0.45362761410089036,0.5322040231477612,0.014168362751348008
0.4758225075580025,0.3807252965609382,0.1434521958810626
0.48282656061911405,0.5135397689817888,0.0036336703990981468
0.4738874071687554,0.5073952649253504,0.018717327905894116
0.45671676366514813,0.5393076013091719,0.003975635025678603
0.4968426521349976,0.4963636308332926,0.006793717031711297
0.45717032013050235,0.5306384800623549,0.012191199807144283
0.5402100404609587,0.4315723173745252,0.028217642164514126
0.5084531878196819,0.48086533181939556,0.010681480360924476
0.4950085832490522,0.4724067745418396,0.032584642209107596
0.47513892217600395,0.5143580016978786,0.010503076126117703
0.44820213585110946,0.5325808291525891,0.019217034996298843
0.4819249072445558,0.47474575581457734,0.04332933694086928
0.47692254301784986,0.5107108500557296,0.012366606926417353
0.4909917915020683,0.3731609858864278,0.1358472226115024
0.5007592605582849,0.49010162549359043,0.009139113948122196
0.4838076486444272,0.5098930809925638,0.006299270363012149
0.4841301355715281,0.49976603449838086,0.016103829930090446
0.43641341959414437,0.4237836471573882,0.13980293324846557
0.4457776003878189,0.5357618021856632,0.018460597426516474
0.4469881501537291,0.5192702033667734,0.033741646479494666
0.4566777750698186,0.5323059150733052,0.011016309856878412
0.3635277156814954,0.6334221131811106,0.003050171137395994
0.4895536120554533,0.4936849604538887,0.016761427490655973
0.5049454179988828,0.4823025605320249,0.01275202146909248
0.47970234075809864,0.4977046343366196,0.022593024905282838
0.48116322956485197,0.5008801497877562,0.01795662064739108
0.43997654017548615,0.4507271360087851,0.10929632381573108
0.4810439546313983,0.4561364804659294,0.06281956490267432
0.5330199812452673,0.46014460345573277,0.006835415298998145
0.5068412446785627,0.47254979679677805,0.02060895852465692
0.5026135780669447,0.4819798489282731,0.015406573004779135
2.8128454035035005e-05,0.9999718714020962,1.4387187316689951e-10
0.5277920606101514,0.4672234883110458,0.004984451078803007
0.4296823757892055,0.47736410417365005,0.09295352003714782
0.5090262029331686,0.4816450989166906,0.009328698150138585
0.5237774927502694,0.45773884025060635,0.01848366699912138
0.4749602436216116,0.5171711462039662,0.007868610174422318
0.5180922792816454,0.460131560868838,0.021776159849515576
0.5071743531373218,0.4761286273253133,0.016697019537367967
0.4455131865329452,0.5486269498960635,0.005859863570991999
0.491987441126697,0.4957148153935092,0.012297743479795712
0.4332839159744788,0.5608307917387038,0.005885292286816359
0.48293579249731955,0.5007917123429971,0.016272495159683317
0.4997107465015144,0.4676907978622607,0.03259845563622199
0.4377520619693872,0.5031763653649098,0.05907157266570588
0.5112304385098985,0.4736718683023509,0.015097693187748933
0.4954681469583306,0.4798636065929371,0.024668246448733066
0.5383016672341195,0.4571847169404595,0.0045136158254229205
0.5544539989963312,0.42987676877269143,0.015669232230978984
0.4444829958352776,0.5434476300851512,0.012069374079568212
0.49764785490305663,0.47904886727430124,0.023303277822640238
0.4920099350355606,0.47186160967940577,0.03612845528503172
0.4834376343343566,0.500755135916812,0.015807229748833817
0.32703877155067695,0.38455122117235047,0.2884100072769743
0.5084397459009676,0.4715400448141288,0.02002020928490269
0.4331555001277465,0.5481792442810757,0.01866525559117851
0.45131701421782877,0.5313097501070795,0.01737323567509222
0.5539490780835593,0.4379434060697845,0.00810751584665621
0.4362619333151269,0.3781541722553489,0.1855838944295277
0.5241547332006911,0.4207559541607617,0.055089312638548854
0.5489002262684708,0.44705551731047105,0.004044256421058295
0.5044954837281573,0.4795916548826276,0.015912861389212298
0.3019959905168611,0.6800551943022187,0.01794881518092018
0.4547369037457938,0.5261577706607785,0.019105325593425117
0.44666495344146473,0.4397839816631228,0.11355106489540967
0.4737988384628267,0.5146656837786866,0.011535477758484151
0.4361471089252694,0.5538921553496364,0.009960735725096035
0.4776706505054863,0.49807962526892274,0.024249724225592746
0.518154293455459,0.4426805822185676,0.03916512432597414
0.46526150890071344,0.5001284942362927,0.034609996862996095
0.5500412004485074,0.4449006376058747,0.0050581619456158125
0.4597376689597036,0.4722747071305528,0.06798762390974632
0.3342229296056382,0.6162710371442024,0.04950603325016147
0.4531390192251581,0.5100395583348377,0.03682142244000066
0.4664100994848685,0.5126227487984917,0.020967151716637645
0.44803112240611304,0.5398228571486505,0.01214602044523815
0.49972561828457096,0.47320278726296694,0.02707159445246472
0.38035140374213955,0.3891077019363479,0.23054089432151112
0.5063388120775218,0.47025569125143174,0.02340549667104448
0.43444610699294656,0.549372944043919,0.01618094896313254
0.5206744016838744,0.47323724686185403,0.006088351454268732
0.40414875851453635,0.5620184979839734,0.03383274350148979
0.491111061048833,0.4480200452892062,0.06086889366196232
0.3888485529130296,0.6080607350950885,0.0030907119918850367
0.1689316577021374,0.17259721543762824,0.6584711268602367
0.48354472994024256,0.4983446010101388,0.01811066904961617
0.45719117231283535,0.5253749448628962,0.017433882824270348
0.4811515583775592,0.5002244901781949,0.018623951444243263
0.5017936757818985,0.4862463482083866,0.011959976009718154
0.4083507992701044,0.5792589670612011,0.012390233668695474
0.4352096279154458,0.5544044319185588,0.010385940165996208
0.4141800993438932,0.5834005729735642,0.0024193276825440683
0.36799903420913854,0.4115823068781246,0.22041865891273718
0.3848069892831891,0.3946077311946939,0.2205852795221136
0.4516755996935773,0.504438371887758,0.043886028418667775
0.5220706685929445,0.4653899978838664,0.012539333523191396
0.515749546318947,0.4602207379507173,0.024029715730333447
0.475887638903398,0.5196254200284524,0.004486941068148765
0.5225663364028615,0.46605527442285805,0.011378389174282215
0.4901298183813262,0.47221822097948063,0.03765196063919419
0.5338162667661894,0.4447639047715205,0.021419828462293136
0.3300082886039455,0.38243670720433554,0.2875550041917181
0.459901699314107,0.5078704686592251,0.03222783202667009
0.5115534115317056,0.4722316411886215,0.016214947279676057
0.49508264103254906,0.482188621703233,0.022728737264216554
0.5572054812725556,0.43901690365752166,0.003777615069924553
0.4391745950814402,0.5087424116665873,0.05208299325196901
0.49603761143182024,0.4970655569828826,0.006896831585298184
0.4027970849271362,0.4808880743935254,0.1163148406793409
0.41892508901389175,0.5615607628410657,0.019514148145039843
0.37926364158726095,0.6147625948698939,0.0059737635428479706
0.47770915045002066,0.5141688461921707,0.008122003357809012
0.471221639339245,0.44480927250492747,0.08396908815582627
0.4878023147534487,0.5033856790462659,0.008812006200285553
0.45815779703912984,0.46489870913608866,0.07694349382478453
0.4822049337407451,0.5081004039030248,0.009694662356226935
0.4974954787419394,0.47505605284775576,0.027448468410305613
0.317622802599825,0.6716666540820416,0.010710543318136577
0.5142188534561044,0.47872947623840373,0.007051670305490522
0.44286258362714176,0.5311182528113773,0.026019163561483663
0.44925475060249404,0.544088485544115,0.006656763853392601
0.4378922410188176,0.5427699452002217,0.019337813780959057
0.5275889472150841,0.4576979539470268,0.014713098837890565
0.3777685280688163,0.3447965908604442,0.27743488107073955
0.5097319374419227,0.4628506940724365,0.02741736848563863
0.4938743307880632,0.45166576841043793,0.05445990080150241
0.4776266043989274,0.5054949089554499,0.01687848664561963
0.5172384736611492,0.4398390233083668,0.042922503030484484
0.48120978615348275,0.5093364809672281,0.009453732879285831
0.5124418889885233,0.4827150659527418,0.004843045058736931
0.5114734130282498,0.4834002248769414,0.0051263620948112515
0.4358831810194842,0.5349312174171988,0.0291856015633179
0.3740701612776246,0.6012835795240161,0.02464625919836046
0.4398561114079599,0.5549488854419512,0.0051950031500853444
0.5459237238589925,0.44295233921010857,0.011123936930897575
0.4660553568388467,0.5198876039230961,0.01405703923805714
0.35971749271805337,0.46508449125367,0.17519801602827967
0.47997373806404625,0.5045155525606838,0.015510709375273343
0.27839100371368997,0.45951897568177663,0.2620900206045344
0.3246183158177708,0.4734992644532551,0.20188241972897392
0.4994622927227991,0.4972349603747299,0.003302746902470938
0.5095189094335024,0.44789283644647815,0.04258825412001855
0.5348806708677164,0.4453620398576095,0.01975728927467069
0.48994383956483917,0.49793875620489975,0.0121174042302619
0.37413772108397186,0.5641462660986163,0.06171601281740981
0.4504493028333187,0.5392591579311857,0.010291539235493008
0.48578556031730225,0.5036932343944481,0.010521205288248634
0.49717428715052253,0.49561580211805123,0.007209910731423693
0.47506453130575776,0.458911881698184,0.06602358699606155
0.4349385020740739,0.5545148022996977,0.010546695626229051
0.5288648871165669,0.4448110023279765,0.02632411055545885
0.5142489240187512,0.47379068469028807,0.011960391290961431
0.49375169411428366,0.49825926476842786,0.007989041117288353
0.45036018564367164,0.5046715971870338,0.04496821716929652
0.4847695957522521,0.4878732129247305,0.027357191323015218
0.28283538826709187,0.6876649426744266,0.029499669058482003
0.5192639346016791,0.47348244064427936,0.007253624754041452
0.464499151537055,0.5172599927993062,0.01824085566363633
0.4568476827245771,0.5133926979257744,0.029759619349645317
0.4570382485117453,0.5322694206954405,0.01069233079281082
0.4252150397266006,0.5690726804300837,0.0057122798433150365
0.5210714318803855,0.4633009437471145,0.01562762437250067
0.520188419603853,0.475314538418991,0.004497041977158491
0.44723371357784864,0.4947569226808476,0.05800936374130164
0.4279088397492032,0.5621511853564396,0.009939974894356487
0.5018510398725637,0.4789390260848852,0.019209934042548192
0.46680925563103987,0.5159290827954183,0.017261661573541937
0.48627196551306356,0.4991637189924343,0.014564315494500674
0.41211517640676976,0.4868271773035112,0.10105764628971628
0.5056830200637131,0.4844907464959886,0.009826233440294934
0.07821876766014746,0.921164070138011,0.000617162201844154
0.4259739023120578,0.5129282804426344,0.061097817245308945
0.4417221644313883,0.5546234915275218,0.0036543440410873014
0.47516069517734055,0.4749778851252436,0.049861419697415164
0.4632100616384809,0.46632256948560546,0.0704673688759105
0.4925780234060597,0.49027966001635664,0.01714231657758429
0.4585071914634186,0.5129951335980069,0.02849767493857769
0.5245281349970479,0.4716271492797647,0.0038447157231890714
0.49397767603167364,0.4910753523912016,0.014946971577128348
0.48343980242438417,0.4948684190794321,0.02169177849618318
0.4803352799443766,0.5054422834531483,0.01422243660247155
0.4850235274426024,0.5082376728947511,0.006738799662645208
0.5079804020589087,0.4859815908040731,0.006038007137019629
0.38333528104962344,0.4927960370719085,0.12386868187846904
0.4249122903949951,0.5453396301256802,0.0297480794793229
0.38453648834936155,0.4804658042767437,0.13499770737389777
0.41749612280442094,0.5753793508728826,0.0071245263226995745
0.5148562341386617,0.4674673104199341,0.017676455441404212
0.3819208128370306,0.59403098686024,0.024048200302729385
0.4964972694603573,0.4277620052896072,0.07574072525003896
0.5069409549173384,0.4758100743865689,0.017248970696089678
0.505195456965241,0.47573227619513125,0.01907226683963057
0.2815497049227437,0.7153135821959228,0.0031367128813317743
0.5413064762289606,0.4341337675150641,0.024559756255974157
0.434779449178531,0.39111485831266096,0.1741056925088065
0.5183782430195643,0.46633903947874755,0.01528271750168828
0.3178578839740213,0.6075040238255475,0.07463809220043062
0.49040935510529343,0.48413109217146455,0.02545955272324405
0.5410367556364655,0.4443538955331555,0.014609348830377308
0.2591428663940856,0.2323131172346491,0.5085440163712661
0.5122172692166471,0.4697565904467249,0.018026140336629127
0.4157619174675953,0.5815502213717954,0.002687861160608056
0.49300541091725686,0.48546820088903214,0.02152638819371322
0.4625031165725391,0.5273723898808036,0.010124493546658671
0.4565547766777669,0.5402042472757482,0.003240976046482074
0.4721844305261016,0.485631247907107,0.042184321566792096
0.5296844724710579,0.45501781571755534,0.01529771181138769
0.4604557723844556,0.4882374669825886,0.051306760632957436
0.5175187889059422,0.4619552667662227,0.020525944327835912
0.4916764850779778,0.4629986522454609,0.04532486267655834
0.5200195140372168,0.4366181185868051,0.043362367375977436
0.46183299980693093,0.5030202071260195,0.03514679306704761
0.5002135195885691,0.48863492768198247,0.011151552729448528
0.49920338031721795,0.4802545710542865,0.02054204862849832
0.4160010273576679,0.5561074140077094,0.02789155863462228
0.4531692884080182,0.4982747345658121,0.04855597702616765
0.45199037264072467,0.479159338966693,0.06885028839257928
0.49558016312639736,0.49340086507025693,0.011018971803347006
0.4924352116829058,0.4967796642211267,0.010785124095964337
0.45605145923052814,0.5350705300740869,0.008878010695385581
0.486640474254297,0.4940387517103465,0.019320774035353223
0.48366351886409653,0.4727493698468979,0.04358711128900614
0.49774680724967346,0.4893557763743009,0.012897416376023197
0.46006070623377004,0.5367416010699312,0.003197692696301813
0.42156107445990915,0.5771385997864387,0.0013003257536496743
0.4183122270230525,0.5570076649569721,0.024680108019973435
0.49713083978005235,0.487854639424674,0.015014520795276997
0.49753188561980805,0.4967325789679538,0.005735535412236804
0.36223811714690485,0.6286639612946923,0.009097921558401294
0.5334494581462664,0.4603455953881024,0.006204946465631406
0.3887519105313593,0.5200166410874315,0.09123144838121204
0.4632945381378793,0.5246131509476814,0.012092310914442059
0.4221720351826963,0.3953272011799724,0.1825007636373317
0.44194565980600525,0.5462704287151036,0.011783911478892262
0.1226679059170729,0.12166921867064888,0.7556628754122775
0.4479457216069669,0.530553397098454,0.02150088129458008
0.2413939774832326,0.7557545933114824,0.0028514292052900132
0.5464300043363928,0.43270101046943843,0.020868985194165947
0.5099867653418334,0.48315752887314606,0.006855705785020684
0.5017485833729458,0.46898904781918854,0.0292623688078629
0.5078119100241246,0.46699835425310926,0.02518973572276813
