0,1,2
0.42965813124362606,0.5352710617001312,0.035070807056242444
0.4998115910237616,0.46123117512248785,0.03895723385375073
0.48150079522689054,0.47858968472877345,0.03990952004433602
0.4525148069687364,0.5064169645312916,0.04106822849997185
0.417586481252366,0.5412433723549614,0.04117014639267244
0.4243299448730604,0.5385314960803226,0.03713855904661691
0.4953537845316752,0.4670427576650786,0.03760345780324618
0.539465949827701,0.423668350309306,0.03686569986299286
0.5266564020495602,0.435873257895384,0.037470340055055874
0.4917245742497866,0.4680444080929414,0.0402310176572719
0.42851085079200746,0.5156742326313009,0.05581491657669155
0.44854333766964516,0.5148075313068495,0.03664913102350546
0.4249113575914928,0.5369162407051004,0.03817240170340676
0.49018918764214087,0.4730526963538248,0.0367581160040346
0.4200515442449743,0.539004503398711,0.040943952356314976
0.4975179431253985,0.4605040092474452,0.041978047627156324
0.43742925470854865,0.5283759295541038,0.03419481573734754
0.41212811019275186,0.5511289566804983,0.036742933126749935
0.531848107407377,0.43422304122447786,0.03392885136814525
0.5040609071439366,0.45999501699946777,0.03594407585659562
0.5156563963727323,0.4456655778111295,0.03867802581613805
0.42701899124117343,0.5353529826628836,0.037628026095943255
0.41054050831626204,0.5481939051307836,0.04126558655295438
0.4272078157997191,0.5303454617147991,0.04244672248548158
0.5097228264685274,0.4549241400423944,0.035353033489078436
0.42256736017340246,0.5363413496177278,0.04109129020886953
0.40402615075119847,0.5564610377268131,0.039512811521988246
0.4776591343952061,0.47496818287028203,0.04737268273451202
0.4994167668523683,0.45934136489150545,0.04124186825612615
0.5028237197896207,0.46256228047518444,0.03461399973519485
0.5180228397251233,0.4435078230035043,0.03846933727137263
0.44314842034563995,0.5143993314275929,0.04245224822676719
0.5032429156272583,0.4571361961927762,0.03962088817996533
0.43282736970118046,0.5240188800954501,0.043153750203369486
0.5330939568954821,0.43110849414144614,0.03579754896307153
0.40496354237051646,0.5578453187376252,0.037191138891858044
0.42394182932664476,0.5529421685408905,0.02311600213246446
0.4637576139001832,0.49375578874986503,0.04248659734995178
0.4170291806696425,0.5441578679264369,0.03881295140392051
0.42361239483575097,0.5385892310817336,0.037798374082515344
0.42528208717628513,0.534482620366494,0.040235292457220656
0.4794198854788513,0.47838179594213387,0.04219831857901474
0.5204248172937574,0.4479414964263195,0.031633686279923016
0.4342307227889249,0.5262845005744522,0.03948477663662268
0.431989957310159,0.49977386888745107,0.06823617380238968
0.44762888529047146,0.5096751878564088,0.04269592685311964
0.5343743173305382,0.42796661300871863,0.037659069660743116
0.4666282515164095,0.5059874558864579,0.027384292597132504
0.43102057814199174,0.5351617938298427,0.03381762802816522
0.418902938291592,0.5389444811653258,0.04215258054308222
0.42597612396441054,0.5337961913642156,0.040227684671374005
0.4050684693271543,0.5593899813209501,0.03554154935189533
0.4059015872597208,0.5483976332963565,0.04570077944392261
0.48911045427998606,0.45341700749358127,0.05747253822643237
0.5118085603865636,0.4475429228230398,0.040648516790396536
0.4777279837949935,0.4791630387642914,0.04310897744071486
0.39024459249888266,0.5663574256798966,0.043397981821220746
0.4484560644637662,0.5152634477451492,0.03628048779108478
0.4023963477692011,0.5642205168823204,0.033383135348478504
0.43084924518788814,0.532878959243815,0.036271795568296815
0.4502779907594514,0.511067727938282,0.03865428130226631
0.5157636089113429,0.44846909648801886,0.03576729460063853
0.42767331269252395,0.5370041862471828,0.035322501060293415
0.430946060430638,0.5291974079435701,0.039856531625792016
0.4573017421161017,0.5135742424157079,0.029124015468190573
0.43513420166487965,0.5287481563410853,0.03611764199403514
0.4385748023795685,0.5195605178763288,0.041864679744102795
0.4455882136636542,0.5163735508219498,0.03803823551439594
0.4266069444830059,0.5356939406685635,0.03769911484843076
0.43390237652704383,0.5257634329761184,0.040334190496837674
0.46645691449919247,0.4922187843142236,0.04132430118658362
0.4225733903044207,0.5405733829267324,0.03685322676884682
0.5048729373529554,0.4612303596039839,0.03389670304306086
0.4551897201418433,0.5041709530701253,0.04063932678803132
0.4685826347556397,0.4893915333686214,0.04202583187573891
0.42527073966721896,0.5376169408150813,0.037112319517699714
0.44961606682871036,0.5111110962610965,0.03927283691019292
0.4364617456194683,0.5250960530268167,0.03844220135371515
0.4270226478085847,0.5360974431926391,0.03687990899877627
0.519512712542171,0.4536728194456216,0.02681446801220739
0.4199436585306386,0.5374087858383874,0.04264755563097417
0.519826995790435,0.45296030353638866,0.027212700673176556
0.464076962566701,0.5081498491726537,0.027773188260645457
0.4912212022468991,0.47041016450500844,0.03836863324809237
0.4359038774152016,0.523507170143273,0.04058895244152531
0.42734608704937455,0.5329758805252691,0.03967803242535646
0.4655540830874081,0.49095864968417147,0.04348726722842026
0.4709809921684176,0.5043134769531753,0.024705530878407222
0.46327604955112944,0.4945661740510142,0.04215777639785641
0.4799658699148303,0.48762527275986695,0.03240885732530259
0.41218774138693676,0.5499750301007654,0.03783722851229794
0.5301661791233501,0.4336289263772982,0.036204894499351686
0.48065037336102095,0.49588146952463386,0.023468157114345183
0.470169724603678,0.48911798414313634,0.04071229125318544
0.5466607218959014,0.41347115432072645,0.03986812378337212
0.5598481126414929,0.3653638420718502,0.0747880452866565
0.4886529679194486,0.47032680351253897,0.04102022856801258
0.4507718152111694,0.5226076986025084,0.026620486186321984
0.5073189257695994,0.4531322126472737,0.039548861583127044
0.5294190337061718,0.43337764900522885,0.037203317288599255
0.5168844765898662,0.4474301551268266,0.03568536828330727
0.41694328650114243,0.5416468478532626,0.04140986564559493
0.40429364708665727,0.5549997111542292,0.04070664175911351
0.4309214088941291,0.5344838561064049,0.03459473499946592
0.6488120953496662,0.304734299124341,0.0464536055259925
0.39308769544953137,0.5663966731314598,0.04051563141900902
0.49791056874298223,0.4617823315621864,0.040307099694831504
0.4135966447608655,0.5613961358992268,0.025007219339907724
0.4911661969732257,0.48057384145405907,0.02825996157271503
0.5204758887848324,0.4491354661633577,0.030388645051809812
0.4141103677796798,0.5468369357413478,0.039052696478972374
0.4357235958184891,0.5316155894091936,0.032660814772317456
0.42861732158707616,0.530099444427661,0.041283233985262846
0.42483204480532544,0.5353668771238185,0.03980107807085593
0.4136251256886119,0.5452243072675692,0.04115056704381923
0.527170288408915,0.43336865179930356,0.03946105979178136
0.4059537058778504,0.5542413497669856,0.039804944355163865
0.43450519283820127,0.5229345733555396,0.04256023380625907
0.4474169787882346,0.5120005300082887,0.040582491203476775
0.4438940467797406,0.5153710821159153,0.040734871104344136
0.4876484018765996,0.47361689418692404,0.03873470393647631
0.40958600230958997,0.5602863108579794,0.030127686832430382
0.510865795194501,0.448903647243422,0.040230557562076844
0.44223281560057887,0.5296831037468862,0.028084080652534923
0.42455999216002666,0.5344670953996142,0.04097291244035918
0.436904079848719,0.5286068852901188,0.034489034861162345
0.4201199829730026,0.5370368624687761,0.04284315455822139
0.5566272148084414,0.40331354693737637,0.04005923825418243
0.4532209835101407,0.5220309190684852,0.024748097421373846
0.48013149197046173,0.48171569677060494,0.03815281125893329
0.5257782764225716,0.43146178344367053,0.04275994013375764
0.4746011091627752,0.49588571655461716,0.0295131742826075
0.42743887092649313,0.5332076691718102,0.039353459901696634
0.43587172066000407,0.5302973684435054,0.033830910896490624
0.5045583098414893,0.4596234439900317,0.03581824616847889
0.406923716569162,0.5576317085022751,0.03544457492856309
0.4874592579708019,0.4793758333544256,0.03316490867477249
0.4427807776460156,0.5151123105386897,0.04210691181529465
0.4271346324385945,0.5317608448109249,0.04110452275048044
0.4551152463201023,0.5025844381031852,0.04230031557671258
0.4978230869067799,0.46319207883378466,0.03898483425943528
0.4813959630975738,0.4858791266246732,0.03272491027775277
0.42481060237067475,0.5364052138956259,0.03878418373369952
0.4266506173604508,0.5309872130448574,0.04236216959469154
0.4469113883779849,0.5123200339028543,0.04076857771916086
0.39859295312616977,0.5706769174242946,0.03073012944953579
0.456101578121737,0.503563633703005,0.04033478817525781
0.4793825933510018,0.48699695500540036,0.03362045164359761
0.45528568942933073,0.5112074477500154,0.03350686282065391
0.52559375191488,0.4337160904706033,0.04069015761451698
0.4270825264764695,0.5334930778258016,0.039424395697728855
0.46955659807404554,0.49775563417400537,0.03268776775194899
0.46044205998247567,0.49691382086180863,0.04264411915571547
0.5107936427198402,0.45654711977171336,0.03265923750844645
0.43184487162095975,0.5248597343186169,0.04329539406042312
0.5008125569648604,0.46037074087138313,0.03881670216375634
0.4252075943665845,0.5355069628952391,0.03928544273817642
0.4404109004517844,0.5188858157667571,0.0407032837814585
0.4376290176289982,0.5266433690934019,0.03572761327759975
0.4565702895464675,0.49884848124244513,0.04458122921108746
0.509840042212136,0.450010122249213,0.040149835538651216
0.44254018674645834,0.5173555747326669,0.040104238520874635
0.4383293315180626,0.5206295549978609,0.04104111348407663
0.5486512721960695,0.4088644726335787,0.042484255170351794
0.44789362370393254,0.5099193272418682,0.04218704905419938
0.38324888179060307,0.5807373569011761,0.03601376130822073
0.526583198091696,0.4352565576215263,0.03816024428677798
0.4116109322381535,0.5484353592989216,0.03995370846292518
0.46334869888729185,0.49485049748048465,0.04180080363222338
0.520012219959067,0.4375581371245375,0.04242964291639548
0.4270369117572552,0.5336361489357062,0.03932693930703842
0.4950758105390663,0.46924704352809166,0.03567714593284198
0.46743485925374256,0.4895106859471709,0.04305445479908647
0.47015691653117225,0.4893542385857406,0.04048884488308719
0.4610858017435302,0.5003079941216798,0.03860620413479004
0.362653608722458,0.4624204465761866,0.17492594470135556
0.4348978094144453,0.5220181598632652,0.04308403072228948
0.5368615487876305,0.4285790968836271,0.03455935432874241
0.46289688783145444,0.49519502091357664,0.04190809125496884
0.46936605617801025,0.4885503570105958,0.042083586811394263
0.4865637053238511,0.472435099432084,0.041001195244064745
0.4611421058331987,0.5041462173893937,0.0347116767774076
0.5177618576931305,0.45361764996460635,0.028620492342263153
0.46460532392286763,0.4945835751695416,0.04081110090759075
0.4336768637878481,0.5247160494234869,0.04160708678866475
0.4061561271597908,0.5580898263676719,0.03575404647253719
0.4306953553895146,0.528547076295214,0.04075756831527136
0.4365738704426799,0.5252135291885249,0.03821260036879517
0.40755738957796533,0.5528089113353727,0.039633699086662026
0.46967966468497085,0.5029423071711345,0.02737802814389447
0.4635001901481962,0.5131471747186135,0.023352635133190407
0.5264554087974256,0.4291639187650002,0.04438067243757431
0.49062336725112754,0.46858229347159003,0.04079433927728244
0.4805963789728686,0.47820685366078575,0.04119676736634546
0.3709481463562482,0.5884917436710808,0.04056010997267107
0.5460305986448946,0.4206993130217845,0.0332700883333209
0.4442708416882674,0.5161382268854393,0.03959093142629336
0.44380181352870707,0.5255674153617272,0.03063077110956556
0.41876902864679927,0.5430464928548414,0.038184478498359445
0.3812952969332743,0.39262625437205967,0.22607844869466587
0.4748044884264153,0.4868046574691033,0.0383908541044814
0.43765008019113705,0.5150349418324499,0.04731497797641303
0.4446382818468656,0.5253013991489989,0.030060319004135392
0.578910537570967,0.3839358168293128,0.03715364559972006
0.5407373963194912,0.4313549547436637,0.02790764893684498
0.43272405262057256,0.42279258684212745,0.14448336053730002
0.3956084769610967,0.5095095012251457,0.09488202181375743
0.4620546027777915,0.5007863693684015,0.03715902785380698
0.40741043169411617,0.5567674975221825,0.03582207078370127
0.5075201673089419,0.46016863386881474,0.03231119882224348
0.48901308990867387,0.47680754892125154,0.03417936117007445
0.4587815345027841,0.4975281063722964,0.04369035912491974
0.45584428001247257,0.504538357315486,0.039617362672041696
0.5024867067025024,0.465092526411872,0.032420766885625424
0.4596511174123355,0.5098510339200119,0.030497848667652722
0.4538528803398229,0.5056944474144147,0.040452672245762454
0.44157110569012065,0.5305366350023433,0.027892259307536187
0.5516703586688638,0.4056753947304694,0.042654246600666516
0.515703665682562,0.44277696438713293,0.04151936993030525
0.48501223032319085,0.47271852691774296,0.04226924275906632
0.4282459630838608,0.5426096837371418,0.02914435317899741
0.4617207008653417,0.5031044803924789,0.035174818742179134
0.43688395857330026,0.5243043584375876,0.03881168298911208
0.47128983187638473,0.486041672777304,0.04266849534631136
0.4564146482352929,0.5018276966978444,0.041757655066862555
0.494675892685323,0.4646989198760792,0.040625187438597866
0.42920776419335266,0.529041195927021,0.041751039879626334
0.41067829178935467,0.5451419612574119,0.044179746953233394
0.47942842037085825,0.47927482970087065,0.04129674992827103
0.4415076552638082,0.5165409986838502,0.04195134605234169
0.4689575949138561,0.4947284133635957,0.036313991722548115
0.42102802769980596,0.5389894859070227,0.03998248639317144
0.5178189984954189,0.44739822925199263,0.034782772252588544
0.47818472083634056,0.48297539935868283,0.038839879804976704
0.42450824399393955,0.5365077571582194,0.03898399884784094
0.46548442425954273,0.5010146282697587,0.033500947470698365
0.5275125855511961,0.43164208255790676,0.04084533189089744
0.45658320434611926,0.509025726271624,0.03439106938225679
0.44004882165852005,0.5110801865072049,0.0488709918342751
0.45004323083927833,0.5076886489948145,0.042268120165907
0.41843391343125746,0.5423699967450829,0.03919608982365999
0.4166031508166535,0.5462637119814256,0.03713313720192088
0.43348015348914476,0.52935516998172,0.03716467652913502
0.42860813210319937,0.5322258459790932,0.03916602191770726
0.4924396285752964,0.4524284306340238,0.055131940790680005
0.4501266555501386,0.5172039854593535,0.03266935899050788
0.4898040238403091,0.47194472726904885,0.03825124889064214
0.44899135113975447,0.5108835804059498,0.04012506845429561
0.4581068305961091,0.5007188556176119,0.04117431378627914
0.4656147960209928,0.4949755149842072,0.03940968899480014
0.4467614153504367,0.5123526200939874,0.04088596455557611
0.4905772435452511,0.48196046274362025,0.02746229371112845
0.47046149381247043,0.491524955700104,0.03801355048742541
0.467632723824885,0.49102884987546697,0.041338426299647964
0.4523928605079813,0.5083090764296293,0.039298063062389414
0.4228325052618868,0.536871321033501,0.040296173704612144
0.5319376464458454,0.4316176468727726,0.03644470668138213
0.4502576545312204,0.5136080137209136,0.03613433174786604
0.463414000002111,0.5006281167461728,0.03595788325171613
0.5434992098527632,0.4049867435252509,0.05151404662198567
0.5101366465545478,0.4485700684086524,0.041293285036799764
0.4337911731912389,0.5349763331915279,0.031232493617233164
0.43863988469888443,0.5206639235633231,0.04069619173779226
0.428222127911527,0.5326530205357309,0.03912485155274198
0.4537248156238789,0.5037997502055455,0.04247543417057593
0.4681290603813956,0.49096853547835045,0.040902404140254006
0.4328772403122363,0.5254358460634159,0.04168691362434771
0.5028922462264312,0.45890955433694597,0.03819819943662304
0.5026875931293944,0.46821966973018897,0.02909273714041681
0.4397803141203395,0.5271089861923187,0.033110699687341864
0.48821805720485234,0.47578693805159483,0.03599500474355309
0.42298845928802575,0.5361383893938584,0.040873151318116106
0.4757228493453078,0.4786967408528018,0.045580409801890244
0.4729079884184732,0.4864133926268046,0.04067861895472211
0.46254147685573754,0.4961003521468517,0.04135817099741082
0.4609622343508463,0.49537605527750234,0.04366171037165134
0.4150914967305665,0.5574128813477257,0.027495621921707777
0.43529138298845094,0.5261493597443468,0.03855925726720226
0.4814867159899895,0.47695300887992637,0.041560275130084305
0.42353681060435566,0.5342109927741678,0.04225219662147662
0.44420086234128986,0.5172440783831103,0.03855505927559983
0.5016881762688392,0.46647674260409594,0.031835081127064874
0.4984259165286316,0.46722754446172776,0.03434653900964044
0.4830906597524729,0.48280463611390373,0.03410470413362339
0.5286963569158128,0.4296590768428071,0.0416445662413802
0.4068568985314687,0.5552962572325965,0.03784684423593466
0.4814783244857918,0.47752327150926654,0.04099840400494164
0.40106558625406075,0.560139050865938,0.03879536288000113
0.4390224673584816,0.5211008036777187,0.03987672896379965
0.5338535617347194,0.4254558677065953,0.04069057055868521
0.39304856070640404,0.5724230132742884,0.03452842601930755
0.4389465275516089,0.5203714083051882,0.04068206414320279
0.4588704868112443,0.49861073142960183,0.0425187817591539
0.43345735305121846,0.5412986438324288,0.025244003116352758
0.4619537297575614,0.49760285833648055,0.04044341190595811
0.43319000483452275,0.5449537223376658,0.02185627282781155
0.49343815940684604,0.46592793226262286,0.04063390833053109
0.4971563634820245,0.46371355274507164,0.0391300837729037
0.4775077916063575,0.48087153627417795,0.0416206721194644
0.4342389630206494,0.5280541339795395,0.037706902999811255
0.45213004445229465,0.5208109366990689,0.027059018848636665
0.4779631264307903,0.4854712448881248,0.03656562868108509
0.45224057146807556,0.506635480395358,0.04112394813656648
0.470073046411991,0.49877819522286176,0.03114875836514706
0.45704956739687475,0.5159507212809713,0.026999711322153737
0.4378563540792333,0.5069236639374218,0.05521998198334491
0.4246027002552258,0.5335390559553285,0.04185824378944561
0.4290433640712294,0.5323077098643857,0.038648926064384866
0.42177963654990835,0.5420377583696301,0.036182605080461575
0.4866261904690388,0.471948768330067,0.041425041200894096
0.5173228714527801,0.44201398281164367,0.040663145735576244
0.46719207431305954,0.4920293143982083,0.04077861128873212
0.4560349202787207,0.5088591797401585,0.03510589998112093
0.43318234019004903,0.5273946063089109,0.0394230535010402
0.4261158032521594,0.5534827330023976,0.02040146374544295
0.4511749530173871,0.5121418316947888,0.0366832152878243
0.4861786473871391,0.4724841815410073,0.041337171071853404
0.47907231584571736,0.4814147523216685,0.03951293183261424
0.4510503154527214,0.5060816349243303,0.042868049622948164
0.43674119630257274,0.5218316955250859,0.04142710817234117
0.449132819467891,0.5085001545889563,0.04236702594315269
0.43488533371376575,0.5352131489366478,0.029901517349586227
0.5290185130310501,0.4281273577372339,0.04285412923171617
0.472121454904417,0.49196347048255973,0.035915074613023096
0.52197682720059,0.43797977765751095,0.04004339514189901
0.3816717608335532,0.5788618488693614,0.03946639029708521
0.411757030328591,0.5475722985135703,0.04067067115783875
0.4239109093476798,0.5393053310716032,0.03678375958071707
0.43047850950196315,0.5213523930795394,0.04816909741849751
0.5226766301390514,0.43828519542372946,0.03903817443721877
0.44352686081254933,0.5123921983732298,0.04408094081422093
0.43561395666234,0.5226174981669364,0.04176854517072361
0.4754568550587997,0.4822300906648165,0.04231305427638409
0.4569529552093781,0.5179421999477497,0.025104844842872117
0.4248111550681556,0.5387649671599997,0.03642387777184445
0.4085954601403292,0.5502187886103429,0.04118575124932783
0.4527831498250691,0.5120595615873287,0.03515728858760236
0.4820521360161014,0.4851141414991101,0.03283372248478856
0.48425049413014093,0.4813984214285751,0.03435108444128392
0.5135478723953839,0.4381219947933525,0.04833013281126348
0.3739992252463602,0.5877506198650198,0.038250154888620075
0.5472621949111857,0.41187301521548597,0.04086478987332842
0.5042483497917495,0.45744931289766516,0.03830233731058524
0.4332236063336786,0.5327735124382789,0.034002881228042424
0.5039628218058176,0.4515128810764971,0.044524297117685394
0.473155850600444,0.493876162649659,0.032967986749896865
0.5124171525316477,0.45148863340586165,0.036094214062490616
0.5111976218202121,0.4473782298104697,0.04142414836931807
0.44778343913535007,0.510550318304619,0.04166624256003096
0.5007735749774446,0.4694551187984687,0.02977130622408665
0.4232772137171941,0.5378733854955885,0.038849400787217304
0.45998208874711755,0.5010446126142424,0.03897329863864008
0.415730254120192,0.5429450471587709,0.04132469872103694
0.41110678256085725,0.5564893040552608,0.03240391338388229
0.4466602654443406,0.5109351163419006,0.042404618213758634
0.4638353410117659,0.46839552489440944,0.06776913409382448
0.4382071835516294,0.5205034075115405,0.04128940893683
0.45987526695974595,0.5136347800104587,0.026489953029795343
0.4149739005939365,0.5477003128188017,0.037325786587261864
0.4500142912476991,0.5174729539214641,0.03251275483083675
0.4485233830962474,0.509293647296882,0.04218296960687071
0.4253290900520763,0.5360672045059797,0.038603705441944004
0.4400576753392576,0.5195240666088935,0.040418258051849204
0.4501202625872835,0.5115382191727967,0.03834151823991958
0.4354054867407768,0.5257875932131911,0.03880692004603224
0.47429096774250423,0.4854740450746533,0.040234987182842255
0.5149648244662846,0.44208298770502485,0.042952187828690314
0.516741885449858,0.44759465323574704,0.03566346131439501
0.4567020714680219,0.5027129486706461,0.04058497986133189
0.43739359127010063,0.5251749116319817,0.037431497097917536
0.43670207607830575,0.5233183543649964,0.039979569556697826
0.4846880901208278,0.48874913525000635,0.026562774629165564
0.4213894681325003,0.5372418944622712,0.041368637405228524
0.4288880102913761,0.5332271015242049,0.03788488818441911
0.40720168274403934,0.5756477269088288,0.017150590347131702
0.4328551109196192,0.5318256857639021,0.03531920331647866
0.5372436818116036,0.4307641291859577,0.03199218900243851
0.4992896619356454,0.4614234825438821,0.0392868555204724
0.4651978430459636,0.4778630227917017,0.056939134162334704
0.481022668508098,0.48035656787917974,0.03862076361272221
0.4420448627664181,0.5233856596012124,0.03456947763236964
0.44664921331286517,0.5282711653632268,0.02507962132390805
0.466207948453678,0.492633127329016,0.041158924217305944
0.49045175006847863,0.4694987647097094,0.04004948522181192
0.45380183963699894,0.5124204098343436,0.0337777505286573
0.472399763961523,0.48822992162906037,0.03937031440941641
0.44313767896135836,0.5268895603378089,0.02997276070083289
0.4203693523832519,0.5463276339359244,0.033303013680823376
0.4283047158050751,0.5327358822109687,0.038959401983956206
0.442353508090535,0.5220348514568195,0.0356116404526456
0.3857937305592174,0.5544430525878556,0.059763216852927126
0.5011881330352037,0.45685526957596406,0.04195659738883189
0.4675376210491121,0.503792632890793,0.02866974606009491
0.4551208723935464,0.5177068396578384,0.027172287948615346
0.4712074486481398,0.502324116143543,0.026468435208317237
0.4796976090177662,0.48514606876397914,0.035156322218254814
0.43307222542180773,0.5378641885361087,0.029063586042083193
0.4879228150702441,0.4754014411068985,0.036675743822857404
0.43165084288488625,0.5267387285515903,0.04161042856352344
0.4612765103126664,0.4953877919441626,0.04333569774317115
0.47525108983719205,0.49995593466010985,0.024792975502697837
0.45534263155868193,0.5132452881266555,0.031412080314662576
0.4298010403192683,0.5303212789576696,0.03987768072306196
0.45514855488730466,0.5026907182067165,0.042160726905979086
0.45428621464700997,0.506267125100657,0.03944666025233286
0.4241356522048846,0.4023698475412738,0.17349450025384175
0.4354309062852987,0.4871942447509947,0.07737484896370637
0.5515192672635477,0.414521792924787,0.03395893981166508
0.4656150506778033,0.49152766498061085,0.04285728434158602
0.44061920979217556,0.5175601630182403,0.041820627189584035
0.4191713075161077,0.5410615815017613,0.039767110982131086
0.4366859313744483,0.5245669981930926,0.03874707043245892
0.4560421512047887,0.5020080736706023,0.041949775124608873
0.43069642703632305,0.5498891341476332,0.019414438816043746
0.44776313436816473,0.5115226613914129,0.04071420424042212
0.48668081915002503,0.47732345526043324,0.035995725589541554
0.5487891773171438,0.4123760750929962,0.03883474758986002
0.489528823931029,0.4740650274501025,0.03640614861886859
0.4832656912955344,0.4796600955836802,0.037074213120785474
0.42801350568623414,0.5183999190924394,0.05358657522132632
0.3822281302339811,0.5708540227189132,0.0469178470471057
0.4155640705913875,0.5439519881159944,0.04048394129261793
0.5363794344337148,0.4085090883260264,0.05511147724025898
0.549271557514377,0.4102793666393216,0.04044907584630148
0.41970245501437775,0.5444861282720224,0.035811416713599775
0.44074109399852895,0.5307099329358222,0.02854897306564887
0.4192577298376223,0.5386017210762636,0.042140549086114185
0.4188975106532661,0.5396516789659173,0.041450810380816425
0.4766802676161323,0.48248545466796045,0.040834277715907315
0.44413980014884497,0.513351920453728,0.042508279397427115
0.4446612287765814,0.5214444135985005,0.03389435762491838
0.4757132301364237,0.48688926111096226,0.03739750875261411
0.39289853380079925,0.5653914802442729,0.04170998595492759
0.4254366605990999,0.5353711127017634,0.039192226699136745
0.5207990202485835,0.44573853509409406,0.03346244465732252
0.43146752131218835,0.528731902567372,0.03980057612043961
0.4482028280361352,0.5103584386561043,0.041438733307760295
0.43760386988343264,0.5163351623679967,0.046060967748570845
0.46555945654149394,0.5003592060843699,0.0340813373741364
0.46221470854069435,0.49536934378626496,0.04241594767304091
0.5128065933517643,0.4480687489604137,0.03912465768782218
0.4957777047869307,0.46845079578178334,0.03577149943128596
0.5141893505416785,0.44029167368730016,0.04551897577102117
0.47379658795614193,0.4888216137236989,0.037381798320158845
0.39602893948801604,0.5723412173234698,0.03162984318851416
0.5309448753188274,0.44170750777639667,0.027347616904775832
0.42275208126468533,0.5369593842208197,0.040288534514494816
0.4983940007377571,0.47079702684016356,0.030808972422079445
0.4806855832388176,0.4797638538267484,0.03955056293443398
0.4209744948229845,0.5373105692384932,0.041714935938522275
0.4471948310327257,0.5121462563942552,0.04065891257301906
0.5056402785862298,0.43013954988722797,0.06422017152654232
0.5032080316676829,0.45709109869261644,0.03970086963970077
0.4296126371248123,0.5290856058296034,0.04130175704558421
0.4508223828447785,0.521888711070428,0.027288906084793382
0.48089749078114674,0.4794448779987698,0.03965763122008358
0.4793109066620958,0.4840536380850636,0.03663545525284041
0.40975567561943416,0.5483410791787839,0.04190324520178169
0.5128592051333514,0.4560101347935657,0.031130660073082926
0.47411929344175463,0.48707631465032986,0.038804391907915486
0.43174293099718747,0.528816472157261,0.0394405968455515
0.43588805078371495,0.5211424686835718,0.04296948053271319
0.4855622224898371,0.47542156309622213,0.039016214413940965
0.4181959865111694,0.5419127363948893,0.0398912770939413
0.4745593868862441,0.4933736346226633,0.03206697849109267
0.41907083975303816,0.538523815833902,0.04240534441306006
0.40155347933167534,0.5598982366044568,0.03854828406386782
0.4038261712643519,0.5658305967984781,0.030343231937170225
0.448743667535642,0.5093001040768725,0.04195622838748541
0.44238651206969437,0.52326310853961,0.034350379390695615
0.4048736537899023,0.5581116312248059,0.037014714985291755
0.49064863043213947,0.471731223115783,0.03762014645207726
0.458915389019466,0.4953887056142953,0.0456959053662387
0.4400609588652376,0.5225164102393649,0.0374226308953974
0.4598104466492044,0.4974915976332043,0.04269795571759135
0.5301160019951089,0.43280770087939724,0.037076297125494054
0.4346872049645122,0.5293713282197979,0.035941466815689736
0.42739376451202493,0.5344843648623246,0.038121870625650346
0.4055097472477546,0.5611972426810067,0.03329301007123873
0.4515879786560551,0.4998304591219782,0.04858156222196674
0.43237612581447255,0.5499043877887694,0.017719486396758063
0.49575142303674574,0.4700957592642468,0.03415281769900769
0.36851399105067556,0.6032221800278544,0.028263828921469863
0.5198919148537788,0.4457663038141298,0.034341781332091405
0.458388592525293,0.49953567604065663,0.0420757314340505
0.4462351405819614,0.5125985614583605,0.04116629795967807
0.4513605812324166,0.5067501950745819,0.041889223693001534
0.4758498146503458,0.4810140259395243,0.043136159410129764
0.49139613816488925,0.4735900220727764,0.03501383976233439
0.4331457699030596,0.527193032406905,0.039661197690035344
0.4568380652131934,0.5136622995711567,0.02949963521564982
0.44040965785705266,0.5186868734627615,0.04090346868018584
0.478334021082821,0.47816382286630327,0.04350215605087585
0.48331137772645233,0.4806741563180178,0.03601446595552988
0.4582711528779101,0.4969356194302342,0.0447932276918557
0.45191664996590686,0.505941678239421,0.042141671794671896
0.4651502552575504,0.4930103211685592,0.04183942357389036
0.41575403122012644,0.5440819515544594,0.04016401722541397
0.4223753241345682,0.5391897102548866,0.038434965610545116
0.4665837207596276,0.49306071522708494,0.040355564013287396
0.4522681753291548,0.5096099600674786,0.03812186460336671
0.47505787369308594,0.4003347915536094,0.12460733475330471
0.43687545546392875,0.5214193946007926,0.04170514993527872
0.4555234309854093,0.5037171002162402,0.04075946879835047
0.45339828183640446,0.5128717435096146,0.033729974653981115
0.42856163909348033,0.5558933118994108,0.015545049007108801
0.4430086961127403,0.5183511836897984,0.03864012019746127
0.5243666987145998,0.4338827708302362,0.04175053045516388
0.5229797333114581,0.44026393439389927,0.036756332294642674
0.553200140578828,0.41025286109087933,0.03654699833029244
0.39974972678210113,0.5482119970623438,0.05203827615555533
0.4118241312704428,0.5478872273771369,0.04028864135242021
0.47936848485489936,0.4889442655727822,0.03168724957231855
0.4235298758183468,0.5399575747964185,0.03651254938523492
0.447649234102616,0.5214542877489285,0.030896478148455395
0.5436399110056175,0.4256950498046593,0.030665039189723332
0.5211473954769738,0.4344404496329561,0.04441215489007022
0.4340885355739567,0.5273400075377344,0.03857145688830903
0.46940344509471116,0.4896957839674765,0.040900770937812456
0.41490747883380413,0.5527809464302761,0.03231157473591966
0.45388396772115586,0.5155741158589071,0.03054191641993719
0.41724618655359197,0.5434972539924986,0.03925655945390942
0.43268630328368524,0.5253646007951068,0.04194909592120764
0.42469919429182396,0.5334122964604137,0.041888509247762246
0.4299353680364327,0.5273621871433439,0.04270244482022351
0.45870745230560406,0.4994535875854659,0.04183896010893012
0.41067329894888,0.5553370550537763,0.03398964599734353
0.4036434522099279,0.5589360194566262,0.037420528333445585
0.44584935666255543,0.5139040483921052,0.04024659494533934
0.4398274316307445,0.4477319560795665,0.11244061228968898
0.4378240338977422,0.5264560855484826,0.03571988055377496
0.4985502555512959,0.46907469731308604,0.03237504713561798
0.5398549546294121,0.41796702209302455,0.04217802327756311
0.5067639852148733,0.4539473846021981,0.039288630182928434
0.5176987264361647,0.4320906458779512,0.05021062768588417
0.41337560625329417,0.5670619653089938,0.019562428437712123
0.5043498461046487,0.38330389158623807,0.1123462623091132
0.5005907420529041,0.46724946959953845,0.03215978834755724
0.452488164347346,0.5057401906899308,0.04177164496272299
0.4725459948065068,0.4906789336167278,0.036775071576765496
0.43110786553477837,0.5349220106826953,0.03397012378252647
0.41544256758870435,0.5449850010140342,0.0395724313972615
0.5153954453079534,0.45327370655814875,0.03133084813389796
0.5193336046878054,0.454341613078151,0.026324782234043827
0.3997652556849511,0.556887188806167,0.0433475555088817
0.47093769466545526,0.484746992060876,0.0443153132736688
0.4641588928846836,0.4996830025278718,0.03615810458744456
0.4720506441047494,0.49130720699369557,0.0366421489015551
0.4574238575181202,0.5025291414688157,0.04004700101306402
0.4216120022541232,0.5372188924343093,0.04116910531156749
0.5474745192181153,0.4241337994284365,0.028391681353448085
0.43087830400571436,0.5402869789292505,0.028834717065035168
0.4256820885381118,0.5341486434515937,0.04016926801029447
0.5759769027945331,0.3902867511182904,0.033736346087176614
0.5436953193980916,0.42108188977408445,0.03522279082782406
0.42094433408786547,0.5393451805668226,0.039710485345311755
0.432661229036104,0.5327722521729437,0.03456651879095239
0.49302640288678085,0.46833639852923986,0.03863719858397936
0.4267003330331597,0.5371002289481213,0.03619943801871906
0.4429061851276226,0.528353940395324,0.028739874477053354
0.5461809361256831,0.4149008903292413,0.038918173545075686
0.4116707394416924,0.5444327212421205,0.04389653931618689
0.4773527413663891,0.48735260445367357,0.035294654179937386
0.4173398636918408,0.5414718870224541,0.041188249285705
0.49974799998612396,0.46018111409718304,0.04007088591669296
0.5035294064403122,0.4517795155364442,0.0446910780232437
0.4437962787921212,0.5242811497105339,0.03192257149734492
0.4285204366401197,0.530549517771085,0.040930045588795254
0.42997575199671717,0.538008557758644,0.03201569024463883
0.4022751401702764,0.5595946068691442,0.038130252960579425
0.4323662611570928,0.5274355939615776,0.04019814488132969
0.42640177725962797,0.5339601953581102,0.03963802738226193
0.46089084974296496,0.500580112526168,0.038529037730867195
0.46546649693643377,0.4437429803742677,0.09079052268929838
0.45078480646374164,0.5079738639914796,0.04124132954477887
0.24071850671186515,0.4384884330534073,0.32079306023472776
0.5881083499930437,0.3622494636054081,0.04964218640154813
0.41251120664199875,0.546533516945437,0.0409552764125644
0.4354564972763756,0.5227905812470099,0.041752921476614455
0.4465869675140586,0.5123864952622305,0.04102653722371115
0.5323750882982755,0.43461158944214084,0.03301332225958358
0.4198687970400063,0.5423304182173055,0.037800784742688276
0.43943736798948657,0.5279623264415544,0.03260030556895913
0.4367900707821569,0.5307907991129206,0.03241913010492245
0.4482921509717438,0.5097067383205404,0.042001110707715984
0.49083579388821685,0.46869814538574767,0.04046606072603536
0.47529862312317483,0.4904885337251413,0.03421284315168381
0.4989202813755835,0.46464472639298726,0.0364349922314291
0.4025350348686206,0.5613910944293978,0.03607387070198168
0.4378809876428004,0.5231672433708168,0.03895176898638268
0.4958585477468197,0.47016849714030573,0.033972955112874646
0.4852700133482559,0.47353730483365397,0.0411926818180901
0.44626943168190575,0.512237255363198,0.04149331295489629
0.42036507527246536,0.5441261615845,0.03550876314303465
0.4290377587784322,0.5283510065964104,0.0426112346251575
0.44605109596596654,0.5201537943371288,0.033795109696904746
0.48678021544056443,0.47960708028961707,0.033612704269818425
0.4204592691951992,0.5436248250266085,0.03591590577819237
0.45600643618771625,0.4240478078557093,0.11994575595657435
0.4859881165697157,0.47348564815902894,0.040526235271255276
0.5172062552963552,0.45090696418106097,0.03188678052258398
0.4951786343376484,0.46959310921232106,0.035228256450030596
0.5119118246803351,0.44892955297677267,0.039158622342892115
0.4756373987666036,0.4847420106055575,0.039620590627838605
0.4653644718029527,0.4946248064708512,0.04001072172619622
0.4052518769902265,0.5551030164433074,0.039645106566466054
0.4973707697965541,0.46204026150116334,0.040588968702282735
0.5632906440215528,0.39809583778047897,0.03861351819796799
0.42331183146957385,0.533489382122446,0.04319878640797986
0.43464459693350316,0.5295779634723222,0.0357774395941744
0.4513262588542347,0.5080811882827011,0.04059255286306416
0.4671123073369492,0.4934730648417954,0.0394146278212554
0.4192800243077945,0.5401056409569442,0.04061433473526129
0.426572782672799,0.532487643100693,0.040939574226508145
0.4910656324641992,0.4677011143471405,0.041233253188660224
0.46289769868217456,0.4950038983646033,0.04209840295322238
0.5434072779453756,0.3886554358916667,0.06793728616295763
0.41456634665929876,0.5510243207520977,0.03440933258860348
0.5191422632057744,0.44649638991607155,0.03436134687815401
0.5153201694577187,0.4496604917109049,0.035019338831376326
0.4800654196130415,0.47889922576270594,0.04103535462425274
0.42599531289155634,0.5315731437984041,0.042431543310039954
0.4222867455255972,0.5423268791652021,0.035386375309200795
0.4246391006805414,0.5322797264967748,0.04308117282268354
0.4399887372851436,0.5189876763850721,0.04102358632978424
0.4467175283077751,0.5166508838967839,0.03663158779544094
0.4821160214782221,0.47805169403359193,0.03983228448818616
0.5245868997512975,0.4348900987106672,0.040523001538035314
0.4667242943891409,0.4919863445608952,0.04128936104996378
0.42406177576485443,0.5393171953153266,0.03662102891981895
0.40596131628474974,0.5574375049385858,0.03660117877666457
0.512010438860019,0.44458743150227276,0.043402129637708425
0.4736825050154138,0.4855916341403904,0.04072586084419566
0.5058245588717266,0.45976515916355204,0.03441028196472131
0.4252802447156311,0.5342109727889102,0.04050878249545883
0.43830303502679974,0.5213615299516774,0.040335435021522745
0.43622344054998496,0.5324490869409566,0.03132747250905817
0.5242063418630599,0.43700880299516537,0.03878485514177468
0.4847587520358814,0.4813875542860681,0.03385369367805034
0.45178395401586763,0.5156753639462104,0.03254068203792205
0.43955546490655034,0.517461361546933,0.04298317354651674
0.4341472786020684,0.5247672270585949,0.0410854943393369
0.4455639598580141,0.5104522005961006,0.04398383954588492
0.4527216618018305,0.506369730796785,0.040908607401384744
0.4731575225089447,0.4860642531059868,0.04077822438506835
0.45413083168970253,0.5059599398632961,0.03990922844700109
0.4226338597872155,0.5339129341439748,0.04345320606880975
0.4455258695637946,0.5158680828059669,0.03860604763023861
0.4456638073720918,0.512589483795836,0.04174670883207217
0.445430767082527,0.5035812279694359,0.0509880049480372
0.4448192000752299,0.519779855813205,0.03540094411156513
0.5319428048885455,0.4296458646183485,0.03841133049310597
0.44667777653604873,0.5174257301756572,0.03589649328829423
0.43756753034755236,0.5227266930365093,0.03970577661593818
0.4578317339877174,0.5033778680914949,0.03879039792078744
0.43480142807496563,0.5256306695665484,0.039567902358486215
0.42996647019277356,0.5274374101393907,0.04259611966783587
0.4437220305877114,0.5222224953966327,0.03405547401565557
0.5205454479240996,0.44765829446266725,0.031796257613233084
0.5045283023670044,0.4559292942360899,0.03954240339690573
0.47616695003804405,0.4854539674462006,0.038379082515755315
0.4256348435479985,0.5347267695813555,0.039638386870645886
0.5238089505690502,0.43887284222471035,0.037318207206239476
0.42855066142564463,0.5297567695040379,0.04169256907031738
0.5040185678529967,0.45665465397995497,0.03932677816704805
0.42304074057317503,0.532586966190402,0.04437229323642295
0.4859558386180197,0.47320662808869407,0.04083753329328623
0.459258090670827,0.5042855972727553,0.03645631205641749
0.4267640705578508,0.523386400474644,0.04984952896750516
0.5284434632244869,0.4283468599474745,0.04320967682803876
0.4971121350576765,0.4676741985242629,0.035213666418060584
0.4183571807428001,0.5444987219036684,0.0371440973535313
0.5281755364568985,0.43567839948482273,0.03614606405827888
0.38070708255998176,0.5799711798149059,0.039321737625112436
0.4365765807219242,0.5303227605875371,0.03310065869053873
0.5260257597312649,0.43516189006686684,0.03881235020186826
0.49152725799806346,0.47760250598511855,0.030870236016817914
0.4938835990185341,0.4660930893840781,0.04002331159738792
0.4398330279207475,0.5182299393846143,0.04193703269463825
0.46293998494427585,0.49567599012931046,0.04138402492641367
0.41477775874992545,0.5678367594685008,0.01738548178157366
0.47833830396524524,0.4830703509008408,0.03859134513391393
