0,1,2
0.47136008018236164,0.4934934828373204,0.035146436980317795
0.4166930756835647,0.5456471040589681,0.03765982025746723
0.4288322436281074,0.5368647723918575,0.034302983980035305
0.5540974113563163,0.41447048902740796,0.031432099616275654
0.4031103315758926,0.56712982282457,0.029759845599537624
0.5502678833418153,0.4142264172965031,0.03550569936168177
0.419529621568114,0.5471571923154513,0.033313186116434634
0.46483438668041793,0.4982726406910649,0.03689297262851719
0.46220966523218565,0.49885203383164495,0.03893830093616947
0.5571799740035732,0.4036906736301584,0.03912935236626821
0.4339553821854226,0.5281518327761445,0.03789278503843286
0.44307957799531517,0.5226166390101187,0.03430378299456619
0.41738030269031795,0.5491120241061251,0.03350767320355723
0.4420693933735285,0.5224530641617292,0.03547754246474224
0.44037338950479676,0.5207095121705664,0.038917098324636815
0.4511248878875327,0.513943274476264,0.03493183763620335
0.4618532514287569,0.5000740388027142,0.038072709768529035
0.5178273533393103,0.44801572001760476,0.034156926643084784
0.4932751039060446,0.4721818858260256,0.03454301026792987
0.4520658830229793,0.5130014341227587,0.03493268285426208
0.5184886518334257,0.44334018230180794,0.03817116586476645
0.4422600545215247,0.518470062923767,0.0392698825547083
0.4183343952002718,0.5436427193306609,0.038022885469067326
0.49879680487338124,0.4699662170771174,0.031236978049501245
0.4234780225628369,0.5268157417374661,0.04970623569969679
0.4152333764439025,0.5519463597416373,0.03282026381446015
0.4333939713728435,0.5349852301113108,0.03162079851584558
0.4580331339087793,0.4023830250346953,0.13958384105652527
0.4222568208722806,0.5404420541024209,0.03730112502529852
0.5107391784618104,0.45010410255546157,0.03915671898272795
0.4156184099641541,0.5492020959159966,0.03517949411984922
0.45427765255588987,0.511272389098451,0.03444995834565918
0.4202595077693312,0.5435382385902698,0.036202253640398904
0.4796423316506999,0.4816597396968614,0.038697928652438714
0.4388741965320635,0.5232683308286857,0.03785747263925082
0.4771241289164969,0.48416297294865884,0.03871289813484416
0.5043893947655564,0.4584934545630006,0.03711715067144279
0.2173382819273025,0.6502027686730966,0.1324589493996011
0.46941690565730154,0.49076835415926356,0.03981474018343489
0.4482300372347369,0.5154636451000201,0.03630631766524294
0.4233119622321498,0.5374182300959908,0.03926980767185922
0.42675727537965297,0.5371981056930318,0.03604461892731519
0.43919346178000235,0.5239497364654087,0.03685680175458911
0.26787895891662494,0.5596427945132487,0.17247824657012653
0.4681702028634851,0.49590704534810215,0.03592275178841286
0.4136802114798599,0.5475670299090156,0.03875275861112438
0.4661686690862019,0.4961705438807719,0.03766078703302608
0.44724219422832395,0.5154407229623466,0.03731708280932943
0.43826879927051743,0.5240770256782877,0.03765417505119494
0.4114587831925743,0.5500879789645744,0.0384532378428513
0.5563363791786738,0.40649501240912267,0.03716860841220327
0.4903236855805192,0.4723596744449064,0.03731663997457461
0.43513007892653216,0.5284753595468762,0.03639456152659166
0.43339400665597244,0.526905174022073,0.03970081932195465
0.43454921371536426,0.5294564846441955,0.0359943016404404
0.4326256451028926,0.5297832721951964,0.037591082701911124
0.41650848024631737,0.5490221129386351,0.03446940681504739
0.44623972189584815,0.5211550054357543,0.03260527266839747
0.45281718096965573,0.5126953144218938,0.03448750460845057
0.5323807275535445,0.4323921144606779,0.03522715798577759
0.4395265033768636,0.5249363068974059,0.03553718972573049
0.40111859043624143,0.5616010456475545,0.037280363916204144
0.42852160564151387,0.5329516937546483,0.03852670060383775
0.45053604005529,0.5114297672111995,0.03803419273351021
0.41102856146978656,0.5511126576710564,0.037858780859156824
0.4255901850210119,0.5387035988835746,0.035706216095413454
0.4678886198434027,0.4984134746933565,0.03369790546324078
0.43618988122137725,0.525003898486764,0.038806220291858685
0.4191306239165298,0.54104865731225,0.039820718771220405
0.5256501607096257,0.4341219128002659,0.04022792649010854
0.44536499921388717,0.5155122950496996,0.03912270573641306
0.49465426876452084,0.4631490396899833,0.042196691545495844
0.43355576698723464,0.5287955840884095,0.03764864892435574
0.415967156365107,0.5170429215804009,0.06698992205449196
0.4141915898305312,0.5469227639713199,0.038885646198148806
0.4654112997115607,0.4998701257630102,0.03471857452542875
0.5111399178871799,0.4476344271190737,0.04122565499374652
0.4340220612308799,0.5279567927851365,0.03802114598398365
0.43122452003287165,0.5290745331362363,0.03970094683089196
0.5925280095649362,0.36602334929060026,0.04144864114446336
0.42868340315224357,0.5372377525138399,0.03407884433391644
0.43045834078535894,0.5334452139549837,0.03609644525965732
0.4209804841065129,0.544190908112604,0.03482860778088303
0.5213370276350443,0.44573974935818067,0.03292322300677495
0.4460438422820437,0.5144735337382218,0.039482623979734705
0.40285660965492,0.5669587294646614,0.030184660880418657
0.42118123454598055,0.5395746293459917,0.03924413610802809
0.47855187687319667,0.48375355893178734,0.037694564195015975
0.5253731868692625,0.44384915676495423,0.030777656365783224
0.392958976881836,0.5711296038880715,0.03591141923009229
0.4760334259163396,0.48627256944473485,0.03769400463892565
0.4256597754100393,0.5414336249073238,0.032906599682637046
0.426681549138069,0.5443064023855101,0.029012048476421012
0.5627985485779485,0.38691578071730265,0.050285670704748806
0.49779111669748954,0.46675760546800765,0.0354512778345029
0.5768036465545388,0.3865447769164361,0.03665157652902524
0.43063638873840504,0.5328899756966983,0.036473635564896544
0.445083990076716,0.5180269010913647,0.03688910883191925
0.455493264444492,0.5073564872184155,0.03715024833709223
0.43273294368446613,0.5329383328332911,0.0343287234822429
0.42196658187004815,0.5504395283014761,0.027593889828475437
0.4134328854777604,0.5238748682416718,0.062692246280568
0.4551531110679719,0.5058947665147241,0.03895212241730395
0.40295899222053944,0.5626407657283324,0.03440024205112825
0.4011661148044879,0.564912071204357,0.033921813991154966
0.4260418633401499,0.5211496208777433,0.052808515782106775
0.5481735335431102,0.4044125560478894,0.0474139104090003
0.4802700454567988,0.4847072630301803,0.03502269151302087
0.4899049946658976,0.4813117664786591,0.028783238855443313
0.48963295157313796,0.4732166595998612,0.03715038882700077
0.4064546688273415,0.5563443993909977,0.037200931781660944
0.4547230216935489,0.5117518757180471,0.03352510258840407
0.07563952016521237,0.06493782417391672,0.8594226556608712
0.5047348050612576,0.4547502688602725,0.040514926078469814
0.4335038938143185,0.5271353495835691,0.03936075660211237
0.41420949073912633,0.5470353318357375,0.03875517742513606
0.42666123155831015,0.5499102213571299,0.023428547084559968
0.409481075239379,0.5557043688888823,0.03481455587173841
0.4694536712826211,0.495029925464975,0.03551640325240391
0.41307067799276,0.55341015503937,0.03351916696786984
0.42721685973564366,0.5313892033778218,0.04139393688653435
0.40981701278612986,0.5489801142408731,0.04120287297299691
0.47442881490570393,0.4890982902685014,0.03647289482579469
0.47700700634196724,0.4935781479076409,0.02941484575039196
0.4198169032983832,0.5401919525329537,0.03999114416866318
0.4956412947758586,0.47304894953804827,0.03130975568609287
0.4196244383496327,0.540299324317499,0.040076237332868234
0.4467957602270468,0.500536204394861,0.052668035378092094
0.4804787038574859,0.481334512181707,0.0381867839608072
0.4236286363335355,0.5348107368461719,0.04156062682029243
0.4269806957317697,0.5337506367413918,0.03926866752683837
0.425603399856319,0.5345205021522553,0.039876097991425746
0.4470261476238657,0.5143090116562001,0.03866484071993411
0.4088687993619954,0.552069261460943,0.039061939177061744
0.41403961565788217,0.5482919460913079,0.037668438250809906
0.5365206786123868,0.42332552594157596,0.04015379544603711
0.41704212887574427,0.5442344585888026,0.03872341253545328
0.457464978880089,0.5033178983878311,0.039217122732079834
0.4415326592394063,0.5183599630183541,0.04010737774223976
0.4204141396508603,0.5394043220815145,0.04018153826762487
0.4354753003020724,0.5281811914435903,0.036343508254337395
0.42020099676971434,0.5428577388935153,0.03694126433677044
0.5020421656908685,0.4640428118433256,0.03391502246580598
0.43623578620103537,0.5106696222248936,0.05309459157407114
0.5213086209813657,0.4499065053189638,0.028784873699670827
0.46142286536687205,0.5044625665733252,0.03411456805980274
0.4310714114407728,0.5338732541777668,0.03505533438146034
0.44071115624896784,0.5361310205503172,0.023157823200714897
0.5515989165449601,0.416109237219948,0.03229184623509187
0.442864841952889,0.5187923621189359,0.03834279592817508
0.4844794762469831,0.48639362909090245,0.02912689466211442
0.44499298261486014,0.5183759064824026,0.03663111090273733
0.5106434766553506,0.4537222270206763,0.035634296323973164
0.48140552451291774,0.4809902595396655,0.037604215947416725
0.4938739488985567,0.4811440880970367,0.024981963004406436
0.43534680986055174,0.5246507767065905,0.04000241343285784
0.4441960986397572,0.5166421883571929,0.03916171300304998
0.4277961166141901,0.5337134490079342,0.03849043437787561
0.4075922045092562,0.5514904244711069,0.040917371019636974
0.33245522041092884,0.5480493800330305,0.11949539955604056
0.4185874637975406,0.5427139816164621,0.03869855458599726
0.41677215039994037,0.5458314793395209,0.037396370260538735
0.4225551808405646,0.5389599691947672,0.038484849964668076
0.40909654449268074,0.5600144707472535,0.03088898476006586
0.4244979761986955,0.5373939886593595,0.03810803514194514
0.44794838706646795,0.5163624163799254,0.03568919655360664
0.4114304749877152,0.5538041918272902,0.034765333184994474
0.4324005283986405,0.5323424872861413,0.035256984315218065
0.5196168904946394,0.4488841577611543,0.031498951744206284
0.5384577395256563,0.4263758992757683,0.03516636119857541
0.4466538316666389,0.518965617401071,0.03438055093229027
0.4512477826676794,0.4983210596148029,0.050431157717517675
0.4152372381194753,0.5469071314001757,0.037855630480349005
0.4342226339324633,0.5285825646922666,0.037194801375269926
0.46282595788825226,0.5000546351068208,0.03711940700492645
0.40087321062996695,0.5621233318113275,0.03700345755870547
0.4541117799720389,0.506475218611398,0.03941300141656323
0.40689349426462207,0.5549289063261187,0.0381775994092591
0.48297286338601947,0.47820044443551313,0.038826692178467015
0.42903957885161076,0.5128474285247979,0.05811299262359116
0.48979553901514705,0.4704748744961096,0.0397295864887432
0.4324028380527773,0.5276109689506696,0.039986192996553135
0.4288193634270041,0.5356070563900668,0.03557358018292912
0.5310764854817442,0.43458838854210813,0.034335125976147456
0.5152308665237695,0.4556781770366901,0.02909095643954017
0.4097302689265842,0.5523350570806075,0.03793467399280804
0.48140461922376904,0.47960671609929073,0.038988664676940094
0.4797833387623543,0.48821988538867056,0.03199677584897507
0.4416088091928238,0.5196404133933276,0.038750777413848476
0.4577551746827145,0.5058594924287415,0.036385332888544016
0.42748814735455676,0.5346547302853814,0.037857122360062
0.45084557222672583,0.512186205953531,0.03696822181974315
0.485945712214772,0.4792994041256292,0.034754883659598695
0.4713752849441943,0.4978694759412782,0.030755239114527454
0.5043414961906464,0.45833749865943274,0.03732100514992065
0.4140175749838621,0.5415639699239779,0.04441845509216018
0.44342645327326535,0.452738769061646,0.10383477766508852
0.39730833029508766,0.5328407801407143,0.06985088956419794
0.4469874180312753,0.522895513276461,0.030117068692263955
0.42226153125622623,0.5391305415798282,0.03860792716394541
0.3777285820809145,0.5509714990918999,0.07129991882718582
0.42728209083684626,0.5344066622062877,0.038311246956866114
0.4582928040319844,0.5020281603733228,0.03967903559469301
0.431737406213805,0.5303217153048465,0.03794087848134866
0.46948916926434453,0.48156705725977295,0.048943773475882246
0.4805603647068108,0.4785768320869265,0.040862803206262656
0.48690339803206073,0.473586785283074,0.039509816684865286
0.4053261887929345,0.5560365415081532,0.03863726969891221
0.4783050991455619,0.4873387352676679,0.03435616558677008
0.47008328124981624,0.49383731356663785,0.03607940518354607
0.42442676846963895,0.5444031618101833,0.031170069720177714
0.4393151575356481,0.5162727594422893,0.04441208302206238
0.42990822709193954,0.5431844634690812,0.026907309438979194
0.5261565190764864,0.4398837912954782,0.033959689628035285
0.4981985790474663,0.4637145516339007,0.038086869318633206
0.5295387791426531,0.44214923303820647,0.02831198781914033
0.4185441920743569,0.5444068320744114,0.037048975851231875
0.41837933952457185,0.5399524337731633,0.04166822670226503
0.439187507086834,0.5275627239017469,0.03324976901141921
0.41318429146893065,0.5476997419225063,0.03911596660856323
0.39677846126169775,0.5671643930259793,0.0360571457123231
0.45783325350035453,0.5075955366224868,0.0345712098771588
0.555983909686043,0.4086309374799344,0.03538515283402274
0.4132459413686706,0.5470513738022388,0.039702684829090555
0.42264317430357967,0.5410169687445808,0.036339856951839763
0.4746801720904813,0.4985109586522663,0.026808869257252645
0.4570894031639668,0.507449468028071,0.03546112880796226
0.43083835934783155,0.5263281983664639,0.04283344228570465
0.43230020022527077,0.5295978566725491,0.03810194310218018
0.5154156059913971,0.44563135738838977,0.03895303662021296
0.411178532104497,0.5570041753017231,0.03181729259377981
0.41786982496869574,0.5193454139384776,0.06278476109282703
0.4200744947955492,0.5409356410144373,0.038989864190013435
0.42480542343679295,0.5358425611271932,0.03935201543601368
0.46422432734822217,0.5011077311485207,0.03466794150325737
0.50866666092091,0.4516559785399995,0.03967736053909059
0.42902090535410875,0.5355146216902272,0.03546447295566384
0.32467560157882847,0.5228055533735952,0.15251884504757623
0.4453964318206781,0.5160954075229421,0.03850816065637955
0.4359140584457356,0.5264854822962325,0.03760045925803209
0.4333958757012761,0.5354932699668934,0.031110854331830428
0.41183472587263936,0.5548122755256162,0.03335299860174459
0.4300028449838324,0.5328244774338964,0.03717267758227132
0.4643199969468018,0.49621912565227655,0.03946087740092164
0.49160331491522274,0.4689552656783867,0.039441419406390864
0.45169281390400284,0.5171484557943568,0.0311587303016405
0.5071622140856861,0.4617407818404772,0.031097004073836934
0.44476864863390925,0.5174137833283962,0.037817568037694725
0.44582809002514345,0.505399892924846,0.04877201705001048
0.5203274240921313,0.4401490230654127,0.039523552842455935
0.4500835361183609,0.51073833682793,0.03917812705370907
0.44955360342295697,0.5150232275348807,0.03542316904216242
0.5232483065291399,0.44274687179798405,0.03400482167287611
0.41697098334830135,0.5455828491415137,0.03744616751018497
0.42138204622007974,0.542590920562965,0.03602703321695535
0.43326873977705177,0.532036385329398,0.034694874893550304
0.4321248914496521,0.5324072708868762,0.03546783766347165
0.43623978902333055,0.5286645690604166,0.03509564191625265
0.5636578365139048,0.39146808386809695,0.044874079617998275
0.43611403094660517,0.5244139489326527,0.039472020120742135
0.43582353929626894,0.5285690860595227,0.03560737464420822
0.4318944580888925,0.5365113100031946,0.03159423190791245
0.5129819639949641,0.44939315787545975,0.03762487812957623
0.5256812939184206,0.4366281799453014,0.03769052613627825
0.4572816859577057,0.5045393997620439,0.03817891428025045
0.5685663655430782,0.39158396856326333,0.03984966589365861
0.4352945611768971,0.5246824713303713,0.04002296749273142
0.4178530940962246,0.5439500851136875,0.03819682079008782
0.5441460763976315,0.41762741437380024,0.03822650922856805
0.5308401539359334,0.4328259836428882,0.03633386242117829
0.4411336097661578,0.5252998622790936,0.03356652795474848
0.4398930195099144,0.5250958772980464,0.035011103192039275
0.4204716103621965,0.5421442708575984,0.03738411878020512
0.4627751222353559,0.501313932969472,0.035910944795172116
0.47483986540621764,0.48812419811846536,0.037035936475317166
0.439979206263286,0.5201458934433083,0.039874900293405534
0.4618499316349457,0.5003495046670043,0.037800563698050085
0.4173281670305763,0.5417726532339964,0.04089917973542741
0.44942945312280635,0.5130712397864616,0.037499307090732
0.41051453444098207,0.5521737516114692,0.037311713947548605
0.41490003960160315,0.5474262009249061,0.03767375947349069
0.45527426264914156,0.5061013486590964,0.038624388691762004
0.4248038045310673,0.5400359681887998,0.03516022728013299
0.4828472814719067,0.47741984948942856,0.03973286903866471
0.4849123235121339,0.4766220010577714,0.03846567543009466
0.4131988416004408,0.5383616359159065,0.04843952248365273
0.44415021435620927,0.5179571295610126,0.03789265608277809
0.41541118656476544,0.5459531862216676,0.038635627213566885
0.41295225331300695,0.5479240135177816,0.0391237331692112
0.45953485334669775,0.5127353130070512,0.027729833646251145
0.4316998213045782,0.5404290572834646,0.027871121411957356
0.41547461838767846,0.5457410652956999,0.03878431631662164
0.4574272453992637,0.5081391470634803,0.034433607537256
0.5306329355629275,0.43463731829933305,0.0347297461377394
0.48802424349595047,0.4727203949846225,0.03925536151942713
0.4480299670130955,0.5147341306983234,0.03723590228858128
0.44646652587385505,0.5176755517209874,0.03585792240515742
0.402915137266131,0.5580173385068249,0.039067524227044105
0.45679511195418876,0.5032045885204001,0.04000029952541117
0.48110650942295796,0.4829812014408678,0.035912289136174065
0.46509075665301275,0.4956914761112369,0.039217767235750295
0.4354411527277662,0.5274793904053604,0.037079456866873604
0.4302844134158056,0.5296152888654028,0.04010029771879174
0.5523430554162178,0.3913991649685289,0.056257779615253134
0.4756121416518432,0.4908818914922217,0.03350596685593506
0.450043905144071,0.5128249543031705,0.03713114055275831
0.45881685979616516,0.5022587253304062,0.038924414873428764
0.4159873502412646,0.5506134978408376,0.03339915191789784
0.45974143748231766,0.5059113743235528,0.03434718819412937
0.41586701201989373,0.5460651764143205,0.03806781156578558
0.5097199864259805,0.4616907178895097,0.028589295684509748
0.5430043351882894,0.421908594874372,0.03508706993733855
0.4480959864890155,0.5128595903993022,0.03904442311168226
0.4187466306022808,0.5425029378067177,0.0387504315910016
0.4395312735093627,0.523784133941415,0.03668459254922247
0.4796849153983515,0.482519566651472,0.03779551795017648
0.4054579410228766,0.5686229102054932,0.025919148771630228
0.5005510697144654,0.4624278279730388,0.03702110231249602
0.41548418101229057,0.5460973534684507,0.03841846551925873
0.4810383475316665,0.47949221663652764,0.039469435831805726
0.3991921699124959,0.5361198437183322,0.06468798636917154
0.4297654940779491,0.5342267691725274,0.03600773674952348
0.4753012715496442,0.47646923044374645,0.048229498006609486
0.4831074492479531,0.4772438456526967,0.03964870509935024
0.44805910268477567,0.5169332015298655,0.03500769578535877
0.4424836769150799,0.5203532491458538,0.03716307393906644
0.4832032535675454,0.48427299088176134,0.03252375555069323
0.4062027642443333,0.5602514834745855,0.033545752281081156
0.4535880933113223,0.5103023633621028,0.03610954332657476
0.4628209265131402,0.5021550019459222,0.03502407154093767
0.41696727252758614,0.535347284751656,0.047685442720757774
0.5728353146639955,0.38552943762889513,0.041635247707109205
0.45823423382027095,0.5118055392839543,0.029960226895774832
0.41190913020067116,0.5621616934050041,0.025929176394324894
0.32466366136039765,0.43240643849045873,0.24292990014914334
0.4348754188807198,0.5256182953146004,0.039506285804680054
0.4507029911388615,0.5150473773114724,0.034249631549666086
0.5438011714080522,0.41437857373498993,0.041820254856957936
0.49598437183040345,0.4658749293178291,0.03814069885176732
0.5172207709448203,0.45103215196012053,0.03174707709505927
0.4698269922172173,0.49466486367643897,0.035508144106344036
0.4112561816328927,0.5524551157410111,0.03628870262609616
0.47767428130181916,0.4831284224531307,0.039197296245050174
0.46644098474856166,0.5006990605288422,0.032859954722595994
0.5464943093731631,0.42022234726331237,0.033283343363524745
0.40806378871313237,0.5501413575744515,0.04179485371241607
0.42998545244965597,0.5296873979859017,0.04032714956444269
0.4178285893393043,0.5449469994523003,0.03722441120839557
0.41615667445368215,0.5439022168740243,0.03994110867229326
0.41330865388419646,0.5532121571967817,0.03347918891902188
0.44675842462081583,0.5284039739399743,0.024837601439209815
0.4275520923591637,0.5349362267225524,0.03751168091828404
0.4199453190784204,0.5429701127623667,0.03708456815921264
0.4721730607461557,0.4895069292354337,0.038320010018410566
0.45771649126579717,0.5035455168658317,0.0387379918683713
0.4180391037194724,0.5459283078894724,0.03603258839105502
0.4172275106822069,0.5464033977532369,0.036369091564556276
0.47466670797189287,0.48730876072884927,0.038024531299258
0.49614753376617166,0.4664186352670389,0.037433830966789525
0.4407012506929627,0.5225102566218999,0.0367884926851373
0.4190121812914733,0.5413542058310428,0.03963361287748397
0.4653305752708813,0.4956297207015068,0.03903970402761207
0.43507733093342627,0.5252444563326234,0.03967821273395047
0.4308549894106767,0.529533871385632,0.03961113920369109
0.4479559312794144,0.5133535118154943,0.038690556905091364
0.4862019832157821,0.4846189706057958,0.029179046178422006
0.46723642550628514,0.49794302412644076,0.0348205503672741
0.4330593907994767,0.5316596249913192,0.03528098420920369
0.434570337573326,0.5282235786718408,0.03720608375483315
0.5761334104344533,0.3941555702125366,0.02971101935301005
0.5484142369046036,0.340162227713548,0.11142353538184843
0.4323528700012774,0.5349709947780347,0.03267613522068769
0.47269069283131576,0.4877941696056048,0.039515137563079575
0.5247745445555686,0.43935533242003,0.03587012302440133
0.41565723968197016,0.5549372747642338,0.029405485553795952
0.4437967830336307,0.5173570991712985,0.03884611779507078
0.44247326240958357,0.5234458793327936,0.034080858257622665
0.46917154075746925,0.4909937932016569,0.03983466604087388
0.49427430538111916,0.46602811238725944,0.03969758223162107
0.543537129606539,0.41567111702694015,0.04079175336652088
0.5087292238453308,0.4625942973481466,0.028676478806522736
0.44268773483442114,0.5228607839588609,0.034451481206717934
0.4179739035271517,0.5415117714543453,0.04051432501850306
0.49371689872218705,0.46841816815707327,0.03786493312073946
0.5154754295364445,0.4537217305703008,0.030802839893254563
0.4679698144529083,0.43645125920458927,0.09557892634250262
0.47409221712927196,0.49085163965669687,0.03505614321403105
0.44288742919223295,0.5176888047373377,0.03942376607042934
0.4364787041260986,0.5236280218948048,0.03989327397909665
0.49239641782658844,0.47029927479077943,0.0373043073826324
0.41873441614866624,0.5434145839758863,0.03785099987544739
0.43466723464679075,0.5264059798980515,0.03892678545515784
0.418661207111481,0.5449055689183517,0.036433223970167586
0.4269149257915354,0.5382904956463809,0.03479457856208385
0.45508593187199653,0.5019427210709454,0.04297134705705799
0.43086526174696665,0.5302832282645468,0.038851509988486486
0.459762160081621,0.5003444490236949,0.039893390894683675
0.47196613971429197,0.4897310054757274,0.03830285480998076
0.5936664466842003,0.3759809639668358,0.03035258934896406
0.42190352871634357,0.5419160412537807,0.036180430029875685
0.4158313893781565,0.5457883680471002,0.03838024257474348
0.3906729260732833,0.533139964197227,0.07618710972948976
0.4345245159613481,0.5287824466818695,0.03669303735678213
0.4675581915921193,0.4940940841941362,0.038347724213744494
0.43820931272065955,0.5317163955248853,0.03007429175445519
0.5425543518697642,0.4232303045997833,0.03421534353045263
0.40853782066286687,0.5592937767980517,0.03216840253908146
0.518939019061258,0.45339919792107797,0.027661783017664036
0.4383352239099114,0.5256324191572737,0.03603235693281489
0.43526458156365594,0.5199507062525627,0.044784712183781376
0.44994482778533074,0.4657654284664708,0.08428974374819849
0.4154793919960337,0.5481322609050973,0.036388347098869116
0.515735715513423,0.4514195683111402,0.03284471617543671
0.5138594030927325,0.44590478969903363,0.04023580720823388
0.419338170949354,0.5450305834289366,0.035631245621709384
0.4189480586444801,0.5422301397020957,0.03882180165342436
0.4553951554587298,0.510410648482053,0.03419419605921727
0.41670371168152665,0.5460404017725785,0.03725588654589491
0.4212273067536577,0.5043125820626566,0.07446011118368595
0.41409852301962663,0.557049326054716,0.028852150925657405
0.4360223526150724,0.5246184652891083,0.039359182095819165
0.46900847255605055,0.4929569790718541,0.03803454837209556
0.5373548900954485,0.4245620636750466,0.03808304622950493
0.40765233201121204,0.5568012995020493,0.03554636848673872
0.4580140776182645,0.5124494360853317,0.02953648629640374
0.41859091239655805,0.542432614309553,0.038976473293888834
0.4155826146255508,0.5461421796638857,0.0382752057105635
0.3906045331066049,0.572162123301819,0.0372333435915759
0.44228120236405494,0.5228718049561422,0.034846992679802825
0.41844889296885124,0.5442339879212423,0.03731711910990649
0.4658954277780956,0.49481752837252674,0.039287043849377645
0.4240849143294146,0.5386915740997927,0.037223511570792706
0.41286035141145383,0.555746141588509,0.03139350700003742
0.43085184212906397,0.5323813990072306,0.03676675886370546
0.533888888570324,0.43533932239798007,0.030771789031695963
0.45469498449341916,0.48844205286722947,0.056862962639351276
0.40967757023035656,0.5527436573721419,0.037578772397501466
0.41375620373888217,0.546051622091518,0.04019217416960008
0.4429399387584772,0.5240292278895328,0.033030833351989974
0.4660787302562627,0.49747861844682956,0.036442651296908005
0.42884981790942434,0.5374261023067118,0.033724079783863735
0.45697298430034894,0.510427664751259,0.03259935094839187
0.4201445853883579,0.540698768405522,0.039156646206119965
0.16774439639292185,0.47809410639557126,0.35416149721150664
0.5371534111947626,0.4395811530966051,0.023265435708632588
0.42707147018587366,0.534167970753495,0.0387605590606312
0.4137074928548843,0.5486939709515616,0.037598536193554064
0.41072340598166257,0.5530210008955868,0.0362555931227506
0.42585438016725297,0.5353657133267599,0.03877990650598722
0.4403458822777288,0.5166758409838905,0.04297827673838062
0.47884989528997196,0.48588716306311414,0.035262941646914
0.4139311826661125,0.5081548004238551,0.07791401691003261
0.42998979671040816,0.5332547150780443,0.036755488211547414
0.4772255160638278,0.490487693992252,0.032286789943920015
0.41833202935840175,0.5447877022460439,0.036880268395554354
0.45195600324973945,0.5108432139230649,0.037200782827195744
0.47980222768567443,0.48379901350761273,0.03639875880671304
0.4086214276526684,0.5499094172767687,0.041469155070563014
0.4351245633316148,0.5257740763702142,0.039101360298171045
0.41134725426441293,0.5531844520765331,0.03546829365905395
0.46093612844933285,0.5000254537640603,0.03903841778660688
0.44502282532557574,0.516835799321151,0.038141375353273374
0.4334779425394429,0.5309113353973323,0.03561072206322461
0.5177837048679226,0.44949604634929796,0.03272024878277951
0.5245752058354644,0.433677050224311,0.041747743940224645
0.40455276347214736,0.5582387120402892,0.03720852448756342
0.4177854778834495,0.5501171505573661,0.03209737155918424
0.4372110643980433,0.5183106394752466,0.04447829612671009
0.4314020264574752,0.5297268362710654,0.038871137271459334
0.41568521603614017,0.5480188446573103,0.036295939306549355
0.4933345421563756,0.48006850878182195,0.026596949061802464
0.43046955068550125,0.5304720162972489,0.039058433017249795
0.43812067633433316,0.5247576725756055,0.03712165109006142
0.4535417946402493,0.5061182671827507,0.04033993817699997
0.44208496279865117,0.5210388323133228,0.03687620488802586
0.45310376253023144,0.5098656255295857,0.03703061194018281
0.46144144271731485,0.4996290360634326,0.03892952121925258
0.41898946443798313,0.5418179347885442,0.03919260077347271
0.42791729533330575,0.533538960600682,0.03854374406601238
0.4192890550980449,0.5425529411201226,0.03815800378183232
0.49022008879814294,0.4764383252936882,0.03334158590816903
0.41621442956768084,0.5455208772690989,0.03826469316322016
0.4407477043010846,0.523498757637523,0.035753538061392455
0.43086890286955404,0.5331560272088798,0.035975069921566176
0.5263100122069257,0.43876330890193155,0.03492667889114279
0.46839894329006776,0.4921838018096578,0.03941725490027424
0.51914267829277,0.44319465809903485,0.037662663608195
0.42490834680477546,0.5367632148201174,0.038328438375107084
0.4984229342239573,0.47502574118679153,0.02655132458925122
0.5549668061763136,0.41246511865625834,0.03256807516742821
0.5760433329181662,0.3847367493194799,0.03921991776235379
0.44510761982739133,0.5185484342159652,0.03634394595664343
0.4917780256312002,0.4068638039870722,0.10135817038172751
0.45882787766165195,0.5052927165451849,0.03587940579316302
0.4176097700963085,0.5420616048703902,0.040328625033301355
0.440332288756815,0.522400285946864,0.037267425296320975
0.4305986604991837,0.5312648648816061,0.038136474619210076
0.4694544543900707,0.4922804185800902,0.03826512702983891
0.49634856668802396,0.46467520489565306,0.03897622841632299
0.4307420861848292,0.529393132108677,0.03986478170649393
0.417579090205278,0.5471220685118137,0.03529884128290829
0.4154509852256344,0.5452698585320732,0.03927915624229239
0.5643108352080003,0.39477835188998744,0.04091081290201221
0.5393646137738274,0.4205583681018932,0.04007701812427938
0.5323669930250171,0.4305263693097122,0.03710663766527064
0.4564061286803693,0.5038224330584604,0.03977143826117028
0.5551060841288055,0.4194184787468685,0.02547543712432618
0.4371002401473743,0.5304894029951343,0.03241035685749153
0.42289753799815066,0.5393402794089835,0.03776218259286572
0.43055605830304927,0.5351902017972558,0.03425373989969501
0.4238978374812281,0.5392141999514849,0.036887962567287345
0.4170756646529668,0.5446004364518718,0.03832389889516126
0.4527749008618533,0.5069726073373273,0.04025249180081936
0.4181848818794104,0.5461117644228018,0.035703353697787585
0.4215131435071583,0.5413743269552509,0.037112529537590776
0.46045223798757084,0.5025370290156816,0.037010732996747384
0.5123203557648836,0.4478807831765305,0.039798861058585835
0.4173285091765344,0.5434985236935758,0.03917296712988983
0.47931505255294876,0.48571006396364114,0.03497488348341017
0.46244710399758876,0.5001959192246886,0.037356976777722754
0.4784471517523299,0.48293331275958384,0.038619535488086096
0.45900200013130055,0.513297583327694,0.027700416541005503
0.5256014080388202,0.44530439756112467,0.029094194400054955
0.48688310853985106,0.4807976865591914,0.0323192049009576
0.5111775149561388,0.4500922735404309,0.03873021150343006
0.41474713791360346,0.5458449779139576,0.03940788417243907
0.45483969136166713,0.49596545258463515,0.04919485605369771
0.5808407772621021,0.3865125670409484,0.03264665569694933
0.5443204075846213,0.41562363631002125,0.04005595610535748
0.4650265645182266,0.4941144396540701,0.04085899582770349
0.4427942210213251,0.5174284243620427,0.03977735461663214
0.4501398149377017,0.5148095675436364,0.0350506175186621
0.43691481516261393,0.5234476172361814,0.039637567601204786
0.42323131897222555,0.5393069777984237,0.03746170322935062
0.4879428392573606,0.47309126846566985,0.03896589227696938
0.4393572510030036,0.5244968477846729,0.03614590121232358
0.4666440662066028,0.4986130534264196,0.03474288036697774
0.5320484403362934,0.42766484006095257,0.040286719602754255
0.45543718533923827,0.5072003996681863,0.037362414992575546
0.41728707198127885,0.5439147051963549,0.038798222822366016
0.4694636731713334,0.4938393116497006,0.036697015178965973
0.4272505963449838,0.5344434978189121,0.038305905836104215
0.4554439632475607,0.5098150098248487,0.03474102692759052
0.4178069507997812,0.5479936560084011,0.03419939319181753
0.569924736904982,0.39288735121099927,0.0371879118840187
0.4146795731800495,0.5460681906854377,0.039252236134512716
0.4033908719310251,0.5601892346263518,0.036419893442623
0.4772118109420736,0.48426547057032965,0.03852271848759659
0.4262096748887648,0.537587929975597,0.03620239513563852
0.4247802828858082,0.5433124749693813,0.03190724214481014
0.41424479998281166,0.546895153636721,0.03886004638046709
0.473299624374292,0.48969217625891165,0.03700819936679636
0.47169398899513176,0.488340006728162,0.039966004276706095
0.4209510212512299,0.5426709334325444,0.03637804531622596
0.4463721870751417,0.519486936872494,0.03414087605236443
0.41421631855394575,0.547490259431444,0.0382934220146099
0.45513311839853104,0.5066092459919188,0.038257635609549985
0.4774363540962127,0.48496255350110323,0.03760109240268406
0.42945723141476694,0.5315648746837625,0.03897789390147041
0.4362553307654082,0.5301166100937371,0.033628059140854566
0.46080917909123625,0.5034025836276617,0.03578823728110197
0.47465997213487976,0.49021905181745534,0.035120976047664856
0.41924301987364804,0.5482065764698301,0.03255040365652187
0.5626732359423771,0.4022825817648165,0.0350441822928063
0.45436728218772154,0.4743144524742126,0.07131826533806593
0.4634317110350617,0.5079634604492064,0.028604828515731994
0.4627152548123836,0.49712281516994095,0.04016193001767529
0.43453600643388257,0.5385701167581417,0.02689387680797569
0.4067937767701728,0.5597015753892981,0.03350464784052914
0.47967634854281127,0.4802541217428996,0.040069529714289065
0.43522150891560585,0.5360770697692238,0.0287014213151704
0.42290939521122317,0.546953660465321,0.03013694432345561
0.46405447432750924,0.4984961540673994,0.03744937160509128
0.510949495429127,0.4519838014589611,0.037066703111911924
0.44980853468538656,0.5094391075044836,0.040752357810130015
0.3592482851540154,0.40035188292968066,0.24039983191630376
0.41414211627735753,0.5538703978870363,0.031987485835606115
0.5652876218081055,0.39594740198805134,0.03876497620384319
0.5254793076627511,0.43152380036106047,0.042996891976188605
0.46813221173854436,0.4961717657061109,0.03569602255534485
0.5472674787333042,0.418736271975533,0.033996249291162725
0.4547976242390186,0.5071197468471031,0.03808262891387794
0.41128463332406306,0.549173505055164,0.03954186162077294
0.4583580604123033,0.505084483790873,0.03655745579682356
0.4286064614502099,0.5313659033008119,0.040027635248978115
0.4643761170587526,0.4888248449942222,0.0467990379470252
0.48366066031890964,0.4788526034068849,0.03748673627420555
0.2255214816293787,0.4508847565029625,0.3235937618676588
0.44688503909508664,0.5206230984598849,0.03249186244502859
0.45735538529038017,0.507281123266906,0.03536349144271352
0.43653384115391275,0.5267507715833336,0.036715387262753696
0.428555996725904,0.32493650787749684,0.24650749539659916
0.4451182860807509,0.5161524149861435,0.03872929893310561
0.5044845838632391,0.45697891078347136,0.03853650535328958
0.43291660058268777,0.5264541884865597,0.040629210930752536
0.4688924477091766,0.49120694274790544,0.03990060954291815
0.5259819570967994,0.4366796613880642,0.03733838151513652
0.4242538519993295,0.5459652850432368,0.029780862957433776
0.4336706099077993,0.5290378053779851,0.037291584714215564
0.43540023281727275,0.5273687276711719,0.037231039511555354
0.4214036714236326,0.5486716175237768,0.029924711052590626
0.4750160376075608,0.4852861260440505,0.03969783634838859
0.4683182502322234,0.49673565133942943,0.03494609842834691
0.44303233856193436,0.5183057425328484,0.03866191890521722
0.4496467110476316,0.5128859234268226,0.03746736552554564
0.4147777686764524,0.54718010290732,0.038042128416227484
0.4837717812752948,0.48413559458466354,0.032092624140041624
0.41096956224733483,0.55264293893121,0.03638749882145501
0.4124785441704155,0.5482142457801141,0.03930721004947037
0.451245800539079,0.5106036601417301,0.03815053931919091
0.5251893933957966,0.4431682184255449,0.03164238817865853
0.5140448348885184,0.44584155771407724,0.04011360739740422
0.45401095719257545,0.509599638802096,0.03638940400532819
0.41890215603175557,0.5442879776116335,0.036809866356610904
0.4484246584823493,0.5135740784533892,0.03800126306426151
0.45984547088259803,0.491732414554324,0.04842211456307792
0.39684177705596124,0.240491227681839,0.36266699526219986
0.5242121695729235,0.43754446222977234,0.038243368197304006
0.41360898572262045,0.5476279874256977,0.038763026851681724
0.43056805182522695,0.5325267502596768,0.03690519791509642
0.41383792643280426,0.549018325459623,0.0371437481075726
0.4543272442502344,0.5127414983346164,0.032931257415149316
0.39939275141382125,0.47479407622189673,0.12581317236428197
0.5586051127474544,0.3854022686136515,0.05599261863889411
0.4690720769403486,0.4907569441140002,0.04017097894565131
0.4226701977989491,0.5413698699782723,0.035959932222778435
0.501956163272066,0.46182971889345087,0.03621411783448303
0.43448040541577126,0.5270828244210313,0.03843677016319751
0.5234210017507254,0.4484558496298643,0.02812314861941024
0.4201090559162837,0.5327842446794697,0.04710669940424677
0.49088054343614285,0.47086028298872074,0.038259173575136446
0.46118204811979424,0.5089717817714718,0.029846170108733746
0.5056515169629352,0.4528954489876216,0.04145303404944329
0.5107650306052338,0.4556425646137998,0.033592404780966256
0.49536537433993494,0.4622739803571373,0.04236064530292797
0.500158874258044,0.4687629021211214,0.031078223620834636
0.43787949527856607,0.5226142661980455,0.03950623852338837
0.4339984262794266,0.5285997125226863,0.037401861197886896
0.484014722641191,0.4730950402871429,0.042890237071666164
0.4771312348311132,0.482826798984838,0.040041966184048844
0.4296465420972748,0.5381334733832237,0.032219984519501484
0.47757705122697386,0.4833939266490193,0.03902902212400683
0.4149443487200116,0.5427585516406607,0.04229709963932763
0.49509178076311805,0.4661116336670272,0.038796585569854714
0.4335465075160321,0.539885501648197,0.02656799083577116
0.4446390294148497,0.5174952275032555,0.03786574308189497
0.4484138265852526,0.5127962793447727,0.03878989406997461
0.48846805996319453,0.4722484631183027,0.03928347691850253
0.4262855831553507,0.5425488608319231,0.03116555601272595
0.4282335689340861,0.5356075367375842,0.03615889432832971
0.527966225959872,0.4400843322414611,0.03194944179866682
0.43487699146094855,0.5336455170614839,0.03147749147756735
0.41071033872335155,0.5495796955406488,0.03970996573599978
0.5472688371334005,0.41665413688370817,0.036077025982891225
0.444050861501109,0.5215943356459741,0.034354802852916554
0.42779764968797274,0.5336148326386249,0.03858751767340218
0.4282151158938176,0.5357133111809353,0.03607157292524694
0.433821517790945,0.5279115763349612,0.03826690587409345
0.4664334228284592,0.49394963069015635,0.039616946481384425
0.5048053721146109,0.46127314201234026,0.03392148587304877
0.4966858295459062,0.4750031738318957,0.02831099662219811
0.41850427615411817,0.546420662684716,0.035075061161166154
0.545100228585974,0.4237123071362287,0.031187464277797585
0.43802543012162803,0.5255239256570503,0.036450644221321736
0.42449684376585695,0.539360556729604,0.03614259950453863
0.41808971571165604,0.5417715736802846,0.04013871060805957
0.5620545445733275,0.37539364309425316,0.06255181233241909
0.41959364284327766,0.5412087187222522,0.03919763843447005
0.4582489521447705,0.5032140715388403,0.03853697631638925
0.5035514868915693,0.45675679423075194,0.039691718877678556
0.4466790077130543,0.5181505686070065,0.03517042367993907
0.43984871537825826,0.5259212223581973,0.03423006226354435
0.4229290275871791,0.5401807511162653,0.03689022129655535
0.47216175741815813,0.49016467238696887,0.037673570194873066
0.4420753847848644,0.5221018734749819,0.035822741740153805
0.41050569257500413,0.5050085923556323,0.08448571506936381
0.439591086284502,0.4985621589129738,0.06184675480252425
0.4571485915371536,0.5062507273267777,0.036600681136068874
0.4207494337859552,0.5486772129331854,0.03057335328085932
0.4688638781041772,0.49469215577727726,0.036443966118545626
0.5467405409181432,0.41879793474655475,0.034461524335302224
0.4930611844273234,0.46812263660658143,0.03881617896609547
