0,1,2
0.45750359897417847,0.5007801712565698,0.04171622976925158
0.4574560460755775,0.5005812955687484,0.0419626583556741
0.45745601084112375,0.5005606988298105,0.04198329032906554
0.4574927086270854,0.5007750140341392,0.04173227733877551
0.4575278562075614,0.5006427884073612,0.041829355385077496
0.4576219880120346,0.5007573134155554,0.04162069857241013
0.4576809281831151,0.5006834747976681,0.041635597019216784
0.457577915918944,0.5006859212817567,0.04173616279929918
0.45768616254566097,0.5006406161684293,0.04167322128590963
0.45739238717453073,0.5005923773650093,0.042015235460459925
0.4576750679690496,0.5006380474050212,0.04168688462592935
0.4575208726506619,0.5006274951175067,0.04185163223183146
0.45751056650642413,0.5007733702769224,0.041716063216653596
0.4577673291396926,0.5004180055578152,0.04181466530249243
0.45755310103267144,0.5009215133269629,0.041525385640365634
0.4573746995162552,0.5005308146560496,0.042094485827695094
0.45750712102147884,0.500752124315025,0.04174075466349612
0.4574195597654638,0.5005421634968936,0.04203827673764255
0.4574990135780824,0.5007633189198248,0.041737667502092596
0.4575383689477636,0.5006993521495369,0.041762278902699665
0.45752970328017883,0.500727143954774,0.04174315276504729
0.4575458224389722,0.5007120147538147,0.04174216280721316
0.45751571712663613,0.5007669197350781,0.04171736313828583
0.45761033905315696,0.5006592883062839,0.041730372640559274
0.4573405590421518,0.5005497985189722,0.042109642438876015
0.457628584391135,0.5006536725866568,0.041717743022208306
0.45754136153084957,0.5006462064784368,0.04181243199071358
0.4575092920775457,0.5007747780375105,0.04171592988494347
0.4574990192258727,0.5007633102383827,0.04173767053574455
0.4577438159988783,0.5008911714594885,0.04136501254163327
0.4573447766451758,0.5005571508525846,0.042098072502239785
0.45754582029443647,0.5007120166628608,0.04174216304270273
0.4575080702611874,0.5007760596195486,0.04171587011926389
0.45735909472552594,0.5005712199584592,0.042069685316014925
0.45782300061653836,0.5004724424579904,0.0417045569254712
0.45750337343860464,0.5007803535277545,0.04171627303364107
0.4576014838043139,0.5007242804197652,0.04167423577592056
0.4576871402798837,0.500670733935044,0.04164212578507209
0.4574415415611026,0.5005320984414657,0.04202635999743178
0.45746542215653835,0.5005669952287957,0.041967582614665884
0.45763392938901665,0.5004966989760579,0.04186937163492549
0.45751452218994465,0.5007432450176204,0.041742232792435066
0.45765003483649247,0.5006513898574927,0.04169857530601467
0.45782202730075616,0.5008644056808229,0.04131356701842078
0.45767935835522233,0.5006382830130107,0.04168235863176707
0.4576017762205662,0.500774182558246,0.04162404122118799
0.4575816252210475,0.5006548494613028,0.04176352531764981
0.45753844008369493,0.5006971426817072,0.041764417234597846
0.45756708250871053,0.5006173989186417,0.04181551857264768
0.4576255252497655,0.5006552899783037,0.04171918477193108
0.4576913614330342,0.5006562847564916,0.04165235381047405
0.4576696636554086,0.5009107461265762,0.04141959021801534
0.45746828105263326,0.5005690539041705,0.041962665043195936
0.4576895833961768,0.5006640399614759,0.04164637664234736
0.4573396422836399,0.5005424636170784,0.04211789409928183
0.45761466070928386,0.5006340744091272,0.041751264881588875
0.4574124065120684,0.5005394940646244,0.04204809942330713
0.45742590553751833,0.5005375492897746,0.042036545172706954
0.4578469356315107,0.5004706226635768,0.04168244170491279
0.45757939324137054,0.500621476379233,0.04179913037939631
0.45741235778020206,0.5005394769262188,0.04204816529357903
0.4575263860355646,0.5007487061701438,0.04172490779429177
0.45736171717039137,0.5005305505590301,0.04210773227057835
0.4575360249320483,0.5006688167010164,0.04179515836693534
0.45775745495929593,0.5004398271405109,0.041802717900192965
0.45737178238521975,0.5005305933430015,0.042097624271778745
0.45758370302325163,0.5007786089149374,0.04163768806181072
0.45735110609047464,0.5005322926409133,0.042116601268612205
0.4577214080167527,0.5004844897926977,0.04179410219054971
0.45751017704409125,0.5007738081959074,0.04171601476000113
0.457519119180521,0.5006404453556559,0.04184043546382305
0.4575210361254513,0.5006027335040195,0.04187623037052913
0.4573444449987861,0.5005353818784894,0.042120173122724404
0.4576216608002416,0.5007576232191501,0.04162071598060841
0.4574660436731342,0.5007282352211245,0.04180572110574135
0.45745292765070905,0.500619162190213,0.04192791015907785
0.45766837344615385,0.500603991145807,0.04172763540803915
0.4573397030517987,0.5005421531951587,0.04211814375304278
0.457615424449267,0.5007633278876412,0.04162124766309178
0.4575634614757792,0.5006162185184543,0.04182032000576642
0.4575377907886577,0.5007073994184197,0.041754809792922815
0.4615099635334779,0.4982637833859219,0.04022625308060028
0.45753355803874496,0.5006583932139775,0.04180804874727735
0.45771762716227876,0.5003711430077367,0.04191122982998463
0.45744371729496325,0.5005314525911847,0.04202483011385192
0.457619840277371,0.5006361176855834,0.041744042037045515
0.4575101511671322,0.5006106204905164,0.04187922834235126
0.4573952187997117,0.5005938720736801,0.042010909126608195
0.45747153389568657,0.5005714856456286,0.04195698045868474
0.4575340987330693,0.5006068470317763,0.04185905423515441
0.45753199585046145,0.5007345730826438,0.041733431066894734
0.4575895405708923,0.5007803715465416,0.04163008788256611
0.4573460688608501,0.5005343633952329,0.04211956774391684
0.45760963685431033,0.5006644252215026,0.0417259379241872
0.45971765897843947,0.49967774159281125,0.04060459942874928
0.4576216775868192,0.5006604607900378,0.04171786162314291
0.486006866902399,0.4856507506744056,0.028342382423195214
0.4574157006719987,0.5006038379427042,0.041980461385296985
0.4576100277182964,0.5006592504502627,0.04173072183144078
0.4574019413522323,0.5005361423424244,0.042061916305343235
0.4577795540327712,0.5003860774822817,0.041834368484946975
0.45750741233626246,0.50051712905831,0.04197545860542758
0.45759888749953137,0.5007760807080008,0.04162503179246761
0.4576916297380568,0.5006519740371752,0.041656396224767946
0.45749897879662776,0.5007833465604905,0.041717674642881696
0.45768889143842906,0.5006431046029517,0.04166800395861928
0.4573914172140619,0.5005918576712137,0.042016725114724554
0.4575831900637383,0.5007774714886637,0.04163933844759796
0.45749295682296326,0.5005199132973375,0.04198712987969881
0.4573624064926828,0.5005737670078987,0.042063826499418644
0.4575034411020854,0.5006359806442167,0.041860578253698086
0.4575870385476627,0.500679316512791,0.04173364493954639
0.45752661083363777,0.5006390682882215,0.041834320878140895
0.4575084505142969,0.5007756679027993,0.04171588158290406
0.45740497431634125,0.5005987893488061,0.04199623633485268
0.45764610422947566,0.5006427825633623,0.041711113207162115
0.4597115919084997,0.49968223742984264,0.04060617066165755
0.45734941843457705,0.5005625526777184,0.04208802888770452
0.4574998142897767,0.5007621048703387,0.04173808083988465
0.457784098508733,0.5003692669744535,0.041846634516813794
0.45746047133906537,0.5005828928074099,0.04195663585352467
0.45752095370494694,0.5007589564028078,0.0417200898922454
0.45733978967828287,0.5005417793263617,0.04211843099535525
0.4575346618765456,0.5007253159685001,0.041740022154954044
0.4573414414286924,0.5005518164777891,0.04210674209351842
0.457493262070629,0.5006647340809436,0.04184200384842742
0.45734481229711454,0.5005351291783082,0.042120058524577265
0.45734977492535384,0.5005327239693357,0.04211750110531032
0.457585014264621,0.5007624076489955,0.04165257808638375
0.45752692957781554,0.5007475318791393,0.0417255385430453
0.4574248283740576,0.5005380032017582,0.042037168424184465
0.45749241301810417,0.5007757980911299,0.041731788890765724
0.45761478755293505,0.5006341235945853,0.04175108885247988
0.4575372640665261,0.5007198425659315,0.04174289336754246
0.4575133153672465,0.5007700834146034,0.041716601218150115
0.45778568657000185,0.5003576553766771,0.04185665805332121
0.4576902582372624,0.5006453496210181,0.04166439214171958
0.45757814612121117,0.5005269969045155,0.041894856974273004
0.45761413695876724,0.5007000054319427,0.0416858576092899
0.45737204484276844,0.5005804602487386,0.04204749490849287
0.4575871940083779,0.5007805844355696,0.04163222155605243
0.45771418439052575,0.5005231581796241,0.04176265742985008
0.4574954139536584,0.5007693134545328,0.04173527259180892
0.45753727971634967,0.5006764020976583,0.04178631818599183
0.4623891146399743,0.4999231313936731,0.03768775396635258
0.45751777901604224,0.5006221277143069,0.041860093269650796
0.45764309321330193,0.5006608790078756,0.04169602777882252
0.4576782441290356,0.5006881672966068,0.04163358857435747
0.45749204681298944,0.5007768747700342,0.041731078416976444
0.45744832313707434,0.5008082927626691,0.04174338410025664
0.4575328664349949,0.500606458502698,0.04186067506230693
0.45776410390570066,0.5004253639511893,0.04181053214311007
0.45734081687082023,0.5005504454535632,0.042108737675616695
0.4575124130581087,0.5007712006238788,0.04171638631801241
0.45747547402042327,0.5006271558594335,0.04189737012014321
0.45760302745246134,0.5004940675238169,0.041902905023721786
0.4575972188819344,0.5007770855462944,0.041625695571771135
0.45764951195246895,0.5006441009575241,0.04170638709000675
0.45757657338801805,0.5006869220644243,0.04173650454755762
0.45765044518762066,0.500659460282533,0.04169009452984602
0.4575241047275497,0.5007328264899762,0.04174306878247419
0.4575205438619705,0.5007596387248139,0.041719817413215655
0.4575167918449688,0.500765410459948,0.041717797695083075
0.4680989306949175,0.4973170435074756,0.03458402579760672
0.45764939127754806,0.5006508774783829,0.04169973124406905
0.457516308800106,0.5006396697071981,0.041844021492695865
0.45742852968543013,0.5005699374867084,0.042001532827861614
0.45735421756622785,0.5005315117022646,0.042114270731507454
0.4574049269211973,0.5005987662586848,0.04199630682011772
0.45761993560467024,0.5006361560083699,0.04174390838696
0.45749817138277266,0.5005954919314627,0.04190633668576465
0.45753950579567537,0.5007177502823515,0.04174274392197269
0.45769035657445384,0.5006613270628807,0.04164831636266541
0.45736262772904596,0.5005305007500466,0.042106871520907446
0.45741856092053645,0.5006051288312032,0.0419763102482601
0.457593827384909,0.500626425377664,0.04177974723742695
0.45758662169672915,0.5007805240883831,0.041632854214887875
0.45756024050856164,0.5005522856119232,0.04188747387951516
0.457495783287753,0.5007846500979304,0.041719566614316715
0.4576418872575195,0.5006609700285093,0.041697142713971125
0.4575475851074548,0.5007104539599959,0.041741960932549116
0.45759129801769516,0.5006565360632239,0.04175216591908079
0.45749135315851336,0.5007823568219051,0.041726290019581495
0.4575290022611569,0.5006447949742417,0.041826202764601174
0.45753578508562714,0.5007212403063508,0.041742974608022274
0.4579544246718072,0.5008093575840699,0.04123621774412274
0.4576087330948527,0.5004868446056231,0.041904422299524104
0.45760824338335404,0.500659028338042,0.04173272827860393
0.4576880612607205,0.5006421604502836,0.04166977828899602
0.4577777555092295,0.5003914513487137,0.04183079314205656
0.4574843752734025,0.5005821272133472,0.04193349751325012
0.4575923587672763,0.5007794960541775,0.04162814517854616
0.4576183547256877,0.500659265838287,0.04172237943602526
0.45758667204716225,0.5007805317459383,0.04163279620689939
0.4576548180769139,0.5006421833898936,0.0417029985331924
0.4576799545775131,0.5006852149827945,0.0416348304396925
0.4575367580132096,0.5007151299165131,0.04174811207027721
0.45735432824991057,0.5005672343923157,0.042078437357773765
0.45758903632504483,0.5006247583130085,0.04178620536194656
0.45752095823984656,0.5007589487913345,0.04172009296881906
0.45763231212624816,0.500661083972684,0.041706603901067875
0.45738167700451604,0.5005863951591532,0.042031927836330904
0.45748442144791945,0.50063010365968,0.041885474892400326
0.45735292277088196,0.5005659665942144,0.0420811106349037
0.45760897881479295,0.5006591209341258,0.04173190025108124
0.45759138333624755,0.5006565501577631,0.04175206650598911
0.45753555412722136,0.5006665118403661,0.04179793403241259
0.45764440326343203,0.5006475720298016,0.04170802470676659
0.4574109958574806,0.5005466611517357,0.04204234299078368
0.45768353030566966,0.5004025630958933,0.04191390659843712
0.4575277742219579,0.5007456397577466,0.04172658602029544
0.4575192816354851,0.5007616729174239,0.041719045447090854
0.4574482540028159,0.5008096425329566,0.04174210346422736
0.4574051909435107,0.5005371118120608,0.042057697244428455
0.45762869975208353,0.5006398172735045,0.04173148297441196
0.45778108374673326,0.500538516232528,0.04168040002073871
0.45769085569461126,0.5006468904768882,0.0416622538285005
0.4573892566143443,0.5005330014145066,0.04207774197114888
0.457492702537026,0.5005900835825421,0.041917213880431785
0.4576040356738267,0.5007725795795843,0.04162338474658902
0.457339473312103,0.5005443305178255,0.042116196170071264
0.4576191282265708,0.500498878521064,0.04188199325236512
0.45751488372964827,0.5006392722981421,0.04184584397220949
0.457653217230475,0.5006574419479038,0.04168934082162146
0.4576481733371504,0.5007294914214815,0.04162233524136809
0.457340871435579,0.5005505750805478,0.04210855348387336
0.45768899818820497,0.5006658331952142,0.04164516861658067
0.46116180443581317,0.500356013761319,0.03848218180286743
0.45759820324288375,0.5007765016939348,0.041625295063181716
0.45742995658093544,0.5005706277324891,0.041999415686575524
0.457539313174144,0.5006457040705083,0.04181498275534772
0.45758493303208897,0.5007626724557679,0.04165239451214328
0.45750908907427007,0.5006345924723752,0.041856318453354774
0.4576466285510446,0.5006489406955928,0.04170443075336276
0.4574178921835581,0.5005639485162484,0.04201815930019363
0.4576030228973314,0.5007733097805269,0.04162366732214154
0.45750316772886984,0.5007805175473355,0.04171631472379442
0.4577480144031445,0.5004592349897931,0.041792750607062404
0.4574896082498821,0.50058701573859,0.04192337601152768
0.4576533426413147,0.500657174789639,0.0416894825690462
0.4575913550646184,0.5006565454897276,0.04175209944565427
0.4575384670913668,0.5006956333889686,0.04176589951966452
0.4574630413319984,0.5005838037426052,0.0419531549253963
0.4574124427186138,0.5005395068071956,0.042048050474190406
0.4575863159878976,0.5007804667419694,0.041633217270133006
0.45765345423465914,0.5006568048549758,0.041689740910365175
0.4573412616662397,0.5005385358257026,0.0421202025080575
0.4575104469889429,0.500748020803961,0.041741532207095915
0.4575159404627039,0.50076661100968,0.04171744852761612
0.4574952565470375,0.5007847584308057,0.041719985022156875
0.45746105261456127,0.5005639833023917,0.041974964083046996
0.4573410724574954,0.5005510344853369,0.042107893057167625
0.4576913657251798,0.5006562525038964,0.04165238177092356
0.45753177014882007,0.5006524895924549,0.041815740258725025
0.4576341277518932,0.5006508707671171,0.04171500148098978
0.4736404370238504,0.49416522408903574,0.032194338887113996
0.45753743403040864,0.5007104942196183,0.04175207174997305
0.4574811515420394,0.5005223289042913,0.04199651955366944
0.45766720832581737,0.5004919229859278,0.04184086868825493
0.45741954804301027,0.5005404914847584,0.04203996047223122
0.45750562142437107,0.5006409326143708,0.04185344596125799
0.45766833436457144,0.5006386846898072,0.04169298094562138
0.4578785457756119,0.5004803022148778,0.041641152009510504
0.4576421041105204,0.5006471590660895,0.041710736823389986
0.4576882007729919,0.5006680529265397,0.04164374630046862
0.45773932348766505,0.5004763118127918,0.04178436469954282
0.45777930302147246,0.500386852551065,0.041833844427462595
0.4576293997546205,0.5007500369821696,0.04162056326320986
0.4574920637345577,0.5007768215664448,0.0417311146989974
0.4575342109334548,0.5007270810366152,0.04173870802992992
0.4575561461899185,0.5006496594394421,0.04179419437063919
0.45749297045686876,0.5007845908765891,0.041722438666542294
0.4578456758174997,0.5005024009953203,0.04165192318717997
0.4574739996198247,0.5005875776914027,0.04193842268877253
0.4574612977558551,0.5005641481144883,0.04197455412965655
0.45761767542665976,0.5006600963379229,0.041722228235417325
0.4574238969891564,0.5006074804830645,0.041968622527779297
0.45740592185401874,0.5005373387899231,0.04205673935605789
0.45735150847454803,0.5005646369836154,0.04208385454183647
0.457554897698833,0.5006134537664849,0.04183164853468206
0.45754327284306145,0.5007143023752119,0.04174242478172673
0.45982177515910966,0.5007467728405883,0.03943145200030207
0.4574177980094687,0.5006047866459444,0.041977415344587016
0.4574997917935515,0.5007621385403898,0.04173806966605875
0.45751915873971527,0.5007618657467846,0.041718975513499984
0.4578552736891054,0.5004967662880995,0.04164796002279556
0.45765841476466146,0.5006410359061987,0.04170054932913993
0.4575240828044976,0.5007533530323534,0.041722564163149144
0.45787659849274365,0.5004821977169109,0.04164120379034535
0.45754022634407865,0.5007170843050218,0.04174268935089947
0.4576762423479208,0.5004099119343227,0.041913845717756415
0.4577857364583167,0.5003561546248402,0.041858108916843086
0.4576525157922237,0.5006582912905228,0.0416891929172534
0.4575261559058208,0.5007307144130116,0.04174312968116757
0.4573560437358759,0.5005687196524481,0.042075236611676003
0.45755565933099607,0.5007035090156883,0.04174083165331561
0.4576132727795153,0.5007016147440068,0.04168511247647791
0.4575988056527367,0.5004994881870141,0.04190170616024928
0.4574260525214725,0.5006084105023841,0.04196553697614355
0.4575113133051611,0.5007725114680552,0.04171617522678376
0.4577857429713152,0.5003554821797235,0.04185877484896127
0.45769115025816626,0.5003950999013322,0.041913749840501384
0.457696298353531,0.50055512789542,0.041748573751049
0.5970101490044265,0.300177176999819,0.10281267399575444
0.45753749590349807,0.5006780732933729,0.041784430803129005
0.45742094118030047,0.5005427141607491,0.04203634465895051
0.4575827736304347,0.5007751508159329,0.04164207555363232
0.4575095603782069,0.5007490946338641,0.04174134498792906
0.4576531704515439,0.5006549601226647,0.04169186942579115
0.45745950671306457,0.5007483495578048,0.04179214372913046
0.45746703617026085,0.5005681486525568,0.04196481517718246
0.45756181656829675,0.5006984245441544,0.04173975888754895
0.4574228952684981,0.5006070444528751,0.041970060278626785
0.45746573322778694,0.5005847462827901,0.04194952048942298
0.4576034669549169,0.5004935069667991,0.04190302607828402
0.4574922283580252,0.5007841064405216,0.04172366520145312
0.4575919075727035,0.5007796689293674,0.04162842349792902
0.4576455020307294,0.5006606145319314,0.04169388343733905
0.4578657458252236,0.500490228268316,0.04164402590646028
0.45734513559138856,0.5005576239519456,0.042097240456665894
0.45751187488192857,0.5006130431884962,0.041875081929575377
0.45737242415796564,0.5005807062609524,0.04204686958108193
0.45760339691690805,0.5006683240022765,0.041728279080815535
0.45762589277516075,0.5006607750515348,0.041713332173304356
0.45758911074960235,0.5007804542142128,0.04163043503618473
0.4574945878575331,0.5005943422699831,0.04191106987248395
0.4575576811023094,0.5007018200347043,0.04174049886298622
0.45761037200486154,0.5004847914154276,0.04190483657971079
0.45749239258263247,0.5007842490533381,0.041723358364029815
0.45814375710748917,0.5007163344330142,0.04113990845949648
0.45768388093012735,0.5005769551920303,0.041739163877842496
0.4574183348337351,0.5005642426959729,0.04201742247029192
0.4952034376879563,0.4634537774798011,0.041342784832242636
0.45753157562841124,0.5007358284648049,0.04173259590678377
0.45753567855787924,0.5006671014081897,0.04179722003393084
0.4574922581781399,0.5007762360999133,0.04173150572194686
0.4577766946584709,0.5003944564900908,0.04182884885143817
0.45753827890815574,0.5007012299981478,0.04176049109369629
0.45763255048920065,0.5006610907144675,0.04170635879633153
0.45767554721849957,0.5006380438274872,0.04168640895401322
0.4575384194282556,0.5006901966221874,0.04177138394955695
0.4575285348989893,0.500743859119407,0.04172760598160366
0.4573394887096485,0.5005450140497062,0.04211549724064508
0.45763325161395285,0.5006611082876432,0.041705640098403836
0.45733996773939634,0.5005479719245118,0.04211206033609183
0.45752844628989003,0.5007440705287943,0.04172748318131559
0.4576465777172098,0.5006604509351287,0.04169297134766134
0.4575688277215764,0.5006179706010474,0.04181320167737616
0.4575383327765515,0.5007001764112392,0.04176149081220919
0.4574253010550241,0.5006080875421299,0.04196661140284607
0.4573564598906051,0.5005311069374945,0.04211243317190052
0.45764497973346346,0.5004436006964942,0.04191141957004232
0.45787705681798796,0.5004817796843553,0.041641163497656744
0.45746390670748444,0.500584107985667,0.0419519853068485
0.4575895719527858,0.5007803648833022,0.04163006316391198
0.4576097951289392,0.5006592219921127,0.041730982878948296
0.45749128498297065,0.5007804031703929,0.041728311846636605
0.4576334973480317,0.5007458096668875,0.041620692985080684
0.4575124460678267,0.5007456470859043,0.041741906846269036
0.4575518632631452,0.5007067334377342,0.041741403299120544
0.4575829473690371,0.5007765301753735,0.04164052245558934
0.4575237412531584,0.5006329686405453,0.04184329010629619
0.45753438348633674,0.5007264177988505,0.04173919871481272
0.45733953909671504,0.5005431781563099,0.042117282746975
0.4575835924017868,0.5007784156223196,0.041637991975893705
0.45734403610061186,0.5005561310787535,0.04209983282063476
0.45741992694832884,0.5006057377349403,0.04197433531673101
0.4574828424763965,0.5005905233993231,0.04192663412428034
0.4577745826529694,0.5004777156202236,0.041747701726807106
0.4575006362997331,0.5005986521577988,0.04190071154246834
0.45750844311455086,0.5007504679239201,0.041741088961529255
0.4650142685424051,0.4952030190332533,0.03978271242434149
0.4575163614223729,0.500621695118444,0.041861943459183135
0.45762974680592367,0.5007496844795898,0.04162056871448641
0.4574315708774516,0.5005353671935328,0.04203306192901548
0.4619123881560998,0.5000984294490218,0.037989182394878585
0.4578811650363739,0.500475083840677,0.04164375112294902
0.45762294830803396,0.500660563562305,0.041716488129661194
0.45758600309788483,0.5006800491106104,0.04173394779150469
0.4573948770449492,0.5005936934007934,0.04201142955425747
0.45736404972388595,0.5005304468071038,0.042105503469010284
0.4575545370281136,0.5006133380511483,0.041832124920738234
0.45742903784503136,0.5005461720654074,0.04202479008956113
0.4575247977517214,0.5006351318758852,0.041840070372393345
0.4575894974219823,0.5007803805734258,0.041630122004591735
0.4602279551895806,0.4992912912979917,0.0404807535124276
0.4574146688821428,0.5006033668416666,0.04198196427619086
0.45734727445414236,0.5005337442269172,0.04211898131894053
0.4575314473598017,0.5006515153621239,0.04181703727807436
0.4576183415421667,0.5006601610584165,0.041721497399416704
0.457643224781073,0.5006468922592378,0.041709882959689325
0.45750310258581633,0.5007805690415669,0.041716328372617115
0.46828056431509774,0.4921480859348709,0.03957134975003139
0.4573407566829858,0.5005502997416824,0.042108943575331875
0.4575764250371059,0.5006768093887536,0.04174676557414051
0.4574114169386075,0.5005461975282013,0.04204238553319122
0.4575201984464885,0.5006262825172358,0.04185351903627563
0.45751644818016496,0.500619960078221,0.04186359174161402
0.45758479222690535,0.5007631385748883,0.04165206919820633
0.45764668268193665,0.5006452203355035,0.04170809698255976
0.457525944096217,0.5006042784029919,0.04186977750079121
0.4575292676792413,0.5007420675799089,0.04172866474084993
0.45741286271714293,0.5005600028983246,0.04202713438453244
0.4575241471102841,0.5006337892575179,0.04184206363219766
0.45777848522568193,0.5003400283383249,0.04188148643599306
0.45758516695412244,0.5007619173766777,0.041652915669199764
0.45740891598442845,0.5005542077368249,0.04203687627874678
0.4575881122722814,0.5007536275892464,0.04165826013847224
0.45748603272278887,0.5006306217611857,0.04188334551602549
0.45734842135332054,0.5005332376910664,0.042118340955613245
0.4574161254639876,0.50054084382456,0.04204303071145263
0.4575670722201269,0.5006942203776834,0.04173870740218956
0.45750844003039265,0.5005169371668092,0.041974622802798255
0.4573943762778404,0.5005341421892485,0.042071481532910994
0.45749129207889394,0.5007819559963383,0.041726751924767776
0.4575443816140397,0.5006469366785017,0.041808681707458425
0.457535239325001,0.500722887506498,0.04174187316850118
0.4574828827235117,0.5006296052963045,0.041887511980183936
0.45763805881203645,0.5006441584500961,0.04171778273786746
0.4575093868210212,0.5007493064563071,0.04174130672267144
0.4576233880768965,0.5006830634538196,0.041693548469283644
0.4575584542193184,0.5007011792590623,0.041740366521619235
0.45758279886419834,0.5007727040816433,0.04164449705415831
0.4575383604948708,0.5005116214991739,0.04195001800595517
0.4574136143225676,0.5005399233803,0.04204646229713242
0.45764558352253515,0.5006456718801716,0.041708744597293075
0.45753828608596475,0.5007010987662187,0.04176061514781672
0.45778036786883114,0.5003834962741093,0.04183613585705957
0.45760167082540376,0.5006581393803641,0.04174018979423233
0.45746802909911666,0.5008837440627708,0.04164822683811251
0.4575236163510753,0.5006327186044107,0.04184366504451365
0.4576327056463101,0.5006610948962312,0.041706199457458744
0.4575344830252881,0.500726028495381,0.04173948847933096
0.4574884778224724,0.5005859289898971,0.04192559318763075
0.45745819106045454,0.5005620948408087,0.041979714098736826
0.45742315313966464,0.5005436196614467,0.04203322719888852
0.4574591798009636,0.5007494618227828,0.041791358376253536
0.457492263035925,0.5007762220154202,0.04173151494865486
0.4574557449719763,0.5005811854398469,0.04196306958817685
0.45753646120129005,0.5006711631981603,0.04179237560054963
0.45765841722195705,0.5007169003358699,0.04162468244217271
0.4574161969598277,0.5005627605803235,0.04202104245984861
0.4575770218507174,0.5006865869319315,0.041736391217351225
0.457418835032312,0.5006052514054588,0.04197591356222894
0.45769078390908524,0.5006466712407616,0.04166254485015312
0.45770152924415475,0.5003853210079413,0.041913149747904055
0.45894909853055105,0.5002236744152947,0.04082722705415422
0.4575378931653795,0.5007063663692202,0.04175574046540042
0.47359821074260117,0.49419103787305785,0.032210751384340985
0.4575912541787139,0.5006763788717777,0.04173236694950853
0.4578804033852846,0.5004735450884967,0.04164605152621849
0.4574913149354129,0.5007821310218866,0.04172655404270038
0.45734082320634506,0.5005504606217236,0.0421087161719314
0.4576534973159605,0.5006561366217225,0.04169036606231698
0.45763224080018,0.5006413931111312,0.041726366088688814
0.457734790252894,0.5008938987388474,0.04137131100825869
0.4576781018478639,0.5005870499751912,0.04173484817694468
0.45753835553438715,0.5006884391333046,0.041773205332307814
0.4575458524455276,0.5007119880436177,0.04174215951085466
0.4574264380339081,0.5005450186045639,0.042028543361528024
0.4576852014861798,0.5005746437791506,0.04174015473466942
0.4575828276674075,0.5007757512229669,0.041641421109625515
0.4574622049839596,0.5005265826163082,0.04201121239973217
0.4575157430609394,0.5006395122696006,0.04184474466946022
0.45765934852474344,0.5006196872987553,0.04172096417650133
0.45753262179482257,0.500512605641941,0.04195477256323659
0.4575705157198914,0.5006915310909562,0.04173795318915227
0.4576641180432309,0.5006395176787816,0.04169636427798747
0.4574920724197288,0.5007767944145084,0.041731133165762775
0.4579153551146122,0.500826642259182,0.041258002626205735
0.4576864784485899,0.5006408290716009,0.041672692479809315
0.4575552061429066,0.5006494491093273,0.041795344747765875
0.457339867880431,0.5005475767744986,0.04211255534507046
0.45734962569471677,0.5005627666599222,0.042087607645361146
0.45734993441933863,0.5005630822109405,0.042086983369720846
0.45753832005919015,0.5006876687744312,0.04177401116637858
0.4575150782939264,0.5007426116284658,0.04174231007760767
0.457376621258059,0.5005833569910854,0.04204002175085559
0.4575106647700006,0.500638079540886,0.041851255689113145
0.4575833138303495,0.5007690110034145,0.041647675166236055
0.4578231261897306,0.5004724308830082,0.04170444292726121
0.45742157638972175,0.5005429711968132,0.04203545241346496
0.4597156062506545,0.49967926299373544,0.040605130755610265
0.4573879314452509,0.5005327355346859,0.04207933302006316
0.4574647545714601,0.5005259760088528,0.04200926941968692
0.4576500378138607,0.5006438999922237,0.041706062193915656
0.4575365315572298,0.500671564927436,0.04179190351533435
0.45758274819057154,0.5007745985744129,0.041642653235015724
0.4574949303513549,0.5007848047424912,0.04172026490615409
0.45757769328882714,0.5006860867253482,0.041736219985824566
0.45741105381214714,0.5005390236026546,0.042049922585198116
0.4574928199405256,0.5007845211216171,0.04172265893785737
0.457538262457955,0.500686585259449,0.04177515228259569
0.45753543985504586,0.5006659815684934,0.0417985785764607
0.4576712410942104,0.5006992359961643,0.04162952290962539
0.45756575517698445,0.5006169653549262,0.04181727946808948
0.4576391385787915,0.5006447032194502,0.041716158201758294
0.4577174971383098,0.5003712521639517,0.04191125069773876
0.4576341101603788,0.5009799436491216,0.04138594619049972
0.4575214208499509,0.5007581650299167,0.041720414120132596
0.45751053056848306,0.5007734109715368,0.04171605845998032
0.4577800165531903,0.5003846241073802,0.041835359339429404
0.45767652142513937,0.5006910259293293,0.04163245264553127
0.4578296705934965,0.5005114668091873,0.04165886259731609
0.4575017212210454,0.5007816088204875,0.041716669958467366
0.4573959776678358,0.5005345349419492,0.04206948739021487
0.45735968939122473,0.5005716890278376,0.04206862158093767
0.4575551093834555,0.5006494273878226,0.04179546322872183
0.4575527057203674,0.5007060117381577,0.04174128254147509
0.4574738078606084,0.5005732448064151,0.041952947332976796
0.45758320105473693,0.5007775046021534,0.041639294343109555
0.45850996719952186,0.5009981394208823,0.04049189337959582
0.4574587537292719,0.5005624610747679,0.041978785195960294
0.4575244710248697,0.5007526040932725,0.04172292488185782
0.4576264285630582,0.5006775858825535,0.041695985554388214
0.4575459362549676,0.5007119134673721,0.04174215027766023
0.4573450387815114,0.5005349804405026,0.04211998077798599
0.45756071380563695,0.5006506631241886,0.04178862307017422
0.4574917420452625,0.500783472293571,0.041724785661166386
0.4576429894307004,0.5006467725657772,0.041710238003522374
0.4575318215469058,0.5006526469618223,0.04181553149127203
0.45748928049426096,0.5006316544947086,0.04187906501103023
0.4574934742103359,0.5007847520644076,0.04172177372525629
0.4573397064742628,0.5005421371054659,0.04211815642027132
0.457549692126797,0.500648189922326,0.04180211795087699
0.4575357345005174,0.500667370816866,0.041796894682616506
0.45762055976193794,0.50066036504408,0.04171907519398214
0.45742849982653383,0.5005365114457315,0.04203498872773453
0.4576557904809346,0.5006418601525165,0.041702349366548666
0.4575902974429503,0.5007482456128032,0.04166145694424662
0.45811532864556037,0.5007311379920057,0.04115353336243382
0.4725087594701917,0.4880044942533367,0.039486746276471314
0.457351310037492,0.5005322322675787,0.04211645769492897
0.45752992632634804,0.5007269227457476,0.0417431509279043
0.4576100272132207,0.5007679259314697,0.041622046855309625
0.45749126432190773,0.5007816431773152,0.041727092500777226
0.45734158159773264,0.5005380942301287,0.04212032417213861
0.45785233744546916,0.5004703710432369,0.04167729151129386
0.4575205578775818,0.5007596155725227,0.04171982654989545
0.4576545848355566,0.5004937153826662,0.041851699781777364
0.5761389375177365,0.33653377925328326,0.08732728322898027
0.45740906877255466,0.5005546789034667,0.04203625232397885
0.45774524323048904,0.5004647487724159,0.041790007997094994
0.45765638120114793,0.5006149801734592,0.04172863862539289
0.45745079169364683,0.5005575012833625,0.04199170702299052
0.4577768698293345,0.5003395169744033,0.04188361319626205
0.45758848898473875,0.500678297631067,0.04173321338419427
0.45749464746785967,0.5007707628636807,0.0417345896684596
0.4574973560776309,0.5007659505008352,0.04173669342153399
0.4573961574144231,0.5005943604168471,0.04200948216872986
0.4575845496843143,0.5006232201333669,0.041792230182318514
0.45748142878957127,0.5005795255519554,0.041939045658473534
0.45760486328192007,0.5006585845584165,0.04173655215966347
0.4576292532405097,0.5006609655633938,0.04170978119609634
0.45743619034361627,0.5005495599520742,0.04201424970430945
0.45765124227758625,0.5006524600333501,0.04169629768906358
0.4576677520811458,0.5006050719280901,0.04172717599076414
0.45733967612006826,0.500542284567904,0.04211803931202784
0.45762300477782275,0.5006566586666891,0.041720336555487895
0.457481505798045,0.5006896657297168,0.04182882847223837
0.4575853035075688,0.5007801137378644,0.04163458275456682
0.5160479750899339,0.437644124865236,0.04630790004483004
0.45751168192855146,0.5006127674034179,0.04187555066803049
0.4574657891295523,0.5007289581737894,0.04180525269665832
0.45765311136267595,0.5006548374180726,0.04169205121925123
0.4576345302316948,0.5006424513187447,0.04172301844956049
0.4574189630549246,0.5005408021731732,0.042040234771902336
0.4575626521665818,0.500697747923436,0.04173959990998206
0.4611049426489017,0.5003745219606962,0.03852053539040215
0.4574939102644688,0.5007848214878388,0.04172126824769256
0.45761676215152786,0.5006600051088371,0.04172323273963478
0.4575203745929564,0.5007599173377614,0.04171970806928237
0.4576704451886485,0.5007004146896759,0.04162914012167581
0.45738319670840016,0.5005872791151816,0.04202952417641825
0.45749983530327304,0.5007828549214475,0.04171730977527953
0.4577042070405539,0.5003828750723796,0.04191291788706657
0.4574429725033467,0.500553071758843,0.042003955737810114
0.4574959550524222,0.5007683378390546,0.04173570710852305
0.4575282806112455,0.5006429926129764,0.04182872677577825
0.45751863416681676,0.5007626787736151,0.04171868705956808
0.4575058958180812,0.5007536926176804,0.04174041156423847
0.45758775282443037,0.5007545588067228,0.041657688368847035
0.5184438222386429,0.45540472605096477,0.026151451710392164
0.4575329332778829,0.5007316028599424,0.04173546386217486
0.45763027053838345,0.5006528023341312,0.04171692712748534
0.4578602295206626,0.5004937442193145,0.04164602626002277
0.4574985785582339,0.5007835585218474,0.04171786291991889
0.45744805616267464,0.5008171965339964,0.04173474730332903
0.4576701703303679,0.5007008186570749,0.04162901101255717
0.4576916251554184,0.5006517748660387,0.04165659997854291
0.4577194268368459,0.500369641923945,0.04191093123920903
0.4574874615732128,0.5005210195899693,0.041991518836817954
0.45767732930338173,0.5006896984333136,0.04163297226330495
0.4575185891546945,0.5007627477877438,0.04171866305756177
0.457437997034406,0.5006133721247924,0.04194863084080166
0.4575222531108192,0.5006300618199491,0.041847685069231734
0.4575649531681625,0.5006959008071495,0.041739146024688104
0.4576914010428344,0.5006492377786808,0.041659361178484726
0.45751270910722797,0.5007453393442811,0.0417419515484907
0.4575180344540327,0.5006225528392054,0.04185941270676166
0.45741256626876775,0.5005450903190246,0.04204234341220776
0.457528153852177,0.5007447606577132,0.04172708549011011
0.45753566152986125,0.5006670199528168,0.04179731851732177
0.4575225676131966,0.5007561577035767,0.041721274683226714
0.4576599380686486,0.5006405917420821,0.04169947018926929
0.4575458312560272,0.5007120069048233,0.041742161839149555
0.45774344801440664,0.5004682845658881,0.041788267419704955
0.4575943389300658,0.5007391020756254,0.04166655899430885
0.45753047228828075,0.5007389366525945,0.04173059105912484
0.45753508632025625,0.5006071585450886,0.04185775513465498
0.4574929762835735,0.5007743494878852,0.041732674228541176
0.4573956488845227,0.5005344529387546,0.042069898176722395
0.45751960457796836,0.5007375964963037,0.041742798925728096
0.4575209477899546,0.5006276318667986,0.04185142034324667
0.4575511571635309,0.5005094756395219,0.0419393671969469
0.45765277487944966,0.5007239715381683,0.04162325358238198
0.4574449222683364,0.5005770743359365,0.04197800339572707
0.45763382058984486,0.500745470144452,0.04162070926570308
0.4576709390694277,0.5006383222474003,0.04169073868317163
0.4573614850858228,0.5005305652458958,0.04210794966828154
0.4575912421369946,0.5007460323082389,0.04166272555476653
0.45764370346048555,0.5004450475355945,0.041911249003919876
0.4574920695864716,0.5007768032615153,0.041731127152013034
0.4576873817144325,0.500670145261173,0.04164247302439424
0.4576454191797503,0.5007326983820933,0.04162188243815641
0.45739774651480225,0.500595179428751,0.04200707405644674
0.4576390482982897,0.5009165600361094,0.04144439166560063
0.45751528145134546,0.5006393834887691,0.04184533505988521
0.45758305401342864,0.5007770045337048,0.041639941452866515
0.4575283958049405,0.5006432756429949,0.04182832855206453
0.45758754420173503,0.5007805952389861,0.04163186055927896
0.4576815520874954,0.5006823335770633,0.041636114335441336
0.4573730625298004,0.5005306803396301,0.04209625713056944
0.45764451599907313,0.5006461189846199,0.04170936501630707
0.4577705077208177,0.5003393617759752,0.041890130503207244
0.45744666376360815,0.5006167850694572,0.04193655116693461
0.45755391024456205,0.5006131370841945,0.04183295267124344
0.4574330969945145,0.5005348269904967,0.042032076014989
0.457343609893754,0.5005555130580083,0.04210087704823762
0.45749857262220733,0.5005188115676774,0.04198261581011526
0.4576667710958973,0.5007056946302995,0.04162753427380319
0.45750605838528424,0.5007780240395814,0.04171591757513415
0.45749144530358526,0.5007827442482462,0.041725810448168574
0.4574317706587307,0.500547429057749,0.042020800283520156
0.45753685723018317,0.5007145169049869,0.041748625864830066
0.4575375530564419,0.5007095316516299,0.04175291529192803
0.457525815792173,0.5007499043308108,0.04172427987701628
0.45745604261875716,0.5005607189173911,0.04198323846385194
0.45764046616543025,0.5006453903300844,0.0417141435044851
0.45737722800567454,0.5005837300412443,0.042039041953081085
0.4574530737605578,0.5005801995162505,0.04196672672319153
0.5117107693178115,0.4433419182574308,0.044947312424757725
0.4575521680834187,0.5007064719023869,0.041741360014194616
0.4576202391479968,0.5006603366910233,0.04171942416097974
0.4574971419191332,0.5007842137695233,0.041718644311343485
0.45755576097164175,0.5007034236419916,0.04174081538636664
0.4575128803238026,0.5007706268149984,0.041716492861199
0.45752636740300767,0.5007487458554615,0.04172488674153098
0.4576527974375994,0.5006580184767946,0.041689184085606026
0.4575179154070354,0.5006223543342972,0.04185973025866717
0.457672582314104,0.50069721809713,0.04163019958876595
0.457529650681208,0.5006464778017921,0.04182387151700005
0.4574912975781149,0.500780267112793,0.04172843530909203
0.45738073061983503,0.5005315160813284,0.04208775329883681
0.4574857127999878,0.5005914651037832,0.04192282209622902
0.4575990413085379,0.5006711431992334,0.04172981549222869
0.45749954432851636,0.5007625105452017,0.04173794512628177
0.4574499942468582,0.5007912266139698,0.04175877913917179
0.45749191648913906,0.5007837478856038,0.04172433562525703
0.457528646856207,0.5006438985168433,0.04182745462694984
0.4574962131033732,0.500767884214421,0.04173590268220597
0.45735473121534576,0.5005675890728677,0.042077679711786484
0.45749129525099036,0.5007819830626298,0.04172672168638001
0.4576264109107952,0.5007530297637554,0.041620559325449356
0.45778046781450427,0.5003411022884545,0.04187842989704131
0.457493762294305,0.5007848041002474,0.04172143360544746
0.4576234371236433,0.5006564216242552,0.04172014125210152
0.45764689551825294,0.5006491142003708,0.041703990281375856
0.45763786576135135,0.5006490816601216,0.04171305257852689
0.45749268658249687,0.5005900674001494,0.04191724601735378
0.45734686991280726,0.5005339411242352,0.04211918896295758
0.4574892367746155,0.5008823259702622,0.04162843725512224
0.4575291238288417,0.500727720401824,0.04174315576933427
