0,1,2
0.4594425064920839,0.4988029947637552,0.041754498744160894
0.4594625086576485,0.49869502539790916,0.041842465944442506
0.45939783959156877,0.4989881846616628,0.041613975746768235
0.45012741665257255,0.5080694907462671,0.04180309260116056
0.4652241609086044,0.5041719410999445,0.030603897991451214
0.4614769981709833,0.49644859312676776,0.04207440870224904
0.4586256177758619,0.4996389290189232,0.041735453205215114
0.45754264887723284,0.5010740696935578,0.041383281429209336
0.45850660601135634,0.49960347144643324,0.04188992254221046
0.461533438401106,0.4964573756750359,0.04200918592385815
0.44778669620821876,0.5103976275608179,0.041815676230963376
0.4614471697417101,0.4965973425538626,0.04195548770442727
0.46146627486771336,0.4977150053834142,0.040818719748872724
0.4599613518524203,0.49857464651957023,0.0414640016280096
0.4610286539530076,0.4973329694072826,0.04163837663970983
0.45214134880360796,0.5055910061494823,0.042267645046909885
0.45210546506559696,0.5060498031067663,0.04184473182763667
0.45632601806353607,0.5018589023254745,0.0418150796109894
0.4611737965600927,0.4969437082112006,0.041882495228706636
0.45445396600128307,0.5036108741433757,0.041935159855341006
0.4611175490273842,0.497143278346806,0.04173917262580963
0.4606532205099312,0.49792133003772615,0.04142544945234275
0.45711291527375525,0.5017397250629485,0.04114735966329612
0.46136683274534973,0.4966776474090715,0.04195551984557876
0.4611974706004768,0.49690364282785265,0.04189888657167052
0.4630565838089767,0.49880524379109287,0.03813817239993021
0.46081758300543363,0.49757882770634676,0.04160358928821976
0.45653674252011955,0.5014188937101476,0.04204436376973286
0.4661903531117322,0.5048649237648711,0.02894472312339666
0.4606725371569812,0.4975927414923336,0.04173472135068521
0.46126304046787164,0.49685324045421486,0.041883719077913294
0.4605809388073142,0.4973971159654401,0.042021945227245734
0.45951814951765907,0.49871328707316703,0.04176856340917374
0.4530250423669611,0.5051971806335293,0.04177777699950952
0.45383134766379035,0.5040227433801189,0.04214590895609065
0.4615758876377927,0.4971092903573068,0.04131482200490034
0.4612462954396551,0.49716873114153476,0.04158497341880998
0.46122033739711854,0.4988834298513681,0.039896232751513445
0.4509536822043565,0.5072142067587948,0.041832111036848814
0.4504053010432526,0.5076236052871176,0.04197109366962974
0.4608250683401054,0.49741183234285985,0.04176309931703463
0.4586551187014523,0.499794636373083,0.04155024492546484
0.4605454505068636,0.497384377069478,0.042070172423658465
0.45690245898259374,0.5013913636754721,0.04170617734193426
0.45805833571652804,0.5002878172731561,0.041653847010315714
0.4600799675960432,0.49795595457817204,0.041964077825784804
0.4677503740752665,0.5061450513079658,0.026104574616767726
0.46070765538395764,0.49749682861158656,0.041795516004455684
0.46076681588763724,0.49713895479006726,0.04209422932229568
0.4606799126937397,0.4977638463259087,0.041556240980351516
0.453915435428909,0.5042513095197745,0.04183325505131652
0.45155671824342863,0.5063710380935205,0.0420722436630507
0.45771210754305686,0.501150635354002,0.04113725710294122
0.46106623548514714,0.49719153242920977,0.041742232085643254
0.4612368375610623,0.4967859192444482,0.04197724319448962
0.45860531239057606,0.4992263323574114,0.04216835525201279
0.4587858306634626,0.4995895780374946,0.04162459129904275
0.4608703524428796,0.4972141699989295,0.041915477558190965
0.4596794159349897,0.4988069398063501,0.04151364425866025
0.4593997813144576,0.49880866505377364,0.04179155363176869
0.45941563460538193,0.49906824129443633,0.0415161241001816
0.4608900117222097,0.4971956030415851,0.04191438523620541
0.4581566123172908,0.49969345856014413,0.0421499291225652
0.4607013247352188,0.49759546643413666,0.04170320883064474
0.4630524198191725,0.49875242580351686,0.03819515437731073
0.4584805389861738,0.49988073227480617,0.041638728739020164
0.4665128695062409,0.5059992814904171,0.027487849003342023
0.4611168450596964,0.49690106587846544,0.04198208906183804
0.4612601755756787,0.49690656923064463,0.04183325519367654
0.45971653731404133,0.4985303773361573,0.04175308534980151
0.45926225050906644,0.49861827660470964,0.042119472886223884
0.4596714706915873,0.49850849281377535,0.04182003649463736
0.4525495820218442,0.5051429413977689,0.04230747658038683
0.46063231249880204,0.49828090681069515,0.041086780690502804
0.46145216714756626,0.49664063349568277,0.04190719935675108
0.4612527757016364,0.4968861226533847,0.04186110164497879
0.46132675586348093,0.4970157645892247,0.04165747954729439
0.458308880391718,0.49996636298403796,0.041724756624244054
0.45816763595160637,0.49980710048031063,0.04202526356808315
0.466471942651559,0.5060106865443836,0.027517370804057143
0.46156891648933,0.49641904408677534,0.042012039423894566
0.4613834225208208,0.4985778292824258,0.04003874819675341
0.4614579593619947,0.4967460966552632,0.04179594398274231
0.45479836299055904,0.5035063518534845,0.041695285155956295
0.46137838843221435,0.49694947771824716,0.04167213384953841
0.4610347120475795,0.4970665563877737,0.04189873156464663
0.4602584425097644,0.49800301869432656,0.04173853879590913
0.4612101554375299,0.49706773559279943,0.041722108969670754
0.4599365703095891,0.49859586735940453,0.041467562331006125
0.4655230478375805,0.5039121607552219,0.030564791407197582
0.4607735574252739,0.4984870037038729,0.04073943887085321
0.45964699346299,0.4989543771739363,0.041398629363073515
0.4609093505606664,0.497248398896755,0.04184225054257864
0.46156895231493755,0.49668447696055773,0.041746570724504516
0.4528024619949439,0.5052632983095001,0.04193423969555561
0.460275731870338,0.5033184898202478,0.03640577830941416
0.452277415743006,0.505588293378014,0.04213429087897986
0.45273826321605176,0.5054356580668542,0.041826078717094164
0.45567004258362787,0.5024951679401313,0.04183478947624091
0.4605898476396154,0.4978209228983158,0.04158922946206864
0.4613398126357261,0.4990908283989169,0.039569358965357036
0.46171536248883766,0.4966648372915712,0.041619800219591184
0.460457799945847,0.4976046573183221,0.04193754273583087
0.46149650529061215,0.49669291371336655,0.04181058099602126
0.46200129237325227,0.4978766942169734,0.04012201340977412
0.4592236910139751,0.498876694703134,0.04189961428289082
0.45658298706836603,0.5022797552798809,0.04113725765175301
0.4564074469475676,0.5017919787713242,0.04180057428110829
0.4531208307659837,0.5050384981716375,0.04184067106237868
0.4533959219893282,0.5044810193030811,0.04212305870759075
0.4613834388871379,0.49652684606449715,0.04208971504836475
0.4572757453408607,0.5036097042464152,0.03911455041272429
0.46065507520177634,0.4975996950161612,0.041745229782062444
0.458919975150075,0.49999325174211795,0.0410867731078074
0.4614914300613514,0.49720697030278177,0.04130159963586662
0.4613901045315997,0.4968838864635136,0.04172600900488661
0.4616592757846265,0.49675817608511236,0.04158254813026119
0.46124878435176436,0.49846500357262713,0.04028621207560858
0.45965347451802996,0.49872996222250476,0.04161656325946531
0.4609375715859822,0.49686305151776106,0.04219937689625676
0.4609642206034841,0.4973385347535685,0.04169724464294726
0.4615844328901079,0.49650755273505603,0.041908014374836
0.4606183353006557,0.4978046825323239,0.04157698216702016
0.459282721487924,0.49907799331898195,0.04163928519309399
0.4533917573203577,0.5043965835281206,0.04221165915152172
0.4594753747528064,0.4987654602335413,0.04175916501365249
0.4593558273481814,0.4991973454826125,0.04144682716920607
0.45524348284221333,0.5027384410675793,0.04201807609020758
0.46529796800693546,0.5041074675067357,0.030594564486328756
0.460905118171135,0.49724568052633655,0.041849201302528706
0.4577795870360667,0.5006746704038649,0.0415457425600684
0.46043120483215616,0.4980358388403186,0.041532956327525294
0.4655718994467249,0.5029032386964052,0.03152486185686976
0.4608761948097366,0.49748182672368557,0.041641978466577835
0.46156736623380873,0.49661671024203785,0.041815923524153344
0.4563682931739654,0.50331650331015,0.04031520351588439
0.4611920400255119,0.49691627241007086,0.04189168756441715
0.4599029465495806,0.4983231065273118,0.04177394692310769
0.45980306750137884,0.49822635399969584,0.041970578498925194
0.4613897287301832,0.4965126592999249,0.042097611969891764
0.46148239371467137,0.4967538635047578,0.04176374278057088
0.4606307363853946,0.49778925235075094,0.04158001126385441
0.46157031779404206,0.4972348646593941,0.041194817546563844
0.46139745187790143,0.49729733488067823,0.04130521324142038
0.4613289929038591,0.4967896026349175,0.041881404461223376
0.4609011560795007,0.4970984519453986,0.0420003919751006
0.45950974855090115,0.49826389203680066,0.04222635941229838
0.46283085617563907,0.4982979801531689,0.03887116367119225
0.45264304514634346,0.5054945159607945,0.041862438892862126
0.4606136830973457,0.4980151995547641,0.04137111734789029
0.4594740595252917,0.4985268737096148,0.04199906676509344
0.4597498536365982,0.4983605911603891,0.04188955520301254
0.4603916563804325,0.49756023720642056,0.04204810641314674
0.46086807397381535,0.4973248686817562,0.041807057344428654
0.45860955332396053,0.4998106719450468,0.04157977473099244
0.46205946358499767,0.497292165578051,0.04064837083695141
0.4545639351926237,0.5032073075195562,0.04222875728782005
0.4548256530866519,0.5036718521124146,0.04150249480093334
0.4614049546285002,0.49710817092817305,0.04148687444332663
0.4575556168874547,0.5005767166315023,0.041867666481042815
0.45595403515193084,0.5018558980239344,0.04219006682413485
0.4569836539084195,0.501672794749798,0.04134355134178276
0.4614102592436168,0.4965964718936415,0.041993268862741844
0.46157766973673636,0.49695264753457125,0.04146968272869242
0.4606538663540695,0.4975090898454206,0.04183704380051002
0.4612605162730886,0.4966548807810186,0.04208460294589271
0.4645127663064991,0.5017938147193953,0.03369341897410564
0.4612310504911027,0.49693058373153803,0.041838365777359436
0.4555022373225275,0.5029916727757419,0.04150608990173077
0.4611530905132842,0.4969629846238054,0.04188392486291059
0.45921564756743166,0.49958126626741356,0.04120308616515458
0.45964727729094124,0.49827965447477,0.04207306823428868
0.4613726936889443,0.4973496845399959,0.04127762177105976
0.4556404357332194,0.5023455816315077,0.042013982635273096
0.4582700565694512,0.4996948955519347,0.04203504787861429
0.4595770108265098,0.4989116968051063,0.041511292368383745
0.45171850883472064,0.5064335576241855,0.0418479335410939
0.46001378803183235,0.4983525590469594,0.04163365292120839
0.45146534722186993,0.5065002593796585,0.0420343933984718
0.46151617137637835,0.49684493297022553,0.0416388956533961
0.4571648003459551,0.5012427900348206,0.04159240961922442
0.46089548931043395,0.4973472116681606,0.041757299021405465
0.4603331798277186,0.4980308060938952,0.041636014078386255
0.45908347903645347,0.49901352749676187,0.04190299346678478
0.46105935185442776,0.4974143927951375,0.041526255350434894
0.456496626372558,0.5017199829649192,0.0417833906625228
0.45926330827828565,0.4986706414101132,0.042066050311601114
0.4471141828380004,0.511026746044494,0.04185907111750551
0.46062357653940855,0.4981651771155236,0.041211246345067724
0.4514116984094802,0.5067567152052819,0.04183158638523798
0.45634412487017373,0.5022188381844584,0.0414370369453678
0.4586771937481929,0.49957943941014,0.04174336684166707
0.455884509631744,0.5020526506993596,0.042062839668896575
0.4600918453666772,0.49880132872547933,0.04110682590784338
0.46179807780439375,0.49730733519793885,0.040894586997667216
0.4509237355424096,0.5074081780080663,0.0416680864495238
0.45164002533020625,0.5065149271939522,0.041845047475841474
0.44979866970278065,0.5083315041294163,0.04186982616780334
0.45244659054104147,0.5055739101575524,0.04197949930140617
0.45916681638564366,0.4988001150732162,0.04203306854113993
0.460902000151224,0.4974202535747966,0.041677746273979556
0.45900994595817207,0.4988466657964185,0.042143388245409426
0.4613349883643848,0.49672881556564635,0.04193619606996892
0.4522175322394466,0.5058070138876376,0.041975453872915736
0.4603388156567921,0.4975588571617361,0.04210232718147181
0.4577980406620977,0.5003237588038012,0.04187820053410114
0.45988073983220645,0.4979605945640699,0.042158665603723645
0.4613693506652982,0.4964314243239388,0.042199225010762835
0.4590777911055524,0.4990592263827267,0.041862982511720895
0.45907469912691934,0.4991289547139147,0.04179634615916602
0.4600680364445629,0.49832295991049724,0.04160900364494003
0.46152245531015085,0.4966797318335708,0.04179781285627842
0.4619331643963861,0.497141958740526,0.04092487686308779
0.4594199865438166,0.49913796666340965,0.04144204679277381
0.4556378823225486,0.5025673593938613,0.041794758283590104
0.45908986492295983,0.49887520327828505,0.04203493179875506
0.4613937483094623,0.49673460649559875,0.041871645194939154
0.4624167751056167,0.499506880440283,0.038076344454100214
0.4613678356524979,0.4981500148154718,0.04048214953203047
0.46140130590592493,0.49686792376132244,0.0417307703327526
0.4614331783849152,0.4966991112763111,0.04186771033877383
0.46032022515320475,0.4974865757704049,0.04219319907639007
0.4594159191728838,0.49918707842957,0.041397002397546186
0.4616053923325194,0.4968950877574708,0.04149951991000961
0.4595378264847492,0.4984107178119651,0.042051455703285744
0.4613959273096695,0.4972217834846785,0.04138228920565221
0.46162671748940837,0.4965371431417746,0.041836139368816846
0.4550380307097187,0.5028283182911083,0.04213365099917291
0.4601943357526863,0.49786501071769024,0.04194065352962351
0.4587743523027695,0.49921113322986743,0.0420145144673632
0.4607539709630628,0.5011982080393008,0.0380478209976363
0.4604905996700373,0.49724479468577537,0.04226460564418747
0.46042171501805157,0.49752694048204793,0.04205134449990031
0.4599220421000783,0.49864224389353484,0.04143571400638677
0.45388899075674616,0.5046003345756005,0.04151067466765305
0.45292203762319166,0.5053678070523504,0.041710155324457834
0.4583991976632892,0.5000678431187472,0.04153295921796354
0.46174517734935694,0.49683950491846707,0.041415317732175945
0.4584117752381144,0.4994715554148286,0.04211666934705694
0.4607509845868644,0.49710892005920077,0.042140095353934946
0.4592522686474279,0.49708300614183676,0.04366472521073549
0.4594088515480286,0.49860351854424806,0.04198762990772346
0.460533219641876,0.4972390965462481,0.04222768381187585
0.4591098177645907,0.49943978675735196,0.041450395478057366
0.45929802218715776,0.4986582838440924,0.042043693968749817
0.4606709960683952,0.4986431696523986,0.04068583427920629
0.4594303793923898,0.4990498878057668,0.04151973280184332
0.45969593660665137,0.49819011576475836,0.04211394762859037
0.46192517398618205,0.4973470227832871,0.04072780323053112
0.4610160766357294,0.4969130993928734,0.042070823971397296
0.45912358827310745,0.49897091048144354,0.041905501245448964
0.45564961542456894,0.5027105764713372,0.041639808104093776
0.45161239681032556,0.5060815183009029,0.04230608488877144
0.46141628265007206,0.49668544614108834,0.041898271208839384
0.4567171986443663,0.5012666718145316,0.042016129541102155
0.45443924744260805,0.5033075211213662,0.042253231436025766
0.45856673015254457,0.4999098256494589,0.041523444197996695
0.454475112036288,0.5034710495268442,0.04205383843686758
0.4574847951589145,0.5008508465123598,0.04166435832872552
0.4605750327302288,0.49793898672244374,0.041485980547327335
0.46093400899108766,0.4974834240935174,0.04158256691539471
0.46117255039529625,0.49660291968759435,0.04222452991710924
0.4561412596666716,0.502230915212796,0.0416278251205322
0.4616649164983569,0.49651138585356186,0.04182369764808119
0.45347884509808634,0.5049014961966337,0.04161965870527998
0.46006918126599283,0.498000928180713,0.04192989055329418
0.45971232180466465,0.4983965183687524,0.04189115982658276
0.4614569985255768,0.49670515747631067,0.041837843998112474
0.46092454757908863,0.4971474910433625,0.0419279613775489
0.4531902817542,0.5052539453365014,0.04155577290929849
0.45679769493791217,0.5011432674968893,0.04205903756519856
0.4580285361592543,0.5002119157167182,0.041759548124027615
0.4607516863428488,0.4974926174597471,0.041755696197404116
0.46061587203919513,0.49737500125317435,0.04200912670763048
0.45483980795451506,0.5030072636742647,0.04215292837122025
0.45334101291667694,0.5047683989841816,0.041890588099141604
0.4557705964441898,0.5024881820759963,0.041741221479813954
0.4613894114790479,0.49634439861688395,0.04226618990406845
0.46086976341648594,0.49781592076452597,0.04131431581898783
0.4617573567725146,0.49705723640668686,0.04118540682079839
0.4606915232900228,0.49731997396057054,0.0419885027494067
0.46065796977876455,0.4977683913493143,0.0415736388719213
0.45040826185854976,0.5075355489135579,0.04205618922789215
0.45655523331009223,0.5013964793805387,0.0420482873093692
0.45680929465093256,0.5018078798917482,0.04138282545731929
0.4577535635429767,0.5005712167983211,0.041675219658702134
0.4613548160768685,0.49710124825213997,0.04154393567099151
0.46036185626094006,0.4977307618167632,0.04190738192229701
0.461246837220548,0.49722590106073683,0.041527261718715444
0.45641432994013925,0.501581339398319,0.042004330661541724
0.4594752055128676,0.4984908481973206,0.042033946289811976
0.4616295415463327,0.49718558850160016,0.041184869952066966
0.4609413726835536,0.4973522362975298,0.0417063910189167
0.45842894275574597,0.5000493492529487,0.04152170799130521
0.46061439838317475,0.4976024075530933,0.041783194063732085
0.45787095228946506,0.5003947710849186,0.04173427662561666
0.46059196670569397,0.49762873843402133,0.0417792948602846
0.4612116151334833,0.4966436991193552,0.04214468574716178
0.4606693142234938,0.49755875664805066,0.04177192912845558
0.4610432363534277,0.4975117401501355,0.04144502349643685
0.46175900202563197,0.49917301029680733,0.03906798767756062
0.46037719222770873,0.4980199687992779,0.04160283897301352
0.4621030796451713,0.4976841461184699,0.04021277423635868
0.45701970336369463,0.4975980034432771,0.0453822931930283
0.4607843245676993,0.4976202202718326,0.04159545516046801
0.45854583498192786,0.49961447290531774,0.0418396921127544
0.46111062581258383,0.4968059689698751,0.04208340521754115
0.4592930508704697,0.4988228047392186,0.04188414439031177
0.4609282752790989,0.49716741084858035,0.04190431387232078
0.459433943847863,0.49887310748063596,0.041692948671500876
0.4580985602171281,0.5001821395945703,0.041719300188301604
0.460405845771778,0.4975020403661148,0.04209211386210707
0.46059285151744356,0.4974977353043449,0.041909413178211244
0.46093282360373056,0.4971142459924684,0.0419529304038009
0.46091742601510094,0.49795097564495683,0.04113159833994214
0.46123838446755916,0.4967557127755852,0.042005902756855604
0.4604576747179879,0.4973979360298316,0.042144389252180316
0.46091371939377646,0.4973445825058781,0.04174169810034552
0.46167882262270826,0.4975529743004539,0.04076820307683766
0.457667715406548,0.5007560430876526,0.04157624150579912
0.46174943334920565,0.49714647073431334,0.04110409591648105
0.4580597380501883,0.5000075833457501,0.041932678604061496
0.45091325747810257,0.5072415075482491,0.04184523497364812
0.46065546325740214,0.498103731348885,0.041240805393712894
0.4582663695104119,0.5001763756318213,0.04155725485776681
0.4535610174784935,0.5043705546214677,0.04206842790003864
0.4547148436528527,0.5034750306761562,0.04181012567099099
0.45945045386780864,0.49860444701310525,0.041945099119086095
0.45646605408974844,0.501704633107195,0.041829312803056524
0.45637303996075174,0.5017486960815023,0.04187826395774585
0.4574530278294266,0.5004780095797677,0.042068962590805704
0.4604890016374032,0.4975615605636909,0.041949437798906
0.46114027211474673,0.49673495411483537,0.04212477377041798
0.46163971674400683,0.4988881440704598,0.039472139185533675
0.460955713487652,0.5019526237384064,0.03709166277394166
0.45915548644829796,0.5000985891422338,0.04074592440946848
0.4613905893183418,0.4969306967443545,0.04167871393730354
0.4579199011148833,0.500542060286542,0.04153803859857455
0.45731442116883936,0.5009062839056209,0.04177929492553971
0.4565204526480232,0.501732017060903,0.04174753029107372
0.45091138682820625,0.5070619422284998,0.042026670943293945
0.46016146953885484,0.49866625858428665,0.04117227187685834
0.45518317542237746,0.5032694524281521,0.04154737214947036
0.46155766029469086,0.49618861004453346,0.0422537296607755
0.45792322378211003,0.4999935686694928,0.04208320754839716
0.46108871450910627,0.49699655494924644,0.04191473054164719
0.46500900728043887,0.5021320921063321,0.03285890061322912
0.4586636349851172,0.49964274005605336,0.04169362495882923
0.4615080326433577,0.4965836855339565,0.04190828182268591
0.45666458960644774,0.501365496395088,0.041969913998464226
0.46161962973454446,0.4982616203978708,0.04011874986758499
0.45610302711642936,0.5020325640361252,0.041864408847445536
0.45969706387130377,0.49830576923128544,0.04199716689741089
0.45522520403240774,0.5030224267243578,0.04175236924323437
0.4511003741376263,0.5072206320991319,0.041678993763241794
0.46078290217822854,0.497460189683056,0.04175690813871551
0.4607055712757733,0.4972756304139402,0.04201879831028656
0.4553236569868354,0.5032442717916037,0.04143207122156077
0.4576927207417697,0.500714372058467,0.04159290719976316
0.4506168465275022,0.5074170663410961,0.04196608713140168
0.4575166525995156,0.5007236721021322,0.04175967529835223
0.45433388870598784,0.5037874539683352,0.04187865732567701
0.45461612544440966,0.5035520214244593,0.04183185313113143
0.4540128609959188,0.5040110579170924,0.04197608108698856
0.4584207277367985,0.5000459519626669,0.04153332030053468
0.45199538622396,0.5064192962263521,0.04158531754968787
0.46136416415560794,0.4966672871508356,0.04196854869355669
0.4595603198963844,0.4990535615552249,0.04138611854839069
0.46000677856149447,0.4984190220225383,0.04157419941596734
0.4564822247895582,0.5013325800370854,0.04218519517335664
0.45961347272224834,0.4984066980582396,0.04197982921951215
0.4591077630102536,0.499373542440828,0.04151869454891848
0.4602598710150415,0.4980527642313793,0.0416873647535792
0.46177772585539995,0.4973201872009385,0.040902086943661486
0.4608648560424494,0.49726007033905667,0.041875073618493824
0.46005652707013484,0.49791544812988947,0.04202802479997578
0.45524797370911424,0.502623299120993,0.04212872716989273
0.46154690817753896,0.49709469168164755,0.04135840014081349
0.459551285299737,0.4987197491017829,0.0417289655984802
0.46133433924744244,0.49722651569563936,0.041439145056918286
0.4593741642556626,0.49890200993678846,0.041723825807549006
0.4613782635882691,0.49663687447321614,0.041984861938514556
0.4593430752246987,0.49928262079537444,0.041374303979926766
0.4601212690572419,0.49842085759791105,0.041457873344847226
0.4672248372734594,0.5059216434418576,0.0268535192846829
0.45844775138106864,0.5001080192824974,0.04144422933643386
0.45524149671989655,0.5025298493592698,0.042228653920833616
0.46158319492608507,0.4974486333117257,0.0409681717621891
0.46102330783621653,0.49690364164013356,0.04207305052364979
0.4616772070111717,0.49619510863328264,0.04212768435554555
0.45561863821251763,0.5026739022636589,0.04170745952382315
0.45949177078759285,0.4986189266872216,0.041889302525185614
0.4611963035916958,0.4966949170353556,0.04210877937294843
0.4626867609414244,0.4989365036863831,0.038376735372192564
0.4607807055248315,0.4975389363717928,0.041680358103375524
0.4615802180281143,0.4973025904707905,0.04111719150109515
0.4605867344785904,0.4974438765209591,0.04196938900045026
0.45866904465237013,0.4994332429554914,0.0418977123921384
0.4525352637957867,0.505778285458858,0.04168645074535549
0.46102538118901404,0.4973346659300056,0.04163995288098035
0.4614567838801899,0.49663042444736466,0.0419127916724453
0.4599280952351131,0.49831032716751417,0.0417615775973729
0.4601642162588151,0.4985213358907883,0.04131444785039683
0.4592485595021315,0.4988547803167476,0.04189666018112076
0.46093799594110135,0.4971917904082092,0.04187021365068937
0.4611838855001442,0.49807307731056627,0.04074303718928955
0.4596936288636624,0.49860959596956356,0.041696775166774086
0.4616831936873895,0.49844763528056746,0.0398691710320431
0.4605791353997944,0.4978363605274328,0.041584504072772595
0.4607559069988499,0.4974403860812664,0.04180370691988368
0.46251670057117966,0.4979616247467382,0.039521674682082085
0.4614337846311744,0.4964701104601965,0.042096104908629105
0.4615111364279751,0.500410840100754,0.03807802347127093
0.45063567481429634,0.507692265610943,0.041672059574760674
0.4611315099507326,0.497188809739966,0.04167968030930134
0.4613834907226175,0.496498233931286,0.04211827534609658
0.4596059512207221,0.4983642143279015,0.042029834451376584
0.4584877998008482,0.49977397459088807,0.0417382256082638
0.4592408841626263,0.4988077801060854,0.04195133573128837
0.4610183542907719,0.4977448275010908,0.04123681820813741
0.45808123356971236,0.49976621562277834,0.042152550807509286
0.46732209036506367,0.5074393719626685,0.025238537672267868
0.457998292113057,0.500125165839822,0.04187654204712066
0.4622216638789003,0.49781770600413155,0.03996063011696834
0.4602175381938455,0.4984469008043128,0.04133556100184165
0.4612026312019593,0.4968834353882987,0.041913933409741866
0.44835766218814804,0.5098948225327853,0.04174751527906676
0.46154895609912,0.4966353701830967,0.041815673717783275
0.45636252589065246,0.5016331897533922,0.0420042843559554
0.4614526715982578,0.4968863543598662,0.04166097404187612
0.460458301971189,0.4975848260925257,0.04195687193628518
0.45968224340004654,0.4984923913960374,0.04182536520391607
0.45990898263344865,0.4979574308855731,0.042133586480978494
0.4596880887993358,0.49833336669868383,0.0419785445019803
0.453689406310167,0.5044540968528131,0.041856496837019835
0.46097268632867555,0.4970965941980037,0.04193071947332071
0.4608333588773853,0.4975940706318997,0.04157257049071491
0.45765863003012014,0.5005460648703739,0.041795305099505985
0.4613794164561186,0.49771363141980535,0.040906952124075906
0.458360864450982,0.5001002727872432,0.04153886276177452
0.45830854389668485,0.5001940455030637,0.04149741060025134
0.461641409285294,0.49669492279313554,0.04166366792157039
0.4592337162617031,0.4988488049378735,0.041917478800423257
0.4607532711850824,0.497550754671523,0.04169597414339443
0.4566499944867594,0.5013859405483174,0.04196406496492333
0.4596274081719145,0.49849794397494074,0.04187464785314477
0.4588495215048015,0.4991608963716262,0.04198958212357251
0.4611508463774329,0.4966498429325034,0.0421993106900637
0.4546319774613317,0.5034715341323954,0.041896488406272664
0.4552683906548194,0.5029363850495621,0.041795224295618535
0.4589409952083052,0.5013397853736652,0.039719219418029784
0.4608435742806443,0.49767040010483754,0.041486025614518376
0.448678913266749,0.5095506221889049,0.04177046454434608
0.4558423762663153,0.5022833599428996,0.04187426379078506
0.4589288093167314,0.49945640645175754,0.04161478423151077
0.4567881862888729,0.5009863243318027,0.04222548937932436
0.45985027881210017,0.49880032090861554,0.04134940027928447
0.46184046908551923,0.4969098763503159,0.04124965456416488
0.4532127543377871,0.5052285747905804,0.04155867087163267
0.4611163448359298,0.4969288026338962,0.041954852530174024
0.46024002734943104,0.49799783783431567,0.04176213481625342
0.4613213621400735,0.4988414916757846,0.03983714618414176
0.46120483616564145,0.4969784356772765,0.04181672815708203
0.4567449960445292,0.5040278838317036,0.039227120123766945
0.4608223220574175,0.49734232797529004,0.041835349967292594
0.46584694788926484,0.5045252479956456,0.029627804115089675
0.4584471852565142,0.49952226547822376,0.04203054926526221
0.45487048204432734,0.5030633699265661,0.04206614802910648
0.4596599298930562,0.4984259139019992,0.041914156204944666
0.4606872069128199,0.49724874205187347,0.04206405103530641
0.46726965805189463,0.5065491834373639,0.026181158510741577
0.46052507880960286,0.49769090689580714,0.04178401429458996
0.4608665822765122,0.4973963025856117,0.0417371151378759
0.4609057407240918,0.4972658078898856,0.04182845138602259
0.4608740876332556,0.4973198819704464,0.04180603039629799
0.4607167220771954,0.49789228486647547,0.04139099305632915
0.46173457429185893,0.49614937382147956,0.042116051886661766
0.4612978034078717,0.4964331819974196,0.04226901459470856
0.45983667588440913,0.4980641170731596,0.04209920704243126
0.4630824462027578,0.4998694187545138,0.03704813504272846
0.45962358006223253,0.4987177667261118,0.04165865321165564
0.45917390953219644,0.49888119672968434,0.04194489373811929
0.46041077737508046,0.49735501000218657,0.04223421262273312
0.460793893436084,0.4972046053160991,0.04200150124781693
0.4540109596848051,0.5039215945981564,0.042067445717038555
0.46014241472423967,0.498227075998136,0.04163050927762426
0.45886681836834725,0.4989527314154743,0.042180450216178486
0.4552820338953845,0.5030125264315929,0.04170543967302242
0.4592682989904778,0.4993454229296083,0.04138627807991419
0.45688151147465617,0.5014375673110275,0.041680921214316054
0.45921729351349977,0.4985693463811988,0.0422133601053013
0.4608844921433397,0.49742807592410243,0.04168743193255784
0.4518765894124751,0.5063234191593909,0.04179999142813394
0.4528419426811206,0.5049220002499212,0.0422360570689583
0.4544468486884448,0.5034596764086869,0.04209347490286828
0.45351774599133,0.5093488067124949,0.037133447296175154
0.4555945827367183,0.5022179464263113,0.04218747083697008
0.460335398703726,0.4975368476607742,0.04212775363549974
0.4607675436400589,0.4973345414510608,0.041897914908880174
0.4607738867791994,0.4976528999795594,0.041573213241241226
0.46059850162388327,0.4978979760101122,0.041503522366004464
0.46070427462191915,0.49722980213441687,0.04206592324366411
0.4533675817958058,0.5051088245974151,0.04152359360677929
0.4579572370819865,0.5015833933013952,0.04045936961661838
0.4615569148175924,0.4963856463292021,0.04205743885320533
0.4641131802274528,0.5019559649193921,0.03393085485315509
0.4522808457758984,0.5060027871851245,0.04171636703897717
0.4589709146618964,0.49959783371570415,0.04143125162239967
0.46160013061637056,0.496682321610663,0.04171754777296628
0.455702716279608,0.50267150171064,0.041625782009752046
0.46178719718520006,0.4966579393961708,0.04155486341862926
0.4608288753834772,0.49738038942843754,0.0417907351880854
0.46122393398671124,0.4965593341246141,0.04221673188867457
0.46045028070518323,0.4979128760779539,0.04163684321686287
0.4557470601107906,0.5024886070966634,0.04176433279254573
0.46067620118450625,0.49708916645716883,0.04223463235832477
0.4608654654325186,0.4971141661271352,0.0420203684403464
0.46126255011984824,0.49690223394281435,0.04183521593733745
0.4580434644902733,0.4998987531476381,0.042057782362088694
0.4570865428105723,0.5010237819179554,0.04188967527147243
0.4603229928915344,0.4980485416889891,0.04162846541947641
0.46094233091727554,0.4976250637480121,0.041432605334712415
0.45613103995201787,0.5021001161574117,0.04176884389057051
0.4656373027333657,0.5035517672560358,0.030810930010598602
0.4622426953420987,0.49804428864163836,0.03971301601626311
0.4612400185678102,0.496744649483761,0.042015331948428734
0.46084242338487025,0.49711526909063625,0.04204230752449354
0.45642890004839776,0.5018101641234087,0.041760935828193416
0.4655563319483124,0.5042411628504688,0.030202505201218706
0.46113121848645944,0.4974625769044901,0.04140620460905039
0.4610539591541896,0.4972927826393109,0.04165325820649953
0.45959081370417215,0.49886300867499445,0.04154617762083364
0.4557641395184614,0.5024100231166121,0.04182583736492616
0.4578762182594039,0.5002034795597607,0.04192030218083542
0.46064481169204624,0.4975823630941146,0.04177282521383916
0.4607974250605183,0.5022630352680565,0.03693953967142529
0.4604777466129278,0.497463728263731,0.04205852512334123
0.46049082404373093,0.497677552523435,0.04183162343283403
0.46015209358966763,0.4980453006721945,0.0418026057381381
0.4604839937522853,0.4977756692660237,0.04174033698169088
0.45991482189416133,0.4985335627658254,0.04155161534001293
0.4600304534616088,0.4978802496757376,0.04208929686265376
0.4623442097188073,0.49858663759017985,0.039069152691012694
0.45841602264539083,0.49992336693462186,0.04166061041998732
0.4586957122763176,0.4999867717172396,0.041317516006442644
0.4612226563405531,0.4968103737840438,0.04196696987540302
0.46768417095524084,0.5076326351187995,0.02468319392595954
0.4546973255768502,0.5034758135402568,0.04182686088289309
0.45895323252033227,0.4989197368794976,0.04212703060017018
0.4607494731550059,0.4998916108327302,0.03935891601226398
0.4614837456609048,0.49656189035726905,0.04195436398182604
0.4611760125370229,0.49693866215794563,0.04188532530503133
0.4615919401232819,0.4963998862298786,0.042008173646839474
0.4588903336627425,0.49851556563206206,0.042594100705195675
0.45696865419820254,0.5010666923609073,0.04196465344089019
0.4587049377167829,0.49914329737188423,0.042151764911332594
0.4612027212365661,0.4968522793598607,0.04194499940357324
0.4540154211411962,0.5043508965567731,0.04163368230203074
0.46044856355300057,0.4976859407724062,0.041865495674593425
0.4604535067667654,0.4981455095406288,0.04140098369260587
0.459160333604072,0.4992243621773427,0.04161530421858512
0.4548780748283113,0.5030000421520718,0.04212188301961687
0.46100814173043375,0.49725108838076826,0.041740769888797914
0.4549095437654582,0.5029121458243886,0.04217831041015318
0.46088587352983623,0.4977480717860849,0.04136605468407889
0.4622259232012531,0.4974278095103922,0.04034626728835472
0.460753559119627,0.49763649934522136,0.041609941535151664
0.4614943779871202,0.4982354357112477,0.04027018630163212
0.4608779288345705,0.4990920537694915,0.04003001739593769
0.46090321724993794,0.4971684818925363,0.041928300857525844
0.4614423727962139,0.49730500548274786,0.041252621721038024
0.4612487488521155,0.4967814179073287,0.04196983324055591
0.46117327784284173,0.49662522299041145,0.04220149916674688
0.45979547713833946,0.4982547897821436,0.041949733079516834
0.45970908722736303,0.49837091924772664,0.041919993524910173
2.136843892170038e-09,1.7869619125113342e-09,0.9999999960761942
0.46054490625076505,0.49721489996765,0.04224019378158505
0.45992061535779694,0.4980996771891602,0.041979707453042824
0.46356365724927423,0.49955848895614663,0.03687785379457917
0.45388341361994416,0.5039395169283298,0.0421770694517258
0.4606616054464027,0.4977487336979343,0.04158966085566293
0.4545501782165118,0.503264777223995,0.04218504455949343
0.4606604975759681,0.4972693408642454,0.04207016155978648
0.44894912549873145,0.5093834100669059,0.04166746443436272
0.4607697224413222,0.4976739632719747,0.041556314286702985
0.4612719455703042,0.4965872308751382,0.04214082355455796
0.450638084176983,0.5073775652023994,0.04198435062061761
0.46019595559222093,0.49791551307943116,0.041888531328347696
0.46673893501761743,0.5068397797380014,0.02642128524438124
0.46455969549052517,0.5014852148264831,0.03395508968299149
0.4597256314244433,0.4985214999117462,0.04175286866381037
0.4544414335600286,0.5039045799197956,0.041653986520175816
0.461713074929952,0.4961213435100416,0.042165581560006736
0.45520258454540174,0.5031339775196412,0.041663437934957165
0.4596024401472085,0.4968181984640204,0.04357936138877128
0.45881937976951925,0.499225546287681,0.041955073942799695
0.453690861332625,0.5041919794887123,0.042117159178662544
0.45975624386962255,0.49810284038233843,0.04214091574803902
0.4606509651773866,0.49766576164621235,0.04168327317640112
0.4614233044417515,0.49661899714682756,0.04195769841142106
0.4565460339330589,0.5012666177803691,0.04218734828657179
0.4613623378126119,0.49680297804169327,0.041834684145694856
0.4611353875205178,0.49695883353400416,0.041905778945478096
0.45762846749697855,0.5009419995188336,0.04142953298418796
0.44817321249074776,0.5102524156055294,0.04157437190372289
0.45995999381344516,0.4985794721171444,0.04146053406941045
0.4502345270882581,0.5079877526023889,0.04177772030935305
0.4510704331020488,0.507284247087103,0.04164531981084841
0.4551483339344789,0.5027195898256107,0.04213207623991023
0.4599713850828546,0.4979706541163483,0.04205796080079731
0.4595571348094403,0.49867166906639265,0.04177119612416716
0.4574397546408946,0.5008512534965777,0.04170899186252747
0.46088244406250284,0.49688924538622986,0.042228310551267245
0.4568190780952039,0.5019763699632294,0.04120455194156653
0.4569370691985332,0.5010703474350902,0.0419925833663766
0.46044053838224286,0.49864145600033205,0.04091800561742504
0.4486710515522433,0.5092805748966165,0.042048373551140154
0.4548951309389211,0.5033080537686354,0.04179681529244349
0.46073523867909527,0.49723298169387714,0.04203177962702767
0.4610492924587535,0.4986402825771506,0.04031042496409593
0.4613549848801518,0.4969903781831065,0.041654636936741554
0.4605801314301749,0.49765480441469273,0.041765064155132606
0.45549751247786413,0.5022668683701895,0.04223561915194647
0.4597336246972351,0.4984778487605456,0.04178852654221925
0.4577227384685282,0.5001988914053962,0.042078370126075765
0.4606344326925979,0.4974373259908452,0.0419282413165568
0.4605924571877534,0.49738751436265505,0.0420200284495912
0.45663511341651264,0.5020801721549343,0.04128471442855337
0.46013687347566007,0.4979707814500946,0.04189234507424538
0.4610501254258689,0.49734916538693463,0.04160070918719663
0.4609316419523735,0.49727723943043883,0.041791118617187435
0.46109458288646993,0.4972708860516578,0.041634531061872204
0.4628344255743999,0.49873964965960504,0.03842592476599497
0.45948938935736156,0.4987533887634379,0.0417572218792007
0.4570640231115855,0.5011326434329987,0.041803333455416126
0.45762798287317663,0.5006249789996181,0.041747038127205434
0.45841464523012215,0.4999846976085125,0.04160065716136545
0.4536674389009166,0.5048140527247321,0.0415185083743513
0.46616772361363534,0.5038410984684337,0.029991177917931
0.46127959777844413,0.49693975822447944,0.04178064399707654
0.4613212194280365,0.4968362162633321,0.04184256430863137
0.4616949556172642,0.4964743563193372,0.04183068806339853
0.4606437509600158,0.49718197461969976,0.042174274420284416
0.4651841800337965,0.5031943424705134,0.03162147749569013
0.45480087571805955,0.5029542967998306,0.04224482748210975
0.45903694771685444,0.49893921143606856,0.04202384084707677
0.4572219595308718,0.5011838741897934,0.041594166279334606
0.46067706524620733,0.4972395855472099,0.042083349206582896
0.4617141269510525,0.49653221911739137,0.041753653931556216
0.4614547067916495,0.49713341054304877,0.04141188266530186
0.46101917738119813,0.49765549817289356,0.04132532444590845
0.4616166037285243,0.49681093342234445,0.04157246284913135
0.46166795557694806,0.4968023325688088,0.04152971185424295
0.4595279796408941,0.49847226885063994,0.041999751508465966
0.4615467430180906,0.49737325911543506,0.04107999786647439
0.4599796539930518,0.4979531647109808,0.042067181295967655
0.45940789205511023,0.49843983487342236,0.04215227307146735
0.4613413613742785,0.49696485467364326,0.04169378395207813
0.45671709199300026,0.5013146841403319,0.04196822386666772
0.4552563521949616,0.5028427489770836,0.04190089882795488
0.45994746085714877,0.49860586019811637,0.041446678944734985
0.4557191100306092,0.5025424765818759,0.041738413387514786
0.44948518456766634,0.5086868142851894,0.04182800114714426
0.4580848848930988,0.5002616953293628,0.041653419777538246
0.45966002060700295,0.4989479643872349,0.04139201500576231
0.46144859428499246,0.4967717019094723,0.041779703805535265
0.46062285822951216,0.4971393811529829,0.042237760617504956
0.4610347540357684,0.4973796722220485,0.04158557374218306
0.4597692413655665,0.49863084490858517,0.0415999137258483
0.45987760006696365,0.49840336219227693,0.041719037740759336
0.4608297317712658,0.49721917952424133,0.04195108870449279
0.4593622602414242,0.49941588586943025,0.04122185388914559
0.4606054659229735,0.49788295390264836,0.04151158017437797
0.46161367554908883,0.4974134521159928,0.04097287233491838
0.4588277186741683,0.4993481489014885,0.04182413242434308
0.4611283333555796,0.49710530130781017,0.04176636533661035
0.461071175404082,0.4973268389562332,0.0416019856396848
0.46054917133823586,0.49747389235845657,0.041976936303307635
0.4607941709365426,0.4972872928135774,0.04191853624987977
0.46109763372994944,0.4969387988449313,0.0419635674251191
