0,1,2
0.460638674109244,0.5051848954798277,0.03417643041092818
0.42521500342371493,0.540968519553669,0.03381647702261616
0.5306148327885881,0.44146036588870513,0.027924801322706572
0.41235284515810977,0.5547538262893708,0.03289332855251963
0.4589715198632553,0.5054782754591546,0.03555020467759009
0.5163318714808128,0.45141584975441673,0.03225227876477067
0.4486345552340932,0.5167898084126396,0.03457563635326735
0.51144698937521,0.4491935064488483,0.0393595041759417
0.43724618001333615,0.5353546414505833,0.027399178536080458
0.41257095083343653,0.5517035959043006,0.03572545326226298
0.4224337212492092,0.5392613989930893,0.038304879757701395
0.4804290009012218,0.480790630062496,0.03878036903628213
0.5773710562020986,0.38378886396002204,0.03884007983787944
0.4571375409751362,0.5123455536914275,0.030516905333436418
0.4110560846201474,0.5568552996534387,0.03208861572641385
0.40122716113811685,0.564695733311905,0.03407710554997812
0.5880889556118999,0.3869354641039019,0.02497558028419814
0.404755176908322,0.5593951342221606,0.03584968886951748
0.4109425399246373,0.5582393206860318,0.030818139389330708
0.4882623754343545,0.4725332200554497,0.03920440451019571
0.44741000200217357,0.5135903964028047,0.0389996015950216
0.43470781564430966,0.5289171273247315,0.036375057030958724
0.4677715129364445,0.4953484529543135,0.036880034109241955
0.5055013132064845,0.4549886002233478,0.03951008657016772
0.39913056027073646,0.5653279583345584,0.03554148139470527
0.4089431397634221,0.5565267450306706,0.0345301152059074
0.4571218501243536,0.5056712302795954,0.037206919596051095
0.45980272190527277,0.5003973329780252,0.03979994511670221
0.4169714344462947,0.5472025788540316,0.03582598669967358
0.4266433579257763,0.5345695884344004,0.038787053639823175
0.42349759782262875,0.5322233489612197,0.04427905321615154
0.48296971015542656,0.48628754371833766,0.030742746126235686
0.4249416993570431,0.5360598217804704,0.0389984788624862
0.4730790672932575,0.4858699797897917,0.04105095291695086
0.4138397577466327,0.5572039674434754,0.028956274809891856
0.4134555334442905,0.5547440624134624,0.03180040414224711
0.46177658397797466,0.507113374427326,0.03111004159469914
0.5506983299749166,0.415711186253117,0.033590483771966655
0.4173765581407138,0.5478784148603963,0.0347450269988897
0.4807620993298097,0.4810636656237118,0.03817423504647853
0.4053936684394321,0.557589069440442,0.037017262120126175
0.4334156549214818,0.5327006420840408,0.03388370299447734
0.43259344041186404,0.5284431760123741,0.038963383575761845
0.46914757421316544,0.4955961273661308,0.0352562984207037
0.4485851647067768,0.5008477687335033,0.050567066559719806
0.4505802187824938,0.5116597476451588,0.03776003357234746
0.4193061155926856,0.5438555906857128,0.036838293721601585
0.43303297631022847,0.5261774313019526,0.0407895923878187
0.4090814394679708,0.5613441039704661,0.02957445656156316
0.48057009785302934,0.4801697209023695,0.039260181244601344
0.4535429488395086,0.506838729680657,0.039618321479834046
0.47611215435043464,0.48489496104545887,0.038992884604106576
0.42703334877527654,0.5374210081235277,0.035545643101195894
0.44621747866112893,0.5154118796713013,0.03837064166756991
0.41201503571683346,0.5570599791108977,0.030924985172269104
0.4258139036310514,0.5416828307427634,0.03250326562618505
0.42371789749313704,0.5420756962172346,0.034206406289628406
0.4426950066375168,0.5193622017282025,0.03794279163428056
0.4873975900690125,0.48428212630078327,0.02832028363020443
0.5051953434901884,0.4657610028275748,0.029043653682236648
0.4568155629839779,0.5050016680028064,0.038182769013215635
0.4817173481328823,0.4836252887198773,0.0346573631472402
0.4628987912250762,0.5014870340235985,0.03561417475132528
0.4594715129088607,0.5033096453354438,0.03721884175569543
0.5231343913212146,0.4387404813453551,0.03812512733343003
0.4271450164588655,0.5365843505475089,0.03627063299362566
0.44502765299388214,0.5173404267315322,0.03763192027458547
0.4268395026579947,0.539261411565336,0.03389908577666941
0.5081961054588034,0.4614115809400675,0.030392313601129126
0.4142369166452128,0.547291418473261,0.03847166488152606
0.4101811674497095,0.5514915481537201,0.038327284396570176
0.41049466732617795,0.5536549683658238,0.03585036430799837
0.5217094189397782,0.4345464729731358,0.04374410808708595
0.48473385690650844,0.4760437470629961,0.039222396030495724
0.462650159455289,0.48760975749797625,0.049740083046734634
0.37572679865673986,0.5923087999914229,0.031964401351837264
0.5834842749938354,0.3863579713845284,0.030157753621636356
0.4271501385593695,0.5342360226382966,0.038613838802333836
0.4240662853392985,0.5423347281701839,0.033598986490517464
0.4839886559786382,0.4786660208858024,0.03734532313555928
0.43513828577807645,0.5274970466146207,0.03736466760730292
0.4370507052520514,0.5288647726848265,0.03408452206312221
0.4323461790685635,0.527564418309304,0.0400894026221323
0.5315078784521243,0.4283977934173176,0.04009432813055799
0.4547989571603446,0.5161517490656147,0.029049293774040804
0.43897272994296316,0.5212512309054912,0.03977603915154537
0.5795139026596362,0.3756281423500834,0.04485795499028041
0.5269813527886829,0.37892309119916345,0.09409555601215377
0.3924379207968374,0.5684979194348282,0.039064159768334335
0.40717309348221453,0.555207844262023,0.03761906225576256
0.44125333268099637,0.5190929504271538,0.039653716891849995
0.4224207788313333,0.5451113396412677,0.032467881527398816
0.42785340546184925,0.5442669530992887,0.02787964143886217
0.4134997090622139,0.2936986444046724,0.2928016465331133
0.4297071774924508,0.5382418404533016,0.032050982054247355
0.49788864035610475,0.46242029074840013,0.03969106889549507
0.41706328026915584,0.5438889713744929,0.03904774835635153
0.5194409333249842,0.4419370286568893,0.038622038018126435
0.5702201113590563,0.39668040636694385,0.033099482273999954
0.562508524159678,0.39113369844112145,0.04635777739920045
0.5610413951151694,0.4053732374930714,0.03358536739175937
0.4273635139744792,0.5373624531290667,0.03527403289645393
0.41707779647988735,0.5555726257613673,0.027349577758745396
0.4211080097854371,0.5437467511595924,0.03514523905497065
0.44535805499426,0.519072926975648,0.035569018030091916
0.4205129577963014,0.5423339151108179,0.03715312709288103
0.5022171266397932,0.46588199345845,0.031900879901756794
0.4838599885304238,0.4779253258597522,0.03821468560982396
0.5103143764032899,0.43266035863838687,0.05702526495832324
0.5734925934599806,0.39912316564545836,0.02738424089456119
0.520959729157539,0.4052911640021818,0.07374910684027935
0.4454202410332788,0.5152884277095789,0.039291331257141994
0.10123786456922465,0.16342503306071668,0.7353371023700586
0.41716615450644073,0.5482410550255861,0.03459279046797315
0.41905232477346205,0.5498728730338373,0.031074802192700566
0.39753986629233684,0.5596385713829728,0.04282156232469036
0.43412489838821305,0.5301424957268764,0.035732605884910805
0.46165513021632937,0.5011938964712377,0.0371509733124327
0.4017793477028075,0.5582619446282521,0.03995870766894032
0.49995651210935216,0.4628745083921959,0.037168979498451986
0.4146630604897022,0.5499026413381252,0.03543429817217244
0.4763149038935943,0.4836996338667248,0.039985462239680865
0.49914693674422767,0.46079579450693753,0.04005726874883471
0.4212878800479067,0.5431237198636953,0.035588400088397885
0.41529934734606594,0.5464577126507771,0.03824294000315693
0.493504607961318,0.468342800346208,0.038152591692473786
0.47634909990860685,0.48244127202719694,0.04120962806419628
0.5186577844060881,0.4356810391487299,0.04566117644518197
0.4107534865471054,0.552871903000336,0.03637461045255873
0.4207199973605001,0.5422477275498188,0.03703227508968131
0.43771433395661064,0.5277103697570102,0.034575296286379106
0.532784780777532,0.4373320835305814,0.029883135691886716
0.4709016994866175,0.4970026942635753,0.03209560624980717
0.5102582934673849,0.4511576859512362,0.038584020581378616
0.41095509705720273,0.556341347989157,0.03270355495364015
0.41933684211238337,0.5413879079852649,0.03927524990235151
0.45091122433298914,0.5147874520681974,0.034301323598813466
0.41348865194430984,0.561160772634988,0.02535057542070209
0.45196210087592215,0.5137170872998391,0.03432081182423858
0.5263523550704992,0.4353522128359857,0.03829543209351541
0.4078167630479162,0.5555534897989605,0.03662974715312344
0.40864547511883187,0.5554003500632598,0.03595417481790832
0.41961281308701376,0.5430275860887278,0.03735960082425859
0.4239506687224304,0.5388082661452442,0.03724106513232522
0.4398871169477562,0.53198210533385,0.028130777718393743
0.42371453359941097,0.5423065153476372,0.03397895105295177
0.3645709042907584,0.286589052734063,0.3488400429751784
0.4001297485382746,0.5685689558055781,0.03130129565614733
0.44431161443367156,0.5199621412429144,0.03572624432341396
0.43720886266802944,0.5238126435535994,0.03897849377837106
0.43222754242799033,0.5281667870780073,0.03960567049400225
0.41301547002501027,0.5550088946125077,0.03197563536248203
0.3778301052699669,0.5818038117796339,0.040366082950398945
0.4781424693701689,0.48297639515234125,0.03888113547748952
0.5935432353065134,0.3799630026229683,0.026493762070518314
0.4124086350264561,0.5545585497543941,0.03303281521914971
0.4012087318137035,0.5624319582408864,0.03635930994541006
0.40766043059376117,0.5522581784342251,0.04008139097201407
0.40662215974722943,0.5548138450970441,0.03856399515572662
0.41678002788652985,0.5466248730047595,0.0365950991087105
0.5006792728401882,0.4482104353682434,0.05111029179156839
0.43992130504232996,0.5244981812454073,0.03558051371226267
0.46221564921612024,0.499904217492733,0.03788013329114654
0.4591106113333615,0.5025922534039473,0.038297135262690914
0.45148197281770397,0.5109963959678356,0.03752163121446054
0.4181289295932521,0.5430472774740516,0.03882379293269629
0.5343979869327596,0.42298915663028436,0.04261285643695598
0.4469816371877369,0.5134820381765135,0.03953632463574941
0.40751025553677406,0.5556591490067893,0.03683059545643668
0.4682568489997186,0.48893565907345743,0.042807491926824
0.4820131556200403,0.4779484886026918,0.040038355777267644
0.42097588842759287,0.5455769145242165,0.03344719704819051
0.42976481143987916,0.5353386093237146,0.03489657923640591
0.013846051115970186,0.018814294784504724,0.9673396540995252
0.38864735410283224,0.5508391762861211,0.06051346961104652
0.4270867313434608,0.5438403951401892,0.02907287351634994
0.424170506517118,0.536295424496105,0.0395340689867768
0.5086682362299999,0.4631155193169873,0.028216244453012823
0.46895915527149507,0.4923948526452897,0.038645992083215064
0.41956310129733093,0.5518776968621542,0.028559201840515053
0.42896288126108784,0.5404476906455606,0.03058942809335149
0.5804945162424341,0.38660288213748323,0.03290260162008237
0.5592788955415959,0.40596005740593877,0.03476104705246538
0.47486631585801714,0.4895767699899147,0.035556914152068075
0.45631605627990923,0.5097153951550596,0.03396854856503106
0.41447657243813024,0.5489391156885516,0.03658431187331846
0.44829367371405315,0.514881805055499,0.036824521230448014
0.44535907118446766,0.5182410930564134,0.03639983575911876
0.5432933906885594,0.4305377721229121,0.026168837188528266
0.5142557870739407,0.44770387290917035,0.038040340016888864
0.43401042131594486,0.5308480363041033,0.03514154237995184
0.4363651540682844,0.5290056754239918,0.03462917050772372
0.4514608242984162,0.5099761585227355,0.038563017178848025
0.39608573028710853,0.5574626238599832,0.04645164585290802
0.41698181864589856,0.5486193381255953,0.034398843228506094
0.42507069716151347,0.544900302926178,0.03002899991230867
0.4032644817973301,0.5589384017026645,0.03779711650000535
0.45267643046520806,0.5152384442344845,0.03208512530030743
0.47253431982529,0.49420145484434636,0.03326422533036371
0.433168436610955,0.5280009601489213,0.03883060324012375
0.4926244010530429,0.4697109714923025,0.0376646274546545
0.45466270255641117,0.5133444018667854,0.03199289557680326
0.4435363285296576,0.5206787780623684,0.03578489340797392
0.5034827287813975,0.4565875988076949,0.03992967241090737
0.42320819393114345,0.5363991857178729,0.04039262035098358
0.4435502087135216,0.5177623515515694,0.03868743973490893
0.41109499228977153,0.5505090724879139,0.038395935222314694
0.44096964607520067,0.527211086085117,0.03181926783968233
0.44907831466596404,0.5202889549164491,0.03063273041758692
0.45686107637812845,0.505612735594975,0.03752618802689655
0.41399963853545946,0.548587800488736,0.03741256097580436
0.4296041473740803,0.5414326907615216,0.028963161864397992
0.4264300061600829,0.5327604161823127,0.04080957765760454
0.4186250183434594,0.543609749282951,0.037765232373589745
0.4609599961979513,0.4993869161599915,0.03965308764205717
0.44452187831278883,0.5219266254897447,0.033551496197466474
0.46928048532761113,0.49348802956988713,0.03723148510250159
0.4379791831823976,0.5198605006456928,0.04216031617190978
0.42691978664224456,0.536104350115238,0.03697586324251734
0.40908043549479683,0.553129797283132,0.03778976722207079
0.4118299982413892,0.5486583027080366,0.03951169905057418
0.40135567083866397,0.5654196798015959,0.03322464935974026
0.4416496827645112,0.5186196803872107,0.039730636848278086
0.4513917561601087,0.5161955698973854,0.03241267394250584
0.45160475835721764,0.5136788192226776,0.03471642242010497
0.4070386444738078,0.5591345597177259,0.033826795808466384
0.4159187675663159,0.5433455067755995,0.04073572565808468
0.4959320319079927,0.4735472047679702,0.03052076332403688
0.4142763519848976,0.5475850778625427,0.03813857015255979
0.5519188892019614,0.401122672988804,0.046958437809234616
0.42360198999162546,0.540657803176629,0.03574020683174579
0.44046233135683094,0.5247300084216358,0.034807660221533365
0.47688803146797026,0.48473361612099175,0.03837835241103796
0.46261701108509995,0.4987624691196308,0.03862051979526907
0.47135759208842604,0.49025480988777387,0.03838759802379995
0.43357146082127174,0.5339414860115352,0.032487053167192845
0.4745996315933742,0.49100963662975006,0.03439073177687546
0.39874181895282795,0.5688603327268587,0.03239784832031302
0.38842653621648887,0.5835669404717005,0.02800652331181091
0.49242465581822953,0.4700116993752253,0.037563644806545386
0.4327753248481733,0.5286579433587325,0.03856673179309442
0.40983085536011027,0.5493833030301202,0.04078584160976971
0.45292872481650465,0.5193871243358664,0.02768415084762905
0.41875462597481833,0.5504403845046744,0.030804989520507173
0.4351918798419171,0.5280536032250033,0.03675451693307958
0.14996693118128748,0.04715918346629456,0.8028738853524179
0.4402329323698549,0.5254561565820364,0.03431091104810893
0.47380995520227054,0.4875739649426358,0.03861607985509372
0.44109583721826007,0.5200542796620485,0.038849883119691356
0.38622070094349764,0.5678653264558531,0.04591397260064941
0.6081400085619704,0.3575950238410135,0.03426496759701618
0.4140492846282011,0.5511018115991821,0.03484890377261653
0.4853780841039639,0.40426672146180426,0.11035519443423181
0.5629106644052795,0.3932485744236931,0.04384076117102752
0.43092198967173256,0.5311925771927157,0.037885433135551545
0.4362483559713347,0.5195724292585004,0.04417921477016482
0.5285020506322854,0.43119691429023577,0.04030103507747866
0.51314757962384,0.45027002208355954,0.03658239829260046
0.40781299386805187,0.5612109813518646,0.030976024780083912
0.5175913381827909,0.4428091965534935,0.03959946526371553
0.392434036075342,0.5731565686243728,0.03440939530028502
0.3996232308124972,0.5671059610793292,0.03327080810817356
0.572960662552047,0.37952399188131436,0.047515345566638695
0.41098871486453536,0.5526484128051851,0.03636287233027951
0.4465959852051395,0.516663334036302,0.03674068075855862
0.4077069711945614,0.5575585084319951,0.03473452037344378
0.43821015676429165,0.5274465120964125,0.0343433311392958
0.5051729450619146,0.4566604762088746,0.038166578729210726
0.5237626062628726,0.4381342276134497,0.03810316612367778
0.5020330560494415,0.456563277947221,0.04140366600333748
0.45153613791574415,0.49988734661522893,0.04857651546902671
0.5195569671168533,0.4416950450879971,0.03874798779514975
0.5665047952890299,0.4015004158006212,0.03199478891034883
0.5327659383018722,0.41842392357025704,0.0488101381278707
0.4194020307997526,0.5433343766412876,0.037263592558960015
0.43698385697090214,0.5227389601952706,0.040277182833827294
0.4314813521322336,0.5398653999058397,0.028653247961926948
0.4227990846272347,0.54832005475788,0.0288808606148852
0.42001552191467617,0.5410017556128465,0.03898272247247736
0.4684177731181243,0.4991087078191479,0.0324735190627278
0.4132686049964884,0.557471139746563,0.02926025525694826
0.4236488728193245,0.5524304164991514,0.023920710681524127
0.4087975752152886,0.49469571640320326,0.09650670838150818
0.5050369081195857,0.45688613176320353,0.03807696011721075
0.5795710840560385,0.38366931833330964,0.0367595976106517
0.44799092134068,0.5171360486801307,0.034873029979189445
0.40690126753472455,0.5558330124476525,0.03726572001762295
0.4083076533763106,0.5553236088822865,0.036368737741403034
0.4845815807824483,0.4788285061954953,0.036589913022056185
0.49175112794665277,0.46841857976578677,0.039830292287560326
0.43412720259547327,0.5316951548305414,0.034177642573985166
0.43273818127161257,0.5349918330150949,0.03226998571329244
0.4412079929200767,0.5273169084170033,0.03147509866291993
0.3859155953253922,0.32665145823518604,0.28743294643942163
0.5273286995780005,0.43605469009408315,0.036616610327916306
0.5584904626802589,0.38076885889562934,0.06074067842411174
0.44106112711700945,0.5211087097117958,0.03783016317119471
0.48942885997561414,0.4750134414475879,0.035557698576797976
0.40315949981835747,0.5605453984411184,0.03629510174052411
0.4235319395714722,0.537545473664304,0.03892258676422367
0.5658307958078852,0.3991505215803275,0.03501868261178746
0.43951247199502913,0.5249300572952209,0.03555747070974986
0.46552645178702035,0.49473324203516017,0.03974030617781946
0.450676245568986,0.5156244348626664,0.033699319568347624
0.5371094919626413,0.4247174014089977,0.03817310662836093
0.48819550466296135,0.47261409025896295,0.039190405078075655
0.39022310110131714,0.5579660385570467,0.0518108603416363
0.43137542578916993,0.5327787350198168,0.035845839191013404
0.42343014683817615,0.5417356503150503,0.034834202846773514
0.4147932080143601,0.5525753974634292,0.03263139452221079
0.46650003371371696,0.4966961250790189,0.03680384120726402
0.44648729906283885,0.5238893505863038,0.029623350350857145
0.5454761625716008,0.4149752792237152,0.03954855820468419
0.42086403569761005,0.5421065584084489,0.037029405893940964
0.41515390005300024,0.5517786232705083,0.03306747667649172
0.4288757290341291,0.5400917696180602,0.03103250134781097
0.43455921001584286,0.5225300084597402,0.042910781524416804
0.43464799616989225,0.528089516165041,0.0372624876650669
0.41220563580674324,0.5499879958798757,0.03780636831338081
0.41897387784680623,0.5413339904018386,0.03969213175135523
0.4120861088049734,0.5503162385609153,0.037597652634111606
0.45967539878399605,0.5046629907400572,0.03566161047594677
0.4181320512420029,0.5440177688836539,0.03785017987434317
0.49957285940149376,0.46262529393659313,0.0378018466619131
0.40528852647322067,0.5621097767803008,0.03260169674647851
0.5003028612483243,0.45780761586394464,0.04188952288773095
0.43833848495233235,0.5259945229516026,0.03566699209606482
0.5238898970411012,0.4366268751529687,0.039483227805929895
0.4088767616667046,0.5616661540636282,0.029457084269667495
0.5657442725311057,0.3992302403946106,0.03502548707428379
0.5073791747403245,0.45724715868202265,0.03537366657765279
0.4134927012621943,0.5492343220948123,0.03727297664299349
0.4436250992961057,0.5252758212692036,0.03109907943469061
0.407257112724536,0.5604665165618617,0.03227637071360247
0.4255189855460633,0.537773696678646,0.03670731777529072
0.44198987611543383,0.5309294471622004,0.027080676722365766
0.43396028447484675,0.5288113156533725,0.03722839987178075
0.522296283526322,0.44115186345989077,0.036551853013787564
0.5550253438493906,0.4061267465496715,0.038847909600937945
0.4772640904467688,0.4837590554571866,0.03897685409604488
0.47260720091935654,0.48796869105232643,0.03942410802831718
0.4279212757424235,0.536717122138277,0.035361602119299736
0.4127313313249125,0.5497050770562009,0.037563591618886664
0.42415785999648437,0.542198686392321,0.03364345361119459
0.45030350905657024,0.5108167712392645,0.0388797197041651
0.43384233692266344,0.5359767317031388,0.030180931374197896
0.48102271701971877,0.48388922850769284,0.03508805447258832
0.4672834009890327,0.4459491596005836,0.08676743941038369
0.48497089503138435,0.478232245953689,0.03679685901492669
0.45965329578290737,0.5037199428342004,0.03662676138289241
0.4896546019182547,0.4688641462810278,0.04148125180071738
0.45837131983342677,0.5035393527083747,0.0380893274581985
0.47601603611052967,0.4896042764340111,0.03437968745545904
0.4698723115140835,0.4911335285406725,0.03899415994524386
0.4404393253797687,0.5273930753079435,0.032167599312287694
0.4519487017237895,0.5088719208415473,0.03917937743466353
0.48420695319527496,0.48212526171917025,0.03366778508555478
0.4251142805991227,0.5389195695790282,0.03596614982184912
0.4155241468016174,0.5474488863582107,0.03702696684017194
0.41535896808703127,0.5461547044919212,0.03848632742104763
0.42855456402846964,0.5352683905313683,0.036177045440161905
0.45430381969007416,0.5112677952932096,0.03442838501671636
0.4518333022214296,0.5090028986204335,0.0391637991581368
0.4150110446407446,0.5460235623976802,0.03896539296157519
0.44817559812793023,0.5174767425716394,0.03434765930043006
0.45959879533500975,0.508306636980089,0.03209456768490115
0.43348706352327926,0.5340734878465528,0.03243944863016788
0.5126667003849296,0.45466969554051107,0.03266360407455952
0.4695800545367887,0.4921033887188225,0.03831655674438894
0.41094207566478286,0.5493636795979898,0.03969424473722755
0.40908110263674136,0.5543794525804389,0.03653944478281984
0.4538574386903097,0.508123375579418,0.03801918573027229
0.4829316823395994,0.48327612158800487,0.033792196072395926
0.570560344175091,0.35239110904568355,0.07704854677922533
0.5736773039977745,0.3945955468860677,0.03172714911615759
0.5002417398387432,0.4612929921243378,0.03846526803691889
0.4109142611929253,0.5532369439901242,0.035848794816950316
0.4150007473769931,0.5453655132621723,0.039633739360834516
0.4133205324118046,0.5462692862154221,0.04041018137277295
0.4255716034112512,0.5406652078017622,0.03376318878698667
0.46647713640779226,0.4934492896741196,0.04007357391808826
0.464989163391565,0.49567671349722037,0.03933412311121468
0.4295313987052274,0.5348814937335251,0.0355871075612475
0.39800763351929347,0.5563574504561751,0.04563491602453153
0.416586038142657,0.5483352017544285,0.035078760102914316
0.5502459595528695,0.41026487497469777,0.03948916547243265
0.43788987313300987,0.5243020353314227,0.03780809153556745
0.41469058078045173,0.5501002751468504,0.03520914407269788
0.40573872207007305,0.5574197591599463,0.036841518769980486
0.5320712093045895,0.43857006767773105,0.029358723017679396
0.5103085889981593,0.45254806192797087,0.037143349073869986
0.4261673013629649,0.53996720628619,0.03386549235084503
0.49419180298337695,0.4731716919816826,0.03263650503494068
0.39520424701324514,0.5641526672172521,0.040643085769502915
0.4176290833670561,0.54600079964034,0.036370116992604055
0.47910564979864123,0.4813198089059889,0.039574541295369955
0.41705081764523555,0.5510811702649974,0.03186801208976721
0.4362739709719098,0.5226588187406241,0.041067210287466134
0.4110538710761302,0.550767948820347,0.038178180103522946
0.5246864550372191,0.4388414578908754,0.03647208707190527
0.4263871261623483,0.5379004982217949,0.03571237561585689
0.4106935144953361,0.5507648180925124,0.038541667412151405
0.44958804727018137,0.5111943131333763,0.03921763959644241
0.45789412708274607,0.5075658789538775,0.03453999396337664
0.5148300761084605,0.44609048539707163,0.039079438494467704
0.47292634527500943,0.4875180998736048,0.039555554851385885
0.496753454434818,0.4687668050952787,0.034479740469903396
0.44659991938986093,0.524449910311374,0.028950170298765215
0.4076435477183227,0.555778448583019,0.03657800369865844
0.5097305912618907,0.4522233921231183,0.03804601661499122
0.4265945847521085,0.5363629759641999,0.03704243928369159
0.4145844168666542,0.5508975637409511,0.03451801939239501
0.47608591500994496,0.4926758183299602,0.03123826666009477
0.4154775698852596,0.5524530271917478,0.03206940292299253
0.4551328134734793,0.5112183763120928,0.03364881021442779
0.4147936682695829,0.5470586448893991,0.03814768684101792
0.40878792499282635,0.5512671257974456,0.039944949209728076
0.42525292389785835,0.5390142478661021,0.03573282823603951
0.4465644566676306,0.531241993591767,0.02219354974060235
0.4367489847715786,0.528436663344559,0.03481435188386232
0.41392712070866966,0.5497737012499205,0.03629917804140976
0.49993060767010866,0.4636768081147355,0.03639258421515596
0.4320680284145237,0.5262868281764248,0.041645143409051524
0.41965819707426033,0.5445795688268438,0.03576223409889581
0.4433504821269838,0.5170393000116518,0.0396102178613646
0.4474320883474964,0.496164942779561,0.05640296887294245
0.3791501990065391,0.5768908911006997,0.04395890989276118
0.5324376380988289,0.42971425649544404,0.03784810540572687
0.5366017427322343,0.4248087693401475,0.038589487927618085
0.5235792102351848,0.4399727980257499,0.03644799173906514
0.5106177665157748,0.45702355887184626,0.032358674612378874
0.4572756808701965,0.5116749701584857,0.031049348971317663
0.4862674022256375,0.47422365017886764,0.039508947595494934
0.4553607089787711,0.5082179816769928,0.036421309344236034
0.4696216666856448,0.5033147635264282,0.027063569787926872
0.4144344863855124,0.5526991286729896,0.03286638494149803
0.4902534154271496,0.4789711315745396,0.03077545299831087
0.4608442911295299,0.5004610438872027,0.038694664983267554
0.48177476760432186,0.48125259558637223,0.03697263680930584
0.40899161932368233,0.5582693739938823,0.0327390066824353
0.4602186541995166,0.5140531103531031,0.025728235447380364
0.4533469208479419,0.5109613268679548,0.035691752284103435
0.5507112847695395,0.4163934041948432,0.0328953110356174
0.4125737446423442,0.5551657311549255,0.03226052420273005
0.4550896297122863,0.5073249790405008,0.03758539124721299
0.4353259558870672,0.531438389151226,0.033235654961706704
0.4156633317490862,0.5484862662011653,0.03585040204974859
0.4671377815053072,0.5006005726888509,0.03226164580584175
0.5439099507076985,0.4163170942107584,0.03977295508154324
0.49691290880342104,0.46518182771054295,0.03790526348603598
0.40451890814784075,0.5641982272171933,0.031282864634965823
0.4719382479813675,0.4955648871898965,0.03249686482873592
0.4936714469243531,0.4704343882095862,0.03589416486606062
0.45859994458423486,0.5052351096273459,0.036164945788419334
0.4398578934208838,0.5252716551926326,0.034870451386483516
0.4833330565037251,0.4859297377780845,0.030737205718190108
0.43699062184667475,0.5424209965810094,0.020588381572316072
0.4256248827908159,0.5410658021558417,0.03330931505334254
0.4414101108355132,0.519385353722336,0.03920453544215079
0.4062357253136427,0.557029734492814,0.03673454019354338
0.4508144911916012,0.5188710500913698,0.030314458717028942
0.5278043714487114,0.4387822123444896,0.03341341620679908
0.44418771624196557,0.5163604455093868,0.03945183824864779
0.40297464989675996,0.5591335581344012,0.03789179196883863
0.4080812636202715,0.5528766636191128,0.03904207276061585
0.41219309267869053,0.5607829966925995,0.02702391062871001
0.5289617130053782,0.43300504575258153,0.0380332412420405
0.42716138538156323,0.5433909665425477,0.0294476480758889
0.44359100071271,0.5186927079219945,0.03771629136529548
0.46311010788164425,0.501365840042057,0.03552405207629875
0.5388210359444531,0.4201498916637858,0.041029072391760874
0.4399556827463268,0.5285856782172016,0.0314586390364716
0.47296967258697736,0.489985134590035,0.03704519282298746
0.4377969395800985,0.5176990285121827,0.044504031907718525
0.4216510176342122,0.5400541859627288,0.038294796403059064
0.5125917820210052,0.4535436212995437,0.033864596679451374
0.5499895766130404,0.41715995974675063,0.03285046364020896
0.4063847702880997,0.5569568001930492,0.03665842951885131
0.2804467602946763,0.5632691823523288,0.15628405735299464
0.4828795922745697,0.47912215848260714,0.037998249242823065
0.44186145805532223,0.5212911862403278,0.036847355704349924
0.5292024637368383,0.4323255431997925,0.03847199306336911
0.43482399270114075,0.5286597685776767,0.03651623872118246
0.4331650275440479,0.5242427903000064,0.04259218215594578
0.5110981796128763,0.4528192268414132,0.036082593545710764
0.5148665945478454,0.4374355129816401,0.047697892470514244
0.4191940692667344,0.5552096719680857,0.02559625876518001
0.40968735060276734,0.5600511131659335,0.03026153623129918
0.5023034920703804,0.46714943203013204,0.030547075899487568
0.4635247223077124,0.5053353004011354,0.03113997729115219
0.4115934012154857,0.5560536284635116,0.03235297032100277
0.5119563587596426,0.44970631153488316,0.038337329705474314
0.45647918281537037,0.5038432043468832,0.03967761283774656
0.49782768586547615,0.4662335187478807,0.03593879538664319
0.42002879731046444,0.544539730005216,0.03543147268431939
0.4473517332510868,0.5200453303034682,0.03260293644544489
0.47718870631576177,0.49314412046635386,0.02966717321788421
0.43332110491826725,0.534369217277908,0.03230967780382462
0.4879897874060517,0.4735024918507866,0.03850772074316171
0.5273729140866653,0.43531421659926367,0.03731286931407078
0.4200496852329017,0.5403122015574581,0.03963811320964024
0.4118374678930584,0.5548084609990183,0.033354071107923405
0.4914341485845433,0.46937404799239146,0.03919180342306514
0.43752844625407233,0.5294762119101241,0.03299534183580364
0.4154249660336706,0.5583629315250357,0.026212102441293947
0.4180942307011309,0.5570656950462364,0.02484007425263256
0.544659177419541,0.42229481945155234,0.03304600312890626
0.5177174467046252,0.45156655244720384,0.030716000848171054
0.5494048886754268,0.3455769395382926,0.10501817178628063
0.4177383221667888,0.5489116869068326,0.0333499909263784
0.5091335561807916,0.45202547682701916,0.03884096699218923
0.5111254582690126,0.4508581654039052,0.03801637632708208
0.4266694693799552,0.5364909822968383,0.03683954832320634
0.4313324627710389,0.5317106866404901,0.036956850588471125
0.45854498441176317,0.5071846866461541,0.034270328942082776
0.4171555916882525,0.547016258285493,0.03582815002625469
0.40194247403617955,0.5640143302594609,0.0340431957043592
0.4239341909857209,0.5411348549449154,0.03493095406936375
0.3878517204835137,0.5878658325535011,0.02428244696298516
0.4121651114374726,0.5515989745051855,0.036235914057341875
0.4093252756675029,0.5568303416157496,0.0338443827167475
0.42969392818023655,0.540253885122129,0.030052186697634323
0.457244269121044,0.5070272477497567,0.035728483129199136
0.4402916503546073,0.5217939818414882,0.037914367803904454
0.47793891244520675,0.4979015634084863,0.024159524146307034
0.5210780754949362,0.445229153628756,0.03369277087630778
0.4541126884063851,0.5000073900307637,0.045879921562851214
0.44333007269463426,0.5176740892849293,0.03899583802043652
0.44025259655470494,0.5248447217370676,0.03490268170822758
0.4264296457205229,0.5488116718551453,0.02475868242433153
0.4274927418226014,0.535581267901126,0.03692599027627251
0.42043438060588656,0.5456493029258724,0.03391631646824096
0.4195831555782748,0.5413523151742063,0.03906452924751884
0.4595080132286487,0.5016637310596902,0.03882825571166101
0.43384858163614254,0.5299307626921631,0.036220655671694246
0.4559174288380844,0.502099334721177,0.04198323644073875
0.4214228590400804,0.5421727734740706,0.03640436748584891
0.5113751954743699,0.4518492471669944,0.036775557358635795
0.40371911989631587,0.5640118308632986,0.032269049240385324
0.5288310255310408,0.42684810245754673,0.044320872011412354
0.44678506968941434,0.5129100338104615,0.04030489650012414
0.4470398101754745,0.5143557674662119,0.03860442235831335
0.4194273463146188,0.544093806402469,0.036478847282912015
0.4761614847221437,0.48674543116156055,0.03709308411629571
0.45997864576860426,0.5051780437622476,0.034843310469148
0.4200637442670942,0.5462308880020222,0.03370536773088346
0.43745628134566505,0.5284617395738241,0.03408197908051077
0.4440471973504363,0.5279057026770533,0.028047099972510457
0.42084703939298,0.5395284730226791,0.03962448758434108
0.44146586250172876,0.5207024668522043,0.03783167064606707
0.4415288391375314,0.5194888205333419,0.03898234032912694
0.4775035292657624,0.4853200774836957,0.037176393250541964
0.4271939991952454,0.5389722517572316,0.03383374904752278
0.4815482179708427,0.4896816382588157,0.028770143770341667
0.40468475209202825,0.5618625719600049,0.033452675947966484
0.42339991742495614,0.5512655056892947,0.025334576885749145
0.40801162697259075,0.5584648956682883,0.03352347735912097
0.4461254846000464,0.5199822429389602,0.03389227246099322
0.40848129111326126,0.5579057798382414,0.03361292904849719
0.4117853346563058,0.5521301740155916,0.03608449132810251
0.41598473052443985,0.5532862115984648,0.030729057877095664
0.41177606623020874,0.5506655217762899,0.037558411993501406
0.42756880488017157,0.5333389059849722,0.03909228913485626
0.47623124685082563,0.36159688123453243,0.16217187191464189
0.45715694931276435,0.5128946900897856,0.029948360597450104
0.5532872719952291,0.4164444741868572,0.030268253817913572
0.4935890660863623,0.46638668283059476,0.04002425108304283
0.41930957740578045,0.5446374959114417,0.036052926682777826
0.4390856830617876,0.5263871025563014,0.034527214381911024
0.43129405449961106,0.5320712378931708,0.036634707607217876
0.48461346972451175,0.46544583408800966,0.04994069618747847
0.4589135962783597,0.49229111906453776,0.04879528465710245
0.5083442607961508,0.4509371513992441,0.04071858780460477
0.48512230954016483,0.477377817250274,0.037499873209561316
0.45233614664714794,0.5031611011305478,0.04450275222230448
0.40860488633348,0.5540126404247532,0.03738247324176694
0.4588001612023384,0.500927697344993,0.04027214145266852
0.42399359607169324,0.5433414059958717,0.032664997932435186
0.4331513545046002,0.5310712605288406,0.035777384966559495
0.42406096786548475,0.53626077428444,0.03967825785007504
0.4570467715834735,0.5108242455297807,0.03212898288674572
0.408706487357901,0.5540403929098191,0.03725311973227996
0.4841403577120377,0.48043159888230114,0.035428043405661004
0.4589848971079809,0.5014911954765977,0.03952390741542129
0.45571749128483796,0.5080262383829877,0.03625627033217402
0.49224940527520106,0.4751401929210013,0.032610401803797415
0.44450913725452385,0.5151840776339488,0.040306785111527174
0.41754776933347104,0.5468881193250787,0.03556411134145026
0.4178480664998241,0.5477783301346599,0.034373603365515766
0.45484297734583645,0.5160502979963556,0.029106724657808093
0.5002351618191179,0.46536315733014544,0.03440168085073671
0.502742107751204,0.4170926114058641,0.08016528084293192
0.4148342166593514,0.5497013812237198,0.03546440211692883
0.459650866215982,0.5047930581856177,0.03555607559840028
0.44003275315808416,0.5232739793885404,0.036693267453375644
0.5498237727552018,0.41869353706910384,0.03148269017569419
0.46486190886170226,0.49730600242204603,0.037832088716251586
0.5364653511568979,0.42464679741442435,0.03888785142867784
0.5532592855352036,0.4129254796377458,0.03381523482705046
0.5389955741398983,0.4214280205924656,0.03957640526763614
0.4522785690051344,0.5108121326776981,0.0369092983171674
0.48790373316856656,0.4849367851732057,0.027159481658227857
0.4182484792657034,0.5448311350768589,0.036920385657437854
0.3999600769941447,0.5624241797190489,0.03761574328680625
0.4052265907837389,0.5583003296052557,0.03647307961100538
0.4518320965027885,0.5156934390960205,0.03247446440119098
0.4631448447909419,0.49821363132090074,0.038641523888157364
0.41805890219430375,0.5473033704971119,0.03463772730858424
0.4924566609604083,0.4798550834943352,0.02768825554525664
0.43684681996364105,0.5174721319209269,0.045681048115431964
0.410967170783464,0.550649586248791,0.038383242967745125
0.46497333424724846,0.5067828512123652,0.02824381454038657
0.40316651190578134,0.5577392954525543,0.03909419264166427
0.5031839775498236,0.45752996861663536,0.0392860538335409
0.4417497089698872,0.5196397535670231,0.03861053746308974
0.4141020710329798,0.5476361193129886,0.03826180965403146
0.49561794329907666,0.4661656871610614,0.038216369539861995
0.5057148789496504,0.45792873845122745,0.03635638259912209
0.5263058265261122,0.39464732753209597,0.07904684594179187
0.5171061016247133,0.44500151968207013,0.03789237869321661
0.522207744907542,0.44069098508835064,0.037101270004107546
0.4090761787372957,0.5547762034511429,0.036147617811561374
0.4216622659984868,0.5488107777410971,0.029526956260416185
0.41371492817865835,0.5555899680363607,0.03069510378498101
0.4261870020564755,0.5350183508287752,0.03879464711474908
0.4096558421101956,0.5541011222862776,0.03624303560352679
0.45613592334670516,0.5050262341506588,0.03883784250263596
0.5686511394689913,0.37614905394205866,0.05519980658895006
0.4516129018557503,0.5127750832967705,0.03561201484747893
0.41395736534110616,0.5482877699989489,0.03775486465994478
0.4163654873251686,0.5516632249491462,0.03197128772568515
0.4722235015056264,0.49389180754686274,0.033884690947510704
0.3949901071836584,0.5657422387205151,0.0392676540958264
0.4955490021961898,0.4780587847474577,0.026392213056352337
0.4190763069202049,0.5485438726972507,0.03237982038254456
0.5518519201379868,0.4090294826862611,0.03911859717575238
0.4227447422168177,0.5467407959113875,0.030514461871794893
0.4285646859813805,0.5366771488791647,0.034758165139454913
0.4950194614741577,0.46638402539054424,0.038596513135298015
0.4351758330352338,0.5328954672820067,0.03192869968275948
0.27627538171115784,0.5042077851772457,0.2195168331115961
0.6009894106928165,0.3565511873391443,0.04245940196803896
0.47212165667179756,0.36923343746113085,0.15864490586707142
0.4187722880152139,0.5440898125553651,0.03713789942942095
0.5147851090048272,0.4471224249253887,0.03809246606978411
0.4528066142195105,0.5077072301029123,0.03948615567757703
0.42527627998120066,0.5418853416363314,0.03283837838246763
0.45345021685112846,0.5144210436064777,0.0321287395423936
0.4372127128117689,0.5283546740694584,0.03443261311877284
0.41920772916017757,0.5399062512306151,0.040886019609207416
0.4087909365271528,0.32349135230402576,0.2677177111688213
0.4451477992098918,0.5196131010605676,0.03523909972954057
0.4148542489478303,0.5444067406335409,0.04073901041862861
0.41923077588344376,0.5425348513691531,0.038234372747403
0.28661194315482896,0.5476004281311698,0.16578762871400113
0.4622949857353195,0.5010607293030067,0.036644284961673955
0.5031258764876998,0.4692307507289105,0.027643372783389655
0.41151239088004904,0.5546163918218927,0.033871217298058275
0.4203393452646263,0.5406866199885431,0.03897403474683048
0.5180422577576435,0.44460266640421464,0.03735507583814192
0.4173250594149998,0.5483495192122917,0.03432542137270833
0.43108384717282294,0.5300016649020743,0.03891448792510281
0.4199334525221112,0.5446834248598125,0.03538312261807613
0.48715194104702114,0.4733892620266323,0.03945879692634659
0.45197497782835727,0.5104563193526561,0.037568702818986686
0.443666633375106,0.5176836463357284,0.03864972028916582
0.4313386488746597,0.5366306429730694,0.03203070815227077
0.5684677919758259,0.3880932705897885,0.043438937434385726
0.17198310109272147,0.412390164886274,0.4156267340210044
0.4364774766587452,0.5310861453550664,0.03243637798618829
0.4016336860950515,0.5614997551760128,0.036866558728935614
0.431101225510053,0.534419974978782,0.03447879951116504
0.49697921954383995,0.46707301961410735,0.035947760842052895
0.4120274978284395,0.549787203686347,0.038185298485213424
0.41933931453340795,0.5498565507384832,0.030804134728109223
0.5194184940426768,0.4389054348377483,0.041676071119574803
0.47668646168441453,0.4374156011390671,0.08589793717651831
0.44025226165396397,0.5224528250692453,0.03729491327679046
0.5425439171983654,0.423345307357039,0.03411077544459578
0.40907324957919095,0.5515813903270694,0.03934536009373943
0.41864058888325395,0.5426230891561394,0.038736321960606224
0.42020683288834637,0.5409502867374198,0.0388428803742339
