0,1,2
0.4496066474533242,0.4348818558043686,0.11551149674230698
0.45001123379595204,0.44280963109000315,0.10717913511404482
0.4453078758644762,0.5264327945909851,0.02825932954453857
0.5127506370244639,0.4566708745473098,0.030578488428225692
0.4537157465368112,0.4331742491256351,0.11311000433755415
0.45902167784367054,0.5233239003809493,0.017654421775380635
0.46693119679854933,0.5047160289278487,0.02835277427360209
0.47113028151634834,0.5125050867504347,0.016364631733216648
0.5305231014399205,0.45590184905150205,0.013575049508577056
0.336411169068605,0.6571572569715095,0.0064315739598852445
0.4847026272454757,0.5006358053422391,0.014661567412285376
0.4714821421657871,0.5094115438616857,0.019106313972526885
0.48208540993125365,0.4877936842540796,0.03012090581466664
0.46271666840029757,0.5110306530698616,0.026252678529840947
0.5445358745773903,0.4372638420484724,0.018200283374137094
0.46484276298959865,0.5124494579604687,0.02270777904993291
0.44423859661378473,0.5127921987129552,0.04296920467325975
0.49067919566309126,0.47417226209611496,0.03514854224079399
0.4566744665544371,0.5119862563671131,0.03133927707844995
0.4654317111299244,0.4471131132839197,0.08745517558615587
0.4606023175508519,0.4655286754316973,0.0738690070174507
0.36649952787019685,0.3893581285686217,0.24414234356118072
0.4610063006246133,0.5211570322142286,0.01783666716115794
0.4308089976017694,0.5292135835509044,0.039977418847326564
0.4980274204225778,0.43532409395933325,0.06664848561808862
0.41043965669537114,0.5546912020139704,0.034869141290658906
0.38208374398942846,0.4545196308683842,0.16339662514218747
0.47020015949982247,0.5104247681601236,0.01937507234005414
0.4393333791268587,0.5185514573252564,0.042115163547884575
0.28010070787969743,0.7180607364125701,0.0018385557077317603
0.4911688783844986,0.4787942937378707,0.030036827877630526
0.480084426692408,0.4935595059803607,0.02635606732723178
0.45723197626456547,0.511348799197295,0.031419224538139265
0.4842149437815182,0.4903361519433264,0.025448904275155632
0.5087692357431107,0.4611421435285095,0.030088620728380023
0.5182144765830984,0.4475261332386059,0.03425939017829624
0.45124187894061873,0.5297076196490957,0.01905050141028567
0.5247059355280465,0.46447723220882603,0.010816832263126908
0.42012725444408444,0.5406247937702047,0.03924795178571134
0.4690259902279835,0.4936317938917451,0.03734221588027129
0.39614556055302874,0.5495158010928081,0.05433863835416338
0.39707546282441997,0.5798651159388105,0.02305942123676968
0.46233030422093047,0.493293196312403,0.04437649946666684
0.43735260179264585,0.5534853584791655,0.009162039728189403
0.4500705656925918,0.5391582229705008,0.010771211336907303
0.5487852782125829,0.42222490358139597,0.0289898182060214
0.4245610411788559,0.5461779705162677,0.029260988304877063
0.4994310085673645,0.4787925775423382,0.021776413890297053
0.6178362247538436,0.36455640806262557,0.01760736718353075
0.4656450831905131,0.5004332650914916,0.03392165171799558
0.4578409641563391,0.5234370722996012,0.018721963544060114
0.565659838318987,0.41461873235389063,0.019721429327121953
0.48998870535211553,0.48626038607713157,0.023750908570753095
0.4147140115810287,0.5760813322662566,0.009204656152714479
0.41387245253841903,0.4473359703193262,0.1387915771422556
0.46358540729778497,0.41243584982760245,0.12397874287461302
0.4842873021941246,0.4574899182993791,0.05822277950649581
0.5372971279616799,0.4376255133381717,0.025077358700148197
0.4196128078290245,0.5158096094519785,0.0645775827189971
0.5007572521499221,0.465316561226591,0.03392618662348705
0.48497603299328884,0.4943710872265249,0.020652879780186126
0.506368807592195,0.4605301967546737,0.03310099565313148
0.4428708203586221,0.4263653599527741,0.13076381968860426
0.46950738212619636,0.4565249991429605,0.07396761873084344
0.4687880015115148,0.4491108124836831,0.08210118600480157
0.4942158837924855,0.47971469636215486,0.026069419845359487
0.4902666552050495,0.4833038738981813,0.026429470896769457
0.48282295275701137,0.48868342921953745,0.028493618023451003
0.39871308085204343,0.5753131534006923,0.025973765747265065
0.4802751412453281,0.49684279060210873,0.022882068152563242
0.47145547415630157,0.5116926155996645,0.016851910244034204
0.41453289284420775,0.38678218765810063,0.198684919497692
0.5191488522161188,0.45270971602311,0.028141431760771496
0.4599511258771431,0.5264883885009435,0.01356048562191352
0.4368302161365807,0.5018357849240365,0.06133399893938265
0.4668035037732096,0.4832158279888257,0.049980668237964584
0.485474238346721,0.4700867527127701,0.04443900894050924
0.4497878972513758,0.5263131898770883,0.02389891287153618
0.5043594107413736,0.40815484875633046,0.08748574050229595
0.4525851559294889,0.4516588355082353,0.09575600856227601
0.4761664011764474,0.5078866383952675,0.015946960428285275
0.3881554604708702,0.6001176781956712,0.011726861333458603
0.46288464480909475,0.5195051438972007,0.017610211293704405
0.4607257941136057,0.5184918930762635,0.020782312810130887
0.5228070189231039,0.4532407498239285,0.02395223125296804
0.4788540569933937,0.4733986909781926,0.047747252028414046
0.4651751276656519,0.5181147876008,0.0167100847335479
0.3605342066114843,0.6346910258966408,0.004774767491874114
0.3014556777441294,0.6968937395949403,0.0016505826609308544
0.5324112279426327,0.40339790066008235,0.06419087139728463
0.44115931595227975,0.4332998552151341,0.1255408288325865
0.4582658116271254,0.4848342714697941,0.05689991690308053
0.4693550051070018,0.5169620034145959,0.013682991478402648
0.4771592432716797,0.5106023805927583,0.012238376135562168
0.547550374306156,0.4327101567479042,0.01973946894594011
0.4690812513698891,0.48301960586796955,0.04789914276214096
0.41772265769964245,0.48030439540379427,0.10197294689656411
0.45808683460412614,0.5226926000217301,0.019220565374144495
0.4887062975639812,0.48786819630176326,0.02342550613425538
0.4933763835860763,0.48402892729754154,0.022594689116382245
0.48702377122637,0.48693362098837745,0.026042607785252383
0.39019752498158583,0.49367197075983377,0.11613050425858
0.5503419674649129,0.42715760542815656,0.02250042710693084
0.5255977600051043,0.45891761892882565,0.015484621066070087
0.40652520681067694,0.5688026805076942,0.024672112681628472
0.4840090208932302,0.4836254259131134,0.032365553193656214
0.4648981440861254,0.4952467932422566,0.03985506267161818
0.4535977767558624,0.5138475278044441,0.03255469543969321
0.49753002893017423,0.4896420065535119,0.012827964516313264
0.4998536535110727,0.467329420421163,0.03281692606776395
0.4235151034439084,0.5563624656952081,0.02012243086088318
0.6224836267777256,0.3710506009405152,0.006465772281759039
0.47023156395789734,0.4960479790912674,0.03372045695083522
0.5246218430233143,0.4410876929015511,0.03429046407513474
0.49401663564151377,0.4662180031991393,0.03976536115934662
0.5312839122113724,0.4315542528638837,0.037161834924744466
0.5177455193453071,0.4343542224100233,0.04790025824466883
0.554292102630423,0.42153491955831274,0.024172977811264627
0.5163908830578596,0.4613488271239215,0.02226028981821897
0.38691862238376884,0.6024000195990965,0.010681358017135312
0.46735233201251314,0.4943530074023291,0.03829466058515788
0.5099161168863918,0.43695276514290765,0.0531311179707004
0.44565232915490904,0.5295086788837429,0.024838991961348148
0.4843206083106768,0.4824069408215842,0.03327245086773879
0.11312810210490439,0.8868630734825467,8.824412548400425e-06
0.4372827451716986,0.5402737208876969,0.022443533940604558
0.47561730392877183,0.49922842734275114,0.025154268728476977
0.45798276412901057,0.5237830024925473,0.018234233378442134
0.38477238860379437,0.6037812827750212,0.011446328621184164
0.47753002280542295,0.5043643926164365,0.01810558457814027
0.47590258504200017,0.4845301629990401,0.03956725195896005
0.4869073221044913,0.4931958938898602,0.01989678400564832
0.4969516826566381,0.4808926707082907,0.022155646635070827
0.5388351422042109,0.44589693009974973,0.015267927696039399
0.45266676623043745,0.515094200590168,0.032239033179394805
0.3945707551616055,0.5922167914990845,0.013212453339309453
0.4618240596053571,0.4246705442097026,0.11350539618494032
0.37599187248839333,0.6055978786962942,0.018410248815312624
0.4910035609091598,0.47996573147340293,0.029030707617437326
0.4284990115414947,0.5458460757874801,0.025654912671025248
0.5082348194272136,0.4781986232283929,0.013566557344392965
0.47043693364347494,0.5162616579927628,0.013301408363762347
0.48429697153828877,0.46736067688046584,0.04834235158124544
0.46337200123903344,0.44108759655261104,0.0955404022083556
0.3361510936047594,0.5625249909760079,0.10132391541923279
0.4474508166691145,0.5188684722769296,0.03368071105395556
0.4938463234701922,0.46851503740628164,0.037638639123526385
0.48380420877100977,0.4777608080763249,0.038434983152665
0.47780900702030993,0.48596731709683116,0.036223675882858936
0.4534921572921673,0.5240101193051658,0.02249772340266719
0.5010571109901972,0.4460464871156101,0.05289640189419251
0.4394226052273455,0.5316243690830771,0.02895302568957715
0.4622215224480396,0.4678665835658544,0.069911893986106
0.4313710104154761,0.5562654279889756,0.0123635615955488
0.47411196223418256,0.4865946316360626,0.039293406129755244
0.3664401747717021,0.5994512957813717,0.03410852944692566
0.2772635831665638,0.7091107796959413,0.01362563713749471
0.4293122350303755,0.5009322617266356,0.06975550324298888
0.45606914514319596,0.42631277395829265,0.11761808089851135
0.4944132362844393,0.4748237211438023,0.03076304257175842
0.48015557939643233,0.48532808833396424,0.03451633226960362
0.4431645458221664,0.52055000580465,0.03628544837318404
0.496452813870288,0.44955364927505725,0.053993536854655154
0.32170536776854414,0.667289032374036,0.011005599857419663
0.4619173967477134,0.4962639196976945,0.04181868355459224
0.44721377445094135,0.5010653629458189,0.05172086260324013
0.4680287527638538,0.5082019799842257,0.023769267251921366
0.5116225041062882,0.39489391176101946,0.09348358413269231
0.4465824436737582,0.5151765280747704,0.038241028251471305
0.479076973767118,0.42014213870414063,0.10078088752874143
0.4314877642090927,0.5331612491025278,0.0353509866883798
0.46278001180565465,0.5160792721449113,0.021140716049433836
0.48784650867492657,0.46012299913017163,0.05203049219490175
0.4636712657238924,0.47289329480442666,0.06343543947168115
0.43148338864677355,0.47397485563616304,0.09454175571706316
0.4549270343947819,0.47269581190152393,0.072377153703694
0.5231213814641985,0.4628203996037296,0.01405821893207239
0.48284361662145436,0.49126811512297064,0.025888268255574807
0.4697815070321682,0.51137319940136,0.01884529356647231
0.4828157734124485,0.4721463500667102,0.04503787652084107
0.5298016820948266,0.4537853788751612,0.016412939030012213
0.48023602953200967,0.4742299111762848,0.045534059291705904
0.45740687282861753,0.4498589617264512,0.09273416544493139
0.504082358995153,0.4350104459702339,0.06090719503461287
0.44581715103011943,0.47278093623776013,0.08140191273212016
0.5163182104359239,0.45557987589945814,0.02810191366461834
0.0016971166084716748,0.9983028833915251,2.6300660032480686e-15
0.508756595953985,0.46408233490443285,0.027161069141582183
0.4939635917430803,0.48400574570390054,0.02203066255301935
0.38972494364414434,0.44214649952279556,0.16812855683306083
0.5321561061521116,0.43170669208605117,0.036137201761837455
0.47994028053956583,0.4770768136627555,0.04298290579767856
0.46543095329879625,0.4657617258731758,0.0688073208280274
0.417455704151985,0.5724380861654214,0.010106209682592958
0.46993183938202643,0.5018371885798325,0.028230972038141372
0.4984120434156792,0.48584479876994885,0.015743157814371647
0.44342755934316647,0.5246479710174755,0.03192446963935793
0.10479152219335636,0.895185090739972,2.338706667043087e-05
0.5192061780610505,0.4631659386206335,0.017627883318316263
0.5343519273891363,0.43668509894199176,0.028962973668872252
0.4337833653903046,0.5473162551901886,0.018900379419507285
0.4242141950811605,0.5437551660941827,0.0320306388246566
0.4513742509590268,0.48212649568725174,0.06649925335372113
0.46781640471083386,0.4709618293990977,0.061221765890068475
0.44305556891376235,0.516216513087299,0.04072791799893872
0.4014232211507502,0.5704561338437405,0.028120645005509343
0.55446649151677,0.4297826222619661,0.015750886221264193
0.4308675735386227,0.40796665457659537,0.16116577188478262
0.5097335783898442,0.444354476182511,0.045911945427644665
0.4647477508144543,0.5147887311379442,0.020463518047601784
0.5506018023551456,0.43398700789378836,0.015411189751066447
0.47213274489536006,0.4815644574871403,0.046302797617499204
0.44640253920503387,0.4876302572902107,0.06596720350475471
0.44360740929861076,0.5125955283668736,0.04379706233451573
0.3855727692393766,0.4254181023487992,0.1890091284118251
0.4899427724742416,0.47213216928552304,0.03792505824023581
0.45445811734274233,0.5337192945144988,0.011822588142758656
0.4949660919784794,0.479908311321352,0.025125596700168513
0.44795996190434273,0.5389365844451448,0.013103453650512697
0.4533359938667541,0.5289173558939742,0.017746650239271376
0.514570557642382,0.4683639176205729,0.017065524737045343
0.5005759802057663,0.4763862627815372,0.023037757012696176
0.41210631535959036,0.5598354701732401,0.02805821446716982
0.4344869230122247,0.513255252603572,0.052257824384203094
0.39860275460477046,0.5773412492333733,0.024055996161856125
0.46626930143136613,0.4980972972599655,0.035633401308668725
0.4746950333868563,0.5013646955629969,0.023940271050146587
0.5729021756377831,0.40824518444011615,0.018852639922100782
0.4347203585399913,0.5396347796158389,0.02564486184416934
0.45959407124427515,0.40555517232416755,0.13485075643155753
0.4858406119689682,0.47325785436058115,0.04090153367045101
0.5230208931344126,0.4051199862412081,0.07185912062437941
0.37503827895179664,0.6050103452346106,0.019951375813592315
0.4473605099463164,0.4648009089638976,0.08783858108978645
0.4857738397726961,0.475243776671886,0.038982383555418096
0.5097431069472288,0.462560347240472,0.027696545812299203
0.5261554536487589,0.3945230021082915,0.07932154424294925
0.4934945767294971,0.48932231712352803,0.017183106146975075
0.45430198861772725,0.45730648079932446,0.08839153058294816
0.4645777352687631,0.4771916917962772,0.05823057293495945
0.40545277045156664,0.5334436637146133,0.06110356583381968
0.48294963263171786,0.503430118569724,0.013620248798557753
0.5386853543364848,0.4335590040664098,0.027755641597105373
0.3999334493251915,0.5744593965211761,0.025607154153632544
0.4721631621337555,0.47660134789642455,0.051235489969819206
0.4091036470812062,0.5345306336612422,0.05636571925755119
0.4592974141578764,0.4760893934739539,0.06461319236816959
0.3763285769302136,0.5620467147008378,0.06162470836894949
0.4602441057017469,0.5113182274912549,0.02843766680699864
0.4341140447851074,0.5387103345650718,0.027175620649820466
0.44530053600044134,0.4631427028622148,0.09155676113734372
0.4757536265142578,0.4243586860425198,0.09988768744322271
0.4110612456981549,0.5303518782915279,0.05858687601031756
0.44560423887872735,0.5200831493773825,0.03431261174389067
0.5123867217374029,0.4700960851540415,0.017517193108555713
0.48003069707568924,0.47592240566559774,0.0440468972587134
0.49111917283050327,0.4739755255787228,0.034905301590774124
0.4726057789775342,0.5037199325721567,0.023674288450308927
0.47552520820935207,0.45912532806385087,0.0653494637267973
0.44566402355034007,0.5175821714368465,0.03675380501281375
0.5086803576666377,0.4654346481170823,0.02588499421628051
0.49617897782832465,0.4897463235902616,0.014074698581413308
0.33139709930922856,0.5395075807690799,0.12909531992169193
0.43527622718959824,0.439553639136382,0.12517013367401972
0.44074234870424417,0.5364456173011042,0.02281203399465167
0.46308978492416825,0.44374120431798236,0.09316901075784977
0.45981509515411034,0.4860255411285681,0.05415936371732174
0.4451512668836771,0.380018327847302,0.17483040526902044
0.45862630483621414,0.4391020769707071,0.10227161819307856
0.43962343454869135,0.4716826740870892,0.0886938913642197
0.29479095253575477,0.28069982097777846,0.42450922648646716
0.5189116824588375,0.45702038959106256,0.024067927950100012
0.45083951289359253,0.511741653862762,0.0374188332436459
0.48079248828433113,0.47195486855676116,0.04725264315890756
0.4950903366361552,0.47793375556310397,0.02697590780074085
0.451495492418847,0.5327786969251431,0.015725810656009895
0.49351247167394013,0.48586104468288904,0.02062648364317045
0.03820583051613983,0.9617939886992392,1.8078462273995495e-07
0.3436220813174148,0.6361585536667298,0.02021936501585584
0.4276522818803984,0.5062737939856926,0.06607392413390901
0.4645484170127897,0.48105156860441084,0.05440001438279965
0.534302791631318,0.38999775490180394,0.07569945346687823
0.474132093765616,0.48304450810688654,0.04282339812749701
0.4838566840037298,0.4883730667153065,0.027770249280963676
0.3716791693653418,0.6192115266686088,0.009109303966049297
0.5196716265149594,0.43100708047539976,0.04932129300964145
0.4424476615028178,0.506213379749791,0.05133895874739161
0.4686115053033104,0.4655718451456407,0.06581664955104911
0.5456010065387272,0.4113576727249748,0.043041320736298454
0.48970325545742605,0.4911923209097427,0.019104423632831363
0.3943270319841057,0.5183627714414376,0.08731019657445747
0.4642105636213133,0.5227317180840526,0.013057718294634273
0.47634763859607643,0.485159510680429,0.03849285072349429
0.46683004308544634,0.4704815831235292,0.06268837379102482
0.47697453686164165,0.4984924846823471,0.024532978456011188
0.49739962599488813,0.466294578032476,0.03630579597263558
0.38782825607497046,0.5787007151496876,0.033471028775342054
0.351532970166886,0.6377182619169047,0.010748767916208945
0.41898361232405545,0.5574881629571061,0.02352822471883857
0.46076261977215555,0.49750962252391684,0.0417277577039274
0.46115783981425607,0.5154759600445135,0.023366200141230777
0.49353491561414214,0.4841026752234643,0.022362409162393206
0.4736373836432784,0.4989351564550062,0.027427459901715558
0.5148277300355454,0.42880756737331815,0.056364702591136816
0.46522133660123355,0.5109830069685957,0.02379565643017126
0.46875005727755203,0.4773811374337633,0.05386880528868464
0.13872101071479614,0.8612404346507131,3.855463449053314e-05
0.4736275444069091,0.5036714639984685,0.02270099159462214
0.5365331603379031,0.4261676393737311,0.037299200288365544
0.36645300102009865,0.5763120273025876,0.05723497167731406
0.5031683416520999,0.4611181621199413,0.03571349622795902
0.39083376940573383,0.5304265017981229,0.0787397287961433
0.4465474481772569,0.5101453426804593,0.043307209142283996
0.5090078472771276,0.4732150804251825,0.017777072297689486
0.4772346198645949,0.497677475011296,0.025087905124109404
0.4677731020510135,0.517649460145982,0.014577437803004824
0.4481606276729683,0.5011310310058638,0.05070834132116779
0.4417646891787167,0.4141078058091674,0.1441275050121156
0.39013744179885623,0.5699381350470476,0.03992442315409618
0.49473359754373114,0.464472034767695,0.040794367688574154
0.5955253406400869,0.3893720866016405,0.015102572758272502
0.48788409998639837,0.4907353148064639,0.021380585207137676
0.551449023724105,0.41847963516901127,0.030071341106883958
0.4952527723237328,0.4619081336030242,0.04283909407324333
0.4887471577098282,0.4976886326485965,0.013564209641574882
0.46555676765579324,0.355334498316448,0.1791087340277585
0.4300809284068243,0.5347795080421203,0.03513956355105562
0.4456320469592103,0.5406647627197472,0.013703190321041631
0.4843973548967169,0.4978743233705443,0.017728321732738493
0.4917148263424927,0.48019008225024645,0.02809509140726007
0.4966448136736731,0.47637667987479665,0.02697850645152994
0.45843069376855977,0.5077149392531347,0.03385436697830589
0.436665318861994,0.5528109116638299,0.010523769474176848
0.4462727396669816,0.43075009097169814,0.1229771693613198
0.4416609099646538,0.5394663031339211,0.01887278690142479
0.46709274185568894,0.5124102441795888,0.02049701396472249
0.4401480610787451,0.48351693004719787,0.07633500887405714
0.3890151872207867,0.40245154416670864,0.20853326861250468
0.47416893367436447,0.4672029240754816,0.05862814225015347
0.48338620340137445,0.5026404859119021,0.013973310686723707
0.44574049897778645,0.5144313047054321,0.0398281963167812
0.45104402453984904,0.5204291964406617,0.02852677901948938
0.39676958897850195,0.5048330454287243,0.09839736559277375
0.44438516280927814,0.5239903085010804,0.03162452868964197
0.46136992701334895,0.5230571947170931,0.015572878269558063
0.4437767791904792,0.5324666186618859,0.02375660214763521
0.49741758968163896,0.46028762724028754,0.0422947830780731
0.38677845630171936,0.45106725765994443,0.16215428603833582
0.4178431439170991,0.5726023204518038,0.009554535631096789
0.2978051938272531,0.6910993207667843,0.011095485405963395
0.41560290790571397,0.5582081937204213,0.026188898373864396
0.46376910587967496,0.5189381764616199,0.017292717658705065
0.2489342359919604,0.7472656160318062,0.0038001479762331896
0.4633543888782135,0.5190382520964341,0.017607359025352032
0.47897983827996327,0.5062602788445653,0.014759882875471668
0.5045243140556623,0.4726641029039316,0.022811583040405793
0.5668143448779432,0.4060311387117371,0.027154516410319716
0.47301634629471323,0.48579987582575035,0.041183777879537246
0.43639889376973967,0.530576230173405,0.03302487605685544
0.4705692428019125,0.48179678038677765,0.04763397681131041
0.46858450447658084,0.510903640659626,0.020511854863793377
0.47210968084345895,0.47438937876794424,0.053500940388596596
0.45477689568122054,0.46975956290731175,0.07546354141146752
0.44931140348301657,0.4435302914382025,0.10715830507878069
0.5283497827236315,0.41863452187958633,0.05301569539678211
0.47331994958696205,0.48069322712947277,0.045986823283565646
0.5446549955382203,0.4170805773659885,0.03826442709579121
0.47511829692364355,0.4975356312500139,0.027346071826342563
0.48489655567509143,0.4803649504495354,0.034738493875373505
0.44034098430342544,0.532217406403136,0.027441609293438182
0.49368515571354954,0.4444473688350831,0.06186747545136684
0.48358361712918,0.4844220463590941,0.031994336511725466
0.48746751997703275,0.4502283456649587,0.06230413435800867
0.47328669064882783,0.5038032934368827,0.02291001591428916
0.4755583648567503,0.46619633357864243,0.05824530156460744
0.505194736089931,0.45385544817295853,0.04094981573711058
0.31515262090033047,0.6736648609625133,0.011182518137155872
0.5028398144642029,0.441063909534617,0.056096276001179876
0.4751503860379471,0.5107140371044941,0.014135576857558677
0.4404026627677275,0.5317972495198147,0.027800087712457525
0.49237720874677987,0.4821067860520005,0.02551600520121981
0.4784120262372289,0.4771276742628348,0.044460299499936295
0.44615196318412403,0.5026464769144178,0.051201559901457805
0.4717318842555187,0.46964964468604653,0.058618471058434735
0.47042528172255427,0.512461154484083,0.017113563793362787
0.49637484362209505,0.48412635958337646,0.019498796794527883
0.4460453738382679,0.5238793000851896,0.030075326076542647
0.4820383487879053,0.47709969451776013,0.040861956694334435
0.612977315374187,0.3797805147650667,0.007242169860746855
0.5207181475163845,0.4260230094331099,0.05325884305050556
0.3664366189136043,0.6025111273998179,0.031052253686578137
0.2787905484270679,0.26817394399451056,0.4530355075784215
0.5360623595231014,0.4343093002983579,0.02962834017854025
0.4167917353775136,0.35753445502069225,0.22567380960179467
0.43283279606250324,0.5006345237233307,0.06653268021416593
0.45373884486704347,0.4891749262062294,0.057086228926727454
0.4704206927895994,0.4937672550666162,0.03581205214378455
0.48448305793308455,0.4848295958269368,0.03068734623997835
0.4534547257026642,0.5165182425283963,0.030027031768939966
0.44671397597877166,0.5155818702712792,0.037704153749949273
0.4693613159243592,0.48692082965487804,0.04371785442076257
0.40986972182187187,0.5119995930768185,0.07813068510131004
0.46011877419928515,0.499066958869572,0.04081426693114282
0.3896741159577577,0.3240687250216376,0.2862571590206048
0.4108630925152096,0.5140532143832556,0.07508369310153418
0.46169414038392076,0.515478144746391,0.022827714869688633
0.49485692434822365,0.4823203702062586,0.02282270544551816
0.4288896896649477,0.5277362221285957,0.043374088206456815
0.49823542026627377,0.4654728307300421,0.036291749003684114
0.4133796045467113,0.4098064380511868,0.17681395740210198
0.4735379526492032,0.47627194710786275,0.05019010024293411
0.4742235951547982,0.4879190098296076,0.0378573950155941
0.4707783115226276,0.5097613445873717,0.01946034389000056
0.4551074845079572,0.5174407758088303,0.027451739683212142
0.5185782106014786,0.45845059508503416,0.02297119431348725
0.5138770251670294,0.44012517502205784,0.04599779981091252
0.5140491289430982,0.44448855431603645,0.041462316740865694
0.6252055642276922,0.36777007163438147,0.007024364137925882
0.47067300409121693,0.48487287904608845,0.04445411686269534
0.44273448488744166,0.4592194839255691,0.09804603118698939
0.4871132478532375,0.4964945290179009,0.016392223128861565
0.4680197551557148,0.516690992317175,0.015289252527110286
0.4637299062906234,0.5169486750684925,0.019321418640884217
0.4606607700846591,0.49895780853633936,0.040381421379000706
0.49571745602138206,0.483618645798836,0.02066389817978187
0.4940589118739905,0.47324622576640496,0.032694862359604664
0.4782291652835603,0.5054186943789206,0.016352140337518892
0.444254929378191,0.516505537166168,0.039239533455640886
0.48038410491269085,0.4554139600019168,0.06420193508539246
0.4747112420970798,0.5030952177138539,0.02219354018906677
0.5044777112581145,0.43649585251039685,0.05902643623148885
0.4573960245870531,0.4779993913488777,0.06460458406406942
0.4711622883060046,0.4929261668355489,0.03591154485844646
0.48233745500013137,0.47753479467585797,0.040127750324010496
0.4769560254021139,0.4605249604651725,0.06251901413271373
0.4929798367444424,0.4700962516010507,0.03692391165450706
0.36619812343691216,0.5335713794096881,0.10023049715339967
0.417860072271638,0.5042094816026387,0.07793044612572353
0.4009286418791053,0.4191977950155677,0.17987356310532696
0.447836986301376,0.5024296180574706,0.04973339564115325
0.48383254469645876,0.47738193394568684,0.038785521357854465
0.43265928152227073,0.5280099004442972,0.039330818033431796
0.48191586239472595,0.49090330756695716,0.0271808300383173
0.4443262430941658,0.42180751154800045,0.13386624535783384
0.3790279164122618,0.3710868538293948,0.24988522975834368
0.49560016886211694,0.47077793942977564,0.03362189170810668
0.43891663774110884,0.5367272330447322,0.024356129214159798
0.47338904587591196,0.5023730035062018,0.024237950617886573
0.39144863368270877,0.5170613602658359,0.09149000605145498
0.49921192721901847,0.47179620308462517,0.028991869696356466
0.463700458391843,0.4450280105067286,0.09127153110142897
0.46239894039430135,0.49527997960675,0.04232107999894819
0.46571742961000634,0.49644538262840987,0.03783718776158375
0.4525263932119545,0.4894652921729283,0.05800831461511694
0.020614410811162116,0.979385582900096,6.288740465150955e-09
0.4552673884395612,0.5231278794125104,0.02160473214792864
0.4261227700494825,0.5572094621360922,0.016667767814425274
0.46565642029402,0.4461001305846389,0.08824344912134077
0.4924420640222712,0.46877324052934816,0.03878469544838049
0.47808010460098127,0.4700005992372267,0.0519192961617918
0.5256641489802226,0.44645340943758366,0.02788244158219371
0.4731865790372878,0.4779775663022671,0.04883585466044486
0.45490154398331273,0.47682766965742646,0.06827078635926065
0.45870973091467826,0.5196899010180444,0.02160036806727756
0.48080728577710186,0.4927915269752471,0.02640118724765122
0.556916144333354,0.418778082424876,0.024305773241770093
0.44952753231619635,0.5143069451471567,0.03616552253664657
0.6432867433107039,0.35520725158368444,0.0015060051056108332
0.41304605851586396,0.5682698485326916,0.01868409295144427
0.4370447576498897,0.5426073487434601,0.020347893606650767
0.54131833343485,0.4367984211614993,0.02188324540365124
0.5154206519514268,0.43822720361903855,0.046352144429534996
0.4625673193728442,0.482515647071812,0.05491703355534375
0.464229727396398,0.4479571224076184,0.08781315019598393
0.43311623993610554,0.5538131343304844,0.01307062573341022
0.48120783783823007,0.49575431919254476,0.023037842969225057
0.43607391295930775,0.5445921244380147,0.01933396260267752
0.46449359423669734,0.48663566973688827,0.04887073602641484
0.42182557237188334,0.5286131616944162,0.0495612659337003
0.48217346999680855,0.4787488340637376,0.03907769593945392
0.3265438434663128,0.6298707817137018,0.0435853748199849
0.4684187156001965,0.49756682894106063,0.0340144554587432
0.4535779239889742,0.5216627119669911,0.02475936404403445
0.49024894428296856,0.4733678203735926,0.03638323534343911
0.4519439660840165,0.5260198918334045,0.022036142082579507
0.4387613033804578,0.5428244737596203,0.018414222859922145
0.498659211239586,0.48645970883689005,0.01488107992352427
0.4505479428075791,0.5375440295006312,0.01190802769178969
0.5407431236006537,0.44456968149924075,0.014687194900105987
0.46274556802522815,0.5266825620992572,0.010571869875514332
0.4827214719656266,0.4866560031729995,0.030622524861373776
0.518041378991749,0.4662769518933662,0.015681669114884618
0.4638729379947406,0.4520813078342222,0.08404575417103707
0.45883674552314163,0.5236699848537906,0.01749326962306792
0.5132963960556107,0.42291458547386784,0.06378901847052099
0.37454261841117037,0.4136021853494025,0.21185519623942778
0.4426343626067394,0.39242104524609067,0.16494459214716958
0.4455150876162711,0.5293701684473565,0.025114743936372697
0.39911388299642253,0.5515977226330055,0.04928839437057182
0.43704953730545076,0.5037694391496162,0.059181023544932786
0.517650641005783,0.46515009867229207,0.01719926032192536
0.4725054446045837,0.4917997698790443,0.03569478551637221
0.48294643812574306,0.4911712581310655,0.02588230374319164
0.3805835096140314,0.44594404479301547,0.1734724455929537
0.48304898402353796,0.4902263039091402,0.026724712067322094
0.45383256983493186,0.5251230313470033,0.021044398818065184
0.5029088719743973,0.4704659531547435,0.026625174870858873
0.4897063182297003,0.48007810864833994,0.03021557312195999
0.4724347209050901,0.4901281505038202,0.03743712859108945
0.477447614308389,0.5046085933255942,0.017943792366017168
0.46893005175944025,0.5137007452533658,0.017369202987193987
0.40211896764675076,0.5664534693826975,0.03142756297055103
0.45892244501177465,0.5131768665078233,0.02790068848040211
0.4571364053528816,0.4679083993508049,0.07495519529631324
0.4816954374093438,0.44517133889606825,0.07313322369458827
0.44698095856187026,0.3936003437095687,0.15941869772856143
0.4105571702697685,0.5499241591540699,0.039518670576161374
0.5965488367904295,0.4003835362422532,0.003067626967316589
0.40301167829757684,0.5660268202962264,0.030961501406196745
0.4437493434523774,0.5130852430986781,0.043165413448944846
0.505611718677178,0.477130422304838,0.01725785901798354
0.48315387296891815,0.4760427210507028,0.0408034059803793
0.39737304682985225,0.5936956876512217,0.00893126551892616
0.46498643696770525,0.5141668458159321,0.02084671721636308
0.4720132124420815,0.5044237666839292,0.0235630208739896
0.4819585267292645,0.4814123553030815,0.036629117967653925
0.49665333558466135,0.47978115221414136,0.023565512201197646
0.35661320798754365,0.6321457664647443,0.011241025547711602
0.49306605760204547,0.42362566519086675,0.083308277207088
0.39720090214452003,0.47784270353010566,0.12495639432537478
0.5017461410827168,0.46980458016527954,0.028449278752004453
0.40217400364353023,0.5520412229267965,0.04578477342967281
0.4674774808576346,0.4658802377529025,0.06664228138946315
0.43136377390356845,0.5087464468322846,0.05988977926414732
0.4693560011114425,0.4986379918906084,0.032006006997949005
0.46991907535623895,0.4725134196691106,0.057567504974650914
0.42768309688769934,0.5279049897209154,0.04441191339138491
0.37113244580959254,0.492373392300289,0.13649416189011868
0.4654288554355779,0.5021916288072106,0.032379515757211735
0.46346035313554246,0.4564732389054385,0.08006640795901916
0.31993225415595794,0.6620597701746479,0.01800797566939382
0.47020844409420903,0.4724177480828383,0.057373807822952816
0.4958594686972735,0.4840463979839081,0.02009413331881854
0.5623542478323672,0.39054260807892993,0.0471031440887023
0.48923290047129236,0.48922765139197083,0.02153944813673658
0.5053735240468457,0.46389695494659217,0.0307295210065623
0.45338123582893647,0.5130603661144136,0.03355839805664975
0.483287563276443,0.4732478586136919,0.04346457810986488
0.4416654225366859,0.4839735676578599,0.07436100980545447
0.461839979368132,0.5045275623589908,0.03363245827287754
0.43038470390288597,0.5367066041422338,0.032908691954879984
0.4228943129557438,0.5554083402641895,0.0216973467800662
0.5326246205503935,0.4242420611427347,0.043133318306871754
0.49490395889499006,0.48291769589180533,0.02217834521320473
0.5457736052699254,0.42746964578865565,0.02675674894141916
0.48729772350266676,0.47338796025381585,0.03931431624351703
0.4433574928778065,0.5378280836990083,0.01881442342318502
0.38691893094239443,0.42690574173337786,0.1861753273242274
0.5281476556310357,0.4458502251284683,0.026002119240496373
0.5431263134879506,0.4385331739409092,0.018340512571141082
0.3833704753356066,0.6069784751680932,0.009651049496300466
0.3532907247132377,0.6353634093013105,0.011345865985451948
0.49278217121931206,0.46978412034009476,0.037433708440593516
0.472610818757553,0.5048295558339122,0.02255962540853509
0.46646812445917907,0.514193634479004,0.01933824106181728
0.47770052781993905,0.4825592236106064,0.03974024856945431
0.49047346595667735,0.47698129391303834,0.032545240130284696
0.5148858849912848,0.4508183313197237,0.03429578368899152
0.45242359194420667,0.46763457247979723,0.07994183557599621
0.5592469716851632,0.41939926743263994,0.021353760882196836
0.5159392489267838,0.45613752229784293,0.027923228775373524
0.5297758664178137,0.4217864940101634,0.048437639572023225
0.4534832227955498,0.5101612363727714,0.03635554083167854
0.46923064966036987,0.46929651644482473,0.06147283389480542
0.47414671481372805,0.48405316696382605,0.04180011822244573
0.5037887548635978,0.4385956395228893,0.05761560561351251
0.5185251113689334,0.4497632972545919,0.03171159137647447
0.5082702449005062,0.4535520825581412,0.038177672541352424
0.428311463002682,0.5217793298453031,0.04990920715201502
0.4388225464025089,0.5390722130986603,0.02210524049883125
0.46747237850405726,0.5113838750427158,0.021143746453226902
0.6499875408512277,0.34981002002352024,0.00020243912525099266
0.37262076806061323,0.6017978148563571,0.025581417083029925
0.4719941744815346,0.48361312751838526,0.044392698000080284
0.4973420931888961,0.47426507419431435,0.028392832616789716
0.45798014604493287,0.4945507967081606,0.047469057246907365
0.46774845639564794,0.497679518654838,0.03457202494951437
0.508263051325948,0.44821159424465745,0.04352535442939494
0.5034467883988797,0.4641806323227045,0.03237257927841556
0.4750929638723453,0.49980453012841125,0.025102505999243022
0.5505751094888414,0.41319884619932656,0.03622604431183296
0.4054939158482887,0.5645297470216933,0.029976337130017898
0.5174747755470428,0.4437210179089413,0.03880420654401607
0.5283301489038472,0.441445702143376,0.03022414895277662
0.4356169778666195,0.5493036275383331,0.015079394595047757
0.475845988571065,0.5096354210145052,0.014518590414430117
0.4579623732868631,0.528540229497118,0.013497397216018461
0.4725966665520702,0.5050192375938296,0.022384095854100675
0.4889357963192891,0.485872255893858,0.025191947786852766
0.49625925892508466,0.4866443181964274,0.017096422878488234
0.33258072353526513,0.6247634787462222,0.04265579771851205
0.5630566750049137,0.4241708931852673,0.0127724318098193
0.4380595676243715,0.5341592424556887,0.027781189919939647
0.4531967762217449,0.524709914314228,0.022093309464026913
0.4468671683545884,0.4635252631228837,0.08960756852252755
0.4674936671177634,0.49026765711017783,0.04223867577205836
0.4179446995165303,0.5543908894059906,0.02766441107747952
0.49092750781772604,0.4883390299114075,0.02073346227086621
0.5031388059410467,0.43433496029662244,0.06252623376233044
0.4831406167598976,0.4635075589835645,0.05335182425653774
0.4557251731344612,0.5303894632333321,0.013885363632207336
0.4923700989458174,0.48361059638529486,0.02401930466888819
0.49321094507183544,0.4879296339659531,0.018859420962211177
0.49508309137290374,0.4762268041499214,0.02869010447717465
0.4410045770542071,0.5295459795836607,0.029449443362132205
0.4491791191289534,0.5217097905592514,0.029111090311795346
0.4525750852583124,0.47690188475093365,0.07052302999075405
0.47590144547312935,0.4765910370536549,0.047507517473215896
0.42979801021602143,0.5471752334128059,0.023026756371172442
0.4294285831395441,0.3744010406538342,0.1961703762066218
0.5729359999232159,0.4175763356023426,0.009487664474441757
0.4037810967628574,0.5888432253309368,0.007375677906205212
0.46252826646061446,0.5093170514563332,0.028154682083052093
0.46226872528087687,0.519647770842521,0.018083503876602437
0.4391325401950482,0.5434544304293732,0.0174130293755786
0.478254726305004,0.49323960780518145,0.02850566588981454
0.471599491992388,0.49910246728581714,0.029298040721794403
0.4248625499326877,0.5052879426614174,0.0698495074058945
0.46602071171073245,0.4719329297854867,0.06204635850378105
0.49620462331489823,0.4118254663736385,0.09196991031146308
0.4750946453966444,0.5011430594178113,0.02376229518554425
0.5607261264566978,0.42157874553102287,0.017695128012279387
0.4577126306608344,0.5226007340734984,0.019686635265666844
0.43733005367249583,0.5380519965058953,0.02461794982160876
0.5181812834765331,0.4663903567801054,0.015428359743360728
0.45158376782688325,0.5318421249006797,0.016574107272436623
0.4382612503409578,0.49763870961172,0.06410004004732242
0.49500865165823144,0.47429001801444115,0.03070133032732673
0.45873023514908173,0.5000571584513772,0.04121260639954146
0.3600554125436507,0.6114735733274793,0.02847101412887034
0.40105495980901795,0.582404359450527,0.01654068074045541
0.4747056334100315,0.4955785168434515,0.029715849746517215
0.47037141508173125,0.5054954438775854,0.02413314104068364
0.44922325910932415,0.5045554552687764,0.04622128562189958
0.45333926721219936,0.4074517348883141,0.1392089978994864
0.3675566234029133,0.6182552178735893,0.01418815872349775
0.4167595732569671,0.5564507843275218,0.02678964241551129
0.45440422862299396,0.5144461582216161,0.031149613155390502
0.46563315405038574,0.4804008876720794,0.05396595827753481
0.4363153967412085,0.5232362511805803,0.04044835207821142
0.49188450093305824,0.47668529581691277,0.03143020325002922
0.36027060530836985,0.6312820987562862,0.008447295935343492
0.46339348561080446,0.4598109549689127,0.07679555942028285
0.44830347558473993,0.48869239864650754,0.06300412576875183
0.4837856003119655,0.490718896167464,0.025495503520570742
0.3965528055413553,0.5857962630976237,0.01765093136102059
0.4435196610893106,0.5351899349144063,0.021290403996283264
0.46128044775402344,0.5078254868478059,0.03089406539817092
0.4472837704696072,0.49466275244860697,0.05805347708178576
0.45091118730970603,0.46270798708851213,0.08638082560178224
0.40618389817084116,0.5839098794160096,0.009906222413148959
0.43997998018769224,0.5155436967437887,0.0444763230685191
0.4854560010774535,0.50129625217096,0.013247746751586822
0.48790208184553613,0.48300384725093565,0.029094070903528346
0.4537860336099048,0.48158056214840494,0.06463340424168999
0.4899416435577624,0.4852376845630401,0.02482067187919757
0.525755870194956,0.45659303501068316,0.017651094794360445
0.5091776686221371,0.4745982079762223,0.01622412340164114
0.47613137956492646,0.5003980464607466,0.023470573974327284
0.39472385144364064,0.542338789040128,0.0629373595162313
0.48525198770683875,0.48722432763217577,0.027523684660985318
0.4789395094208103,0.5068203101086041,0.014240180470585355
0.44712815717479076,0.49580762829930947,0.05706421452589956
0.47026263993613765,0.4869561890685487,0.04278117099531362
0.5257716341259212,0.4560689649068346,0.01815940096724453
0.4656793106400908,0.5127605967181841,0.021560092641725353
0.49178870689888066,0.4725727662604747,0.03563852684064461
0.47649274290774124,0.47419319993977443,0.04931405715248404
0.3615978943401124,0.6305412063603733,0.007860899299514461
