0,1,2
0.469107409508602,0.49421818049068883,0.03667441000070928
0.42278799007110734,0.5386042480981116,0.03860776183078094
0.4330330049093319,0.5309775314222874,0.035989463668380905
0.5392924050649774,0.42697796945689753,0.033729625478125094
0.4110602251707579,0.5564664908549838,0.03247328397425844
0.5361991667623219,0.4268115468074483,0.036989286430229744
0.42506633402101796,0.5396235069184329,0.035310159060549
0.4636528130195162,0.4983076914827977,0.03803949549768611
0.4615040883582792,0.49891268734191246,0.03958322429980846
0.5424351154875626,0.4179252804435402,0.0396396040688973
0.43745866683210816,0.5237708185005789,0.03877051466731279
0.44509169117948705,0.5188278670540526,0.03608044176646037
0.4232721966911962,0.5413221520844324,0.03540565122437161
0.44427587314561257,0.5187675762745401,0.03695655057984736
0.44296121111088416,0.5174983088402312,0.03954048004888476
0.451941295650729,0.5115333396139945,0.03652536473527654
0.46118224646916306,0.49991328822942516,0.03890446530141155
0.5085372520457004,0.4556058509233633,0.03585689703093619
0.4877085613148634,0.47614221477234225,0.03614922391279449
0.45277285155078634,0.5107372303266753,0.03648991812253846
0.5092971467441598,0.4517337492203388,0.038969104035501495
0.44456860320159164,0.5156019140526977,0.03982948274571088
0.42417650772724663,0.5369345718963565,0.03888892037639676
0.4922492494313818,0.4742279590601081,0.033522791508510216
0.4295215257883418,0.5230913568409762,0.047387117370681985
0.42138610263010434,0.5436457176016862,0.03496817976820939
0.4368223537096406,0.5292166982563384,0.03396094803402069
0.4678688195656622,0.4291935755802443,0.10293760485409342
0.42752087425806284,0.5341666832233735,0.03831244251856386
0.50275882227677,0.4575279783642684,0.03971319935896167
0.42182615640059523,0.5414761366420985,0.03669770695730637
0.45463476005631775,0.5092981728264113,0.03606706711727089
0.42576912395637745,0.5367694917244344,0.03746138431918794
0.4763021391740411,0.4843024595364776,0.039395401289481206
0.44163855096992066,0.5196004462714913,0.03876100275858794
0.4741239512401417,0.4864526717864894,0.03942337697336934
0.49721721424193044,0.46460166861581453,0.0381811171422551
0.2719826778836602,0.5934144287392327,0.13460289337710704
0.46765757221019344,0.49210038223210145,0.04024204555770505
0.4495313447109599,0.5128824053099481,0.037586249979091955
0.42844906567110175,0.5316979953421507,0.039852938986747626
0.4313135060392346,0.531441869041984,0.03724462491878148
0.4418641867298487,0.5201513165696849,0.037984496700466594
0.3327945625135565,0.5190877351481014,0.14811770233834212
0.4664204212467114,0.49628853544024665,0.03729104331304192
0.42022094303181234,0.5403199062622922,0.039459150705895514
0.46484795169451165,0.4965379905725982,0.03861405773289004
0.44872627198526427,0.5129277472624013,0.0383459807523345
0.4411172353017416,0.5202886168903212,0.038594147807937115
0.4183121461454031,0.5424471593425664,0.039240694512030626
0.5415602782190474,0.4202657823341584,0.03817393944679419
0.4853016735414217,0.47634174116323535,0.03835658529534299
0.438417117308791,0.5239237079474834,0.03765917474372572
0.4370646397815542,0.5227833087912007,0.04015205142724498
0.4379035491992249,0.5247547241107551,0.03734172669001995
0.43630594566515724,0.5251571265179126,0.03853692781693016
0.42254882667108884,0.5413171539596706,0.03613401936924086
0.44788482670984864,0.5176269385693356,0.034488234720815664
0.4534158537463498,0.510555524217358,0.036028622036292146
0.520947057789695,0.4423319429861529,0.036720999224152374
0.44211433533607664,0.5209761243267215,0.036909540337201896
0.4094530265516867,0.5521895594696292,0.03835741397868411
0.432869898367367,0.5278608105563699,0.03926929107626301
0.4515493599984742,0.5095900148173079,0.038860625184217804
0.41791503252522577,0.5432948769960593,0.038790090478714956
0.4302970259975765,0.5325532729169018,0.03714970108552161
0.46613701716406303,0.4983252737114426,0.03553770912449439
0.43941443443244566,0.5211146781577054,0.039470887409848894
0.4249011779016301,0.5348687510504285,0.04023007104794129
0.5155433025333764,0.4439442049055481,0.040512492561075426
0.4471737797987336,0.5131204226436484,0.039705797557617994
0.4892482465423829,0.46881253866238615,0.041939214795230884
0.43710950735456705,0.5242918664381073,0.038598626207325584
0.42358403922803606,0.5171235929347436,0.05929236783722026
0.420673360923889,0.5398026592843105,0.03952397979180072
0.46403017534428126,0.4995654493548768,0.03640437530084213
0.5032801494190852,0.4554664199474866,0.04125343063342819
0.43751577839884187,0.5236170725362248,0.03886714906493331
0.4351804461925588,0.5246680877769587,0.04015146603048259
0.572988606108011,0.385545269843249,0.04146612404873992
0.43285571779480214,0.5312286481323069,0.03591563407289092
0.4344316670801353,0.5281131500266482,0.03745518289321665
0.4263601931090193,0.5372293066413699,0.036410500249610914
0.5114277188638591,0.4536402921490353,0.03493198898710556
0.4478294488525971,0.5121530595985094,0.04001749154889329
0.410945455250789,0.5563853466262242,0.0326691981229866
0.42663869412896843,0.5335455133850743,0.03981579248595719
0.47530912331238495,0.4860699192298697,0.0386209574577453
0.5148175405781471,0.4520226646826317,0.03315979473922137
0.4024891726899106,0.5601909598570753,0.03731986745301396
0.47316854228958277,0.4881558167604105,0.03867564095000692
0.4302673915349333,0.5347648239643867,0.03496778450067992
0.43114056820929497,0.5370446776848435,0.03181475410586131
0.5478664965528527,0.40453592713373554,0.04759757631341185
0.49155056581405004,0.47152233223003964,0.03692710195591039
0.5590282235309499,0.403087642951918,0.03788413351713185
0.43458641376358337,0.5276942630140373,0.03771932322237919
0.4468793355116383,0.5151306590902998,0.03799000539806177
0.45572985628865975,0.5060798789857476,0.038190264725592546
0.4363222592522733,0.5276020187351237,0.03607572201260316
0.4273355148379197,0.5424345303952518,0.030229954766828285
0.42182999194401644,0.5217178945967187,0.05645211345926465
0.4555096456603617,0.5049168566671155,0.03957349767252275
0.4110031430132523,0.552889834916571,0.0361070220701766
0.4094481016848091,0.5547947948002372,0.03575710351495365
0.43161550814635036,0.5187506077224399,0.04963388413120968
0.5357369385655995,0.41865476125853107,0.045608300175869386
0.476696257538512,0.48678157471713535,0.03652216774435271
0.48475553929395726,0.483760103578861,0.031484357127181756
0.4846925325361287,0.47713805843716656,0.03816940902670458
0.41403632303211324,0.5476834272386278,0.0382802497292587
0.45495098552424496,0.5097234541812685,0.03532556029448643
0.18899244617012761,0.18350978002114626,0.6274977738087261
0.49772089948943304,0.4615502595398959,0.04072884097067093
0.43714669134610507,0.5229340792794236,0.03991922937447143
0.42069400697321924,0.5398428216779431,0.03946317134883768
0.4310176152702048,0.541715253336455,0.027267131393340263
0.41656030055112964,0.547025762585404,0.03641393686346621
0.467553460930675,0.4954973167474845,0.03694922232184056
0.41970092876762316,0.5450319455595648,0.035267125672811976
0.43180102584136887,0.526799061468077,0.041399912690554215
0.41696205750579424,0.5417331246363817,0.04130481785782386
0.4717391263525074,0.4905488445479022,0.037712029099590066
0.47383957625249906,0.49413163759241535,0.03202878615508568
0.42547675388874373,0.5341329365451039,0.04039030956615231
0.48962479486167976,0.47681437758225437,0.03356082755606575
0.42532217354228047,0.5342272814669976,0.04045054499072193
0.44981297365136164,0.5008222801152895,0.049364746233348654
0.47701648772096866,0.48400174082551745,0.0389817714535138
0.4287810731316125,0.5296880825675735,0.041530844300814024
0.43156281924186984,0.5285853434473597,0.0398518373107705
0.4304254641701542,0.5292798002837549,0.04029473554609123
0.4486269316180095,0.5120404372571128,0.03933263112487799
0.4161118805269096,0.5442273843144031,0.03966073515868707
0.4205057955360168,0.5408860700174672,0.03860813444651598
0.5248150341548553,0.4347294350422596,0.04045553080288522
0.42309001324811824,0.5374871096852131,0.03942287706666868
0.4574804159825616,0.5027477317190198,0.03977185229841876
0.44397265658834295,0.5155824091580105,0.04044493425364677
0.42600671226276315,0.5334923306041015,0.040500957133135305
0.43869833329510577,0.523661246561533,0.037640420143360956
0.4257055490839469,0.5361787756973505,0.03811567521870259
0.4950504510984529,0.46923651490569956,0.03571303399584774
0.44066296005989697,0.5096217976541083,0.04971524228599451
0.5113286760864709,0.4570988528480901,0.03157247106543901
0.460622617467522,0.5034903147224682,0.03588706781000957
0.43492557105579527,0.5284485133133838,0.036625915630821085
0.44287559069357857,0.5300876693645423,0.027036739941879096
0.5372012795685303,0.4283955137594218,0.03440320667204805
0.44505245795412984,0.515829373972542,0.03911816807332813
0.480072110128329,0.488049736394828,0.03187815347684301
0.4467983308398704,0.515371109613243,0.03783055954688652
0.5025039799492239,0.46050427622853835,0.036991743822237605
0.4776882607656574,0.4838175193451745,0.03849421988916826
0.48791486623634,0.48357779911551196,0.028507334648148013
0.43874433520965234,0.5209066589689477,0.0403490058213997
0.4462092883019981,0.5140358851046322,0.039754826593369694
0.4322476473232649,0.528506296502985,0.039246056173750134
0.41507926395803907,0.5438373611287054,0.041083374913255616
0.37271929898497874,0.5305247543808735,0.09675594663414791
0.4243949575184449,0.5361857570151759,0.03941928546637905
0.42282671134686634,0.5387643453381407,0.0384089433149931
0.4277877506592697,0.5329744361244304,0.03923781321629975
0.41630612584151566,0.5505000938773421,0.0331937802811423
0.42941240080038673,0.5316423604975071,0.03894523870210625
0.4492676085270051,0.5136326142906786,0.03709977718231623
0.41822830008216333,0.5453627569643094,0.03640894295352729
0.436083237511743,0.5271843957837915,0.03673236670446557
0.5099277081326415,0.4563183727495253,0.033753919117833146
0.526104005745271,0.43719677316500094,0.03669922108972822
0.4481625707225729,0.5158203594385056,0.03601706983892155
0.45315398368989274,0.4988984212714543,0.04794759503865292
0.4215084415600367,0.5397229355980183,0.03876862284194504
0.4376506449779534,0.5241204288544684,0.038228926167578205
0.4619473827902956,0.4998606970089809,0.03819192020072344
0.4092488830959674,0.5526815142540119,0.03806960265002078
0.45464772695148753,0.5054337416774304,0.039918531371081936
0.4144419935425967,0.5466005222957543,0.03895748416164918
0.4791348825162737,0.481464176776834,0.03940094070689223
0.435702224210445,0.5113487128362127,0.052949062953342264
0.48496991626083064,0.47487433196252454,0.04015575177664452
0.4362259205127467,0.5234061708221412,0.040367908665111724
0.4330168720576721,0.5299653572069493,0.03701777073537869
0.519784372542202,0.444170247531053,0.03604537992674475
0.5060987265049262,0.4620558391997388,0.031845434295335054
0.4168121917488538,0.5443479774196065,0.03883983083153949
0.4778030732103303,0.48257871787913315,0.039618208910536676
0.4761590711201474,0.4896568198853908,0.03418410899446162
0.4439911189527523,0.5165747671378718,0.039434113909375804
0.4576251579679297,0.5047895079093272,0.03758533412274323
0.4319611843814415,0.529296866892551,0.038741948726007676
0.45177502207462733,0.5101861643599482,0.03803881356542444
0.4814472855901039,0.4822318373223257,0.03632087708757055
0.46908379376544657,0.49799618998164347,0.032920016252909974
0.4971916956785613,0.46444667471712614,0.03836162960431239
0.420816766076115,0.5355408957223158,0.04364233820156937
0.45038224479377986,0.46748526278235014,0.08213249242387015
0.409593322314965,0.5292025655557331,0.06120411212930201
0.4483758504680903,0.518958212649867,0.03266593688204283
0.42752928669294304,0.5331272827174155,0.039343430589641536
0.3947586906724564,0.543199699549192,0.06204160977835171
0.4317744457064816,0.5291402040958854,0.03908535019763303
0.45820095969821123,0.5016717257333982,0.04012731456839049
0.4355709896600458,0.5256052230913969,0.038823787248557395
0.4680446564514555,0.485184958254093,0.04677038529445146
0.4771735703551056,0.48181583185909016,0.0410105977858041
0.4824838346793684,0.4775161619920066,0.04000000332862487
0.41308278141065885,0.5475338339642768,0.0393833846250644
0.4749636790850876,0.48895801917396964,0.036078301740942884
0.46806710125159817,0.4945345487252039,0.037398350023197934
0.4292100747452094,0.5372108328134935,0.033579092441297156
0.44283398747094715,0.5138981276540742,0.0432678848749787
0.43372268303131983,0.5360544054414148,0.030222911527265382
0.5155671749865589,0.44870398347211077,0.03572884154133008
0.4919933326426773,0.4691349971208686,0.038871670236453895
0.518303119840079,0.45053401480130384,0.031162865358617245
0.4243230255945052,0.5375336750516289,0.038143299353865824
0.42437341400886086,0.5340002004913166,0.04162638549982263
0.4417793835417511,0.5230217236792922,0.03519889277895672
0.4198055706548699,0.5404778771761183,0.03971655216901168
0.4057656316468674,0.5568537180231531,0.037380650329979385
0.4576241972911569,0.5061325184342833,0.03624328427455988
0.5410652678343224,0.4220311703787156,0.03690356178696198
0.4198907903882123,0.5399526364675525,0.04015657314423521
0.42779789880515023,0.5346171351566938,0.0375849660381559
0.47174619146888114,0.49825918780266465,0.0299946207284544
0.45698084491838015,0.5060709742198077,0.03694818086181204
0.43497621810557013,0.5225287179426134,0.04249506395181659
0.43606120425689465,0.5249909223256305,0.03894787341747504
0.5067092951298126,0.45374409567889906,0.03954660919128826
0.4179074331832144,0.5479966332523573,0.03409593356442832
0.4257266992912823,0.5177909025854385,0.05648239812327931
0.42570644989481315,0.5346883194070655,0.039605230698121205
0.42972611074992884,0.5303639417505951,0.03990994749947591
0.46303378783109855,0.5006427677887321,0.03632344438016923
0.5010070913290052,0.4589195358410641,0.04007337282993024
0.43318053461552536,0.5298478482075141,0.03697161717696052
0.3717239108438678,0.5099469305234502,0.1183291586326819
0.44718708368817023,0.5135599470806066,0.03925296923122279
0.43910742839145883,0.5223645059001026,0.03852806570843856
0.4368508092356071,0.5297163162846916,0.03343287447970122
0.41854835746602775,0.5461698258145874,0.03528181671938489
0.4340719093326832,0.5277183693796362,0.038209721287680486
0.4633266985915593,0.496733859050965,0.03993944235747571
0.48649273179403796,0.4735577056206657,0.03994956258529623
0.4522495323900451,0.5141363385856059,0.03361412902434877
0.499287717933787,0.46722919636265176,0.03348308570356112
0.4466333787589228,0.5146565016287489,0.03871011961232845
0.44792659275300606,0.5054119850292764,0.04666142221771757
0.5109434353066563,0.4490653455545769,0.03999121913876675
0.4512236646352235,0.5090222495336814,0.03975408583109495
0.4506212186109762,0.512456975580629,0.03692180580839502
0.5130899273103486,0.4511319600141709,0.0357781126754803
0.42302470842278295,0.5385128761765313,0.03846241540068577
0.4267096334962634,0.5358999082785889,0.03739045822514775
0.43677973690386757,0.5268665273357248,0.036353735760407645
0.43582937961891643,0.5272231237461272,0.036947496634956216
0.4393106080171905,0.5240289836917149,0.03666040829109467
0.5484943129240002,0.40756336309888,0.04394232397711982
0.43933546710282423,0.5206985852551178,0.039965947642058054
0.438978859160779,0.5239682039824092,0.03705293685681188
0.4355345907514105,0.5305565453535015,0.03390886389508773
0.5045384670424371,0.4568827475080053,0.03857878544955764
0.5154689263018605,0.44598793264114467,0.03854314105699451
0.457287051818848,0.5036849049869904,0.03902804319416173
0.5523138532862151,0.40751205812867375,0.040174088585111324
0.4386654715715996,0.5209519708356196,0.040382557592781046
0.4237626993039297,0.5372111138325059,0.03902618686356419
0.5312114729734455,0.4298149511843859,0.038973575842168526
0.5197020891638106,0.442723262672811,0.037574648163378396
0.4434128170671155,0.5210956232718645,0.03549155966101994
0.4424134983897788,0.5209796478357843,0.036606853774436995
0.4259755179902271,0.535639870923656,0.038384611086116606
0.46185299239337146,0.5008785565074964,0.03726845109913236
0.47217294643644153,0.4897083555886323,0.03811869797492618
0.4426428215374933,0.5170631457289413,0.040294032733565584
0.46113792445958446,0.5001572618976409,0.0387048136427746
0.423410281757832,0.5355242368742769,0.041065481367891093
0.45060372889551614,0.5109143728473668,0.03848189825711699
0.4174613164847549,0.5441377680151449,0.03840091550010032
0.4212238771787879,0.5401502361579463,0.038625886663265906
0.45559873834667797,0.5050538012836211,0.039347460369700916
0.429601865881197,0.5337229750698714,0.03667515904893162
0.47906850190190925,0.48074168933104333,0.04018980876704726
0.480767285192697,0.48001712824086895,0.039215586566434
0.42035765425434135,0.5330567011399492,0.046585644605709284
0.4461159204092178,0.5150862775428229,0.038797802047959386
0.4216937800812849,0.5389327128802132,0.039373507038502065
0.4196258175495352,0.5406886501988227,0.03968553225164182
0.4590313244321343,0.5103168758364651,0.030651799731400368
0.43560156568328223,0.5338689591535422,0.03052947516317566
0.4217490420501135,0.5387832746839,0.039467683265986694
0.4572810397028874,0.5065968701044865,0.036122090192626036
0.5194439394492419,0.4442268401795992,0.03632922037115869
0.48343684809718296,0.4767576541453458,0.03980549775747129
0.4493906598465072,0.5123115028168381,0.038297837336654546
0.4480137651031893,0.5147892010080966,0.03719703388871428
0.41104702968444545,0.5492664237690523,0.03968654654650227
0.4569295849356664,0.502705829618573,0.040364585445760486
0.47736980411080654,0.4853762509846657,0.03725394490452779
0.4639525163417991,0.49626220666548654,0.03978527699271434
0.43871013689206584,0.5231307979929606,0.03815906511497359
0.4344257878128585,0.5251271680132749,0.0404470441738666
0.5394867288738778,0.4086383685732052,0.051874902552916824
0.4727380080649035,0.4919884627734986,0.03527352916159807
0.4511019653953742,0.5107163135636973,0.038181721040928415
0.4585999137071705,0.5018379855433219,0.03956210074950746
0.4220811028350682,0.5425837774906422,0.03533511967428946
0.45925606330837193,0.5047119981567065,0.03603193853492151
0.42207435458725706,0.5390206645270315,0.03890498088571139
0.5013848524732626,0.46711433639199795,0.03150081113473952
0.5300009396006712,0.4333667135417508,0.036632346857577866
0.44950100670214715,0.5108680165286432,0.03963097676920953
0.42454224761162646,0.5360129467078678,0.039444805680505776
0.4421543194809329,0.5200230072212163,0.03782267329785078
0.4762705869393948,0.4850540724205736,0.038675340640031336
0.41311594427903814,0.5576289679421232,0.029255087778838514
0.49399202326663383,0.46793457768675406,0.038073399046612194
0.4217414563585905,0.5390100453805532,0.03924849826085631
0.47750794243103384,0.4825297267862282,0.03996233078273793
0.4108233889326096,0.5315332762883371,0.057643334779053416
0.43381854833050615,0.5287695414937322,0.03741191017576133
0.47299813956167214,0.48077741174807437,0.04622444869025324
0.4792793946208017,0.48062527689159756,0.04009532848760075
0.4493429028642612,0.5140657751676038,0.03659132196813482
0.44466735284508857,0.5170846127649318,0.03824803438997955
0.47914001311935667,0.48639687382129226,0.034463113059350896
0.4137339365425646,0.5508098409300518,0.03545622252738346
0.4540669041542483,0.5084855808200308,0.03744751502572092
0.46185844068911186,0.5015212740027213,0.03662028530816702
0.42322648086046827,0.5308547527275912,0.04591876641194034
0.5560850392094369,0.4023401597762659,0.0415748010142974
0.4580069083673529,0.50963724359992,0.03235584803272708
0.41847520704341845,0.552116407153993,0.029408385802588338
0.3866096573528028,0.44618066227081427,0.16720968037638292
0.4382698301087543,0.5217302903376383,0.03999987955360723
0.4515767622987737,0.5124503082371462,0.03597292946408015
0.5311842285848386,0.42713574511739677,0.041680026297764586
0.49015671944588185,0.4708627366004525,0.03898054395366548
0.5079305054067258,0.4580795786152165,0.03398991597805752
0.467854894269958,0.4952075380438597,0.03693756768618244
0.4180757511386934,0.5443059186501885,0.03761833021111821
0.47464474989531624,0.48558690829104867,0.03976834181363511
0.46489630329722054,0.5002190262135754,0.03488467048920407
0.5328529130299917,0.43194098451599566,0.035206102454012685
0.41554877714763605,0.5427106164058457,0.04174060644651834
0.4341870878471471,0.5252127974144317,0.04060011473842128
0.4237132407285235,0.5379833629970746,0.03830339627440165
0.42235371492654006,0.537308757867313,0.04033752720614706
0.41976772332893086,0.544780244698714,0.03545203197235538
0.4480711651017373,0.5235334187651972,0.028395416133065437
0.43199245811764775,0.5294846807835997,0.03852286109875262
0.4254754811588676,0.5362758984872877,0.03824862035384478
0.4699263656059198,0.4909830901529336,0.039090544241146594
0.4576718093497347,0.5029015896486513,0.03942660100161408
0.4238639907169121,0.5387384325038058,0.037397576779281995
0.42319593695328217,0.5391999632956694,0.03760409975104818
0.47204566273979043,0.48907071362971277,0.03888362363049687
0.49025304428982547,0.4713441163832239,0.03840283932695082
0.4431527288682973,0.5189174906252427,0.03792978050645965
0.42480165745142556,0.53509889456929,0.04009944797928428
0.46418000635334644,0.4962193351052553,0.03960065854139807
0.438487283391762,0.5213831875283256,0.040129529079912435
0.43488073219912676,0.5250316886393772,0.040087579161495863
0.44939887286671165,0.5112296977937213,0.039371429339566895
0.48162177740273077,0.48657911786162433,0.03179910473564491
0.4656196084865416,0.4979573877403987,0.036423003773059494
0.4366170911882393,0.52657638508489,0.036806523726870724
0.43796997691668865,0.5237685251961032,0.03826149788720807
0.5580396314269821,0.4096056878679073,0.03235468070511059
0.5328050545758704,0.37966275166868596,0.08753219375544367
0.43593094046215886,0.5292531746556282,0.03481588488221272
0.4704306578389749,0.4895758706232917,0.03999347153773319
0.5144801765204444,0.44826494230712605,0.037254881172429664
0.4217353237629634,0.5461390139512796,0.03212566228575707
0.44586970715330854,0.5146143226917317,0.0395159701549598
0.44457155677899723,0.5195408166078208,0.03588762661318168
0.46744511119872134,0.49229974415716543,0.04025514464411285
0.48878725847036747,0.4710943663119969,0.0401183752176356
0.5308174814185886,0.42826322769223474,0.04091929088917673
0.5006776371682677,0.4678894154218386,0.03143294740989359
0.44470163363505766,0.5192222402409591,0.03607612612398327
0.4238939449189579,0.5353078284007672,0.04079822668027465
0.48819557113328466,0.47305485184249935,0.0387495770242161
0.5063685705329617,0.4603573287179129,0.033274100749125346
0.47494434036268346,0.4475391248788631,0.07751653475845349
0.4714182843126275,0.49194995956396637,0.0366317561234059
0.4450988932203487,0.5149424896402992,0.039958617139352205
0.439677023228829,0.5200376976439123,0.04028527912725877
0.48704403339082025,0.4746435045103718,0.03831246209880806
0.4245155245103331,0.5367421513950509,0.038742324094616115
0.438101778395046,0.5223195035505455,0.03957871805440847
0.4243785019916648,0.5379161713460427,0.03770532666229264
0.4313986918023931,0.5321699736473242,0.03643133455028272
0.455581792378734,0.5018601574179363,0.04255805020332952
0.4348590202763981,0.5256028575084012,0.039538122215200505
0.45944490677015987,0.5002861013916824,0.040268991838157804
0.4697491699301808,0.4911688486830779,0.0390819813867413
0.5731706419422404,0.3939570176620188,0.032872340395740864
0.42717361554239397,0.5353495298544331,0.037476854603173
0.4220278578013646,0.5387792185846135,0.03919292361402188
0.4062237237557373,0.5284798427368115,0.0652964335074512
0.4379099208767652,0.5242705915730833,0.03781948755015145
0.46600303413536337,0.49491633299036664,0.039080632874269834
0.4409133833596123,0.5264386982019048,0.032647918438482894
0.5295144114565716,0.4345457231311136,0.03593986541231487
0.41566048023945734,0.5498890829322909,0.03445043682825177
0.5092158272031166,0.4600740397690869,0.03071013302779651
0.4411216826562035,0.5214800052581254,0.03739831208567105
0.4389979433270648,0.5170802650447045,0.043921791628230754
0.45750826832309754,0.47201597763332714,0.07047575404357524
0.4216777800605352,0.5406613408586534,0.03766087908081144
0.5066172311104313,0.45848987519590917,0.03489289369365934
0.5054845968130783,0.4539744683153251,0.04054093487159666
0.42495073325298605,0.5379746591733139,0.03707460757370005
0.4247191373334936,0.5357933974755409,0.039487465190965514
0.45558847721299195,0.5085250938322063,0.035886428954801736
0.42274072400007967,0.5389290336693086,0.0383302423306116
0.43075145109555,0.5050438704896466,0.06420467841480323
0.42035042961330005,0.5478317907806878,0.0318177796060124
0.4392639605738417,0.5208371999063038,0.039898839519854644
0.4672820442526533,0.4938388999283396,0.03887905581900737
0.5253572256745113,0.4357176293150223,0.038925145010466136
0.4149795037124781,0.547922456026713,0.037098040260808984
0.457641281040987,0.5101379903564041,0.032220728602608904
0.4244188837681905,0.5359716051747411,0.0396095110570682
0.42182940381685363,0.5390431879441826,0.03912740823896374
0.4005541433971997,0.561101620905361,0.03834423569743931
0.44443279500377053,0.5191596274544404,0.03640757754178895
0.4242630777305878,0.5373931645884411,0.03834375768097096
0.4646558980951071,0.4955010907320543,0.03984301117283865
0.4290582086686643,0.5326626870538584,0.03827910427747707
0.4193739847903875,0.546823445410714,0.03380256979889844
0.43477314948521123,0.5273358379916814,0.03789101252310734
0.5220183123764792,0.4447538502885695,0.033227837334951216
0.45598696622712537,0.4917380373698364,0.05227499640303815
0.41684497430461775,0.5445336734144623,0.038621352280920035
0.4203004978887861,0.5391544764769517,0.04054502563426199
0.4450447134805723,0.5200956926774553,0.03485959384197255
0.4646636926242278,0.49769293362610023,0.0376433737496722
0.4329853934364034,0.5315109069027248,0.03550369966087176
0.45685772497249644,0.508457078940393,0.03468519608711047
0.4257469336327133,0.5345083147591918,0.03974475160809483
0.24369799232385975,0.5058125063671516,0.25048950130898834
0.5246739509121418,0.4483479408791601,0.02697810820869816
0.4316380394735701,0.5288691323596384,0.039492828166791547
0.42021047028170605,0.541216555806519,0.03857297391177491
0.417636429514838,0.5448143954547127,0.03754917503044937
0.4305896609751388,0.5299401670705779,0.039470171954283144
0.4430350947485104,0.514449525782623,0.042515379468866604
0.4755299291579291,0.48790414578968594,0.036565925052385026
0.42487038216676426,0.5086662026798944,0.06646341515334135
0.43405886064936,0.5280463914613654,0.0378947478892745
0.47405839174280967,0.49160949216650324,0.03433211609068726
0.4241281989503796,0.5378280139308508,0.038043787118769865
0.4527555981990948,0.5089820370926419,0.038262364708263566
0.47630215311378726,0.48606522498643323,0.037632621899779485
0.4160548849080469,0.5423713855895402,0.04157372950241284
0.43849933703804084,0.5218006611177747,0.039700001844184624
0.4181640483616562,0.5449194057687101,0.03691654586963343
0.460438305987826,0.4999409136841584,0.039620780328015366
0.44686020871734733,0.5141908534096611,0.038948937872991286
0.4370111220016421,0.5260231146460624,0.03696576335229568
0.5084230835607023,0.4569437255246491,0.034633190914648594
0.514700752471467,0.4436284537263557,0.041670793802177336
0.4124210777740891,0.5493105154180679,0.03826840680784331
0.423595340960037,0.5420876077777191,0.03431705126224392
0.44045198006767017,0.5158506050086824,0.043697414923647704
0.43531727691281175,0.5251715679273886,0.039511155159799534
0.4218597828884577,0.5405536105955824,0.037586606515959665
0.4874388265555981,0.48267881751746367,0.029882355926938012
0.4345225073100824,0.5258175122642723,0.039659980425645606
0.44097248729884125,0.5208489797237907,0.03817853297736779
0.4541993984027739,0.5051853763380533,0.04061522525917266
0.44432456393036124,0.5177118286986424,0.03796360737099633
0.45368737418192917,0.5082209381377639,0.038091687680306886
0.46084297999804075,0.4995992989264059,0.03955772107555318
0.4247758750615121,0.5354343029957309,0.03978982194275704
0.4323363874646247,0.5283733006186229,0.039290311916752335
0.42500595236781274,0.5359766172702901,0.03901743036189736
0.4850383261845731,0.4797793577651557,0.03518231605027109
0.4223811628786743,0.5385480353562597,0.03907080176506607
0.4431630387193648,0.5197192073564749,0.037117753924160245
0.43477141436278904,0.5279189984080661,0.03730958722914489
0.5157520938406067,0.4477617974134093,0.03648610874598398
0.4667695155484632,0.4933109418543003,0.03991954259723655
0.5097904434911189,0.45162656890862996,0.0385829876002513
0.4297767333980512,0.5310907517891368,0.03913251481281185
0.49177268720347067,0.47839707720409347,0.02983023559243562
0.5400193203931133,0.4252650629597899,0.034715616647096735
0.5586259960030898,0.4016157087898804,0.03975829520702985
0.4468952796866288,0.5154956506050138,0.03760906970835734
0.4885575016052869,0.4311795268009742,0.08026297159373892
0.4585078848476691,0.5042463700397083,0.03724574511262271
0.423613300208413,0.535744284007449,0.04064241578413795
0.44283657808518584,0.5188475253748553,0.038315896539958656
0.4346110305797673,0.526428141440946,0.038960827979286856
0.4676322255164943,0.49335531046773645,0.03901246401576926
0.49050515655312754,0.4699306915419087,0.03956415190496352
0.43479394614823147,0.5249252672097374,0.04028078664203106
0.4234503614046968,0.5397601723578208,0.0367894662374826
0.4217535055810562,0.5384048425296294,0.039841651889314274
0.5486901459500214,0.4102987749867607,0.04101107906321805
0.5272002223420763,0.4323926283835577,0.04040714927436584
0.5210367336933931,0.4408188344242132,0.03814443188239368
0.45675038190511286,0.5031075302411128,0.04014208785377444
0.539954526063412,0.43116853350898354,0.028876940427604542
0.43998093115564574,0.5254500651357252,0.034569003708628976
0.42807959969948095,0.5332693146776968,0.038651085622822184
0.43445582074697187,0.5295294514445543,0.03601472780847374
0.4288806233637077,0.5330816103060209,0.0380377663302714
0.42312092069058344,0.537748950871763,0.03913012843765343
0.45354352207359294,0.5059013415661345,0.040555136360272546
0.42397358947638236,0.5388943324799719,0.037132078043645884
0.42684624381409153,0.5349806885723037,0.03817306761360463
0.4599176403192229,0.501982616516779,0.0380997431639982
0.504130692393811,0.4556586031319649,0.040210704474223855
0.42334641515637467,0.5369126768181041,0.03974090802552115
0.4758531456418065,0.4876049288121157,0.0365419255460778
0.46160603419127844,0.5000436663056652,0.03835029950305622
0.47526756954661853,0.48541163152272276,0.03932079893065876
0.4585399711648208,0.5108214108142379,0.030638618020941255
0.514930869644833,0.45321014234569246,0.03185898800947443
0.4821151649789656,0.48336624366487324,0.03451859135616101
0.5031081515948912,0.4574630044589269,0.039428843946181784
0.4211540401622898,0.5389093082798059,0.03993665155790428
0.4557013188671004,0.4972570254859688,0.047041655646930386
0.5623241203577476,0.4030484671517835,0.03462741249046892
0.5315089070004839,0.4281075839902193,0.04038350900929685
0.4639860554035849,0.4950299410362628,0.040984003560152193
0.445051953343918,0.5147730996697437,0.040174946986338216
0.4511329398409708,0.5123148318316535,0.036552228327375716
0.4400240747187259,0.5198801189508536,0.04009580633042042
0.42831616961943914,0.5332258452154044,0.03845798516515646
0.48336303485311255,0.47705750395800667,0.03957946118888058
0.44199357476639906,0.5205923719428429,0.03741405329075815
0.46512378557623973,0.49858143214906897,0.036294782274691
0.5210152314368324,0.4384281387452607,0.04055662981790708
0.45569433531721026,0.505937902583496,0.03836776209929364
0.42328582906599393,0.5372409646974334,0.03947320623657263
0.4675581094174264,0.4946281973390906,0.03781369324348314
0.43177417322596773,0.5291238920139529,0.039101934760079234
0.4555928684353475,0.5080089694124893,0.03639816215216308
0.42366372246033007,0.5404755580625948,0.035860719477075205
0.5532283454755459,0.4085801330428846,0.038191521481569395
0.42110634838959843,0.5390773057204872,0.039816345889914256
0.41143436977023495,0.5509045536225169,0.03766107660724802
0.47422238872825745,0.48651284537276174,0.03926476589898088
0.43081357235317674,0.5316997211428123,0.03748670650401083
0.4295259567293789,0.5363855421574277,0.034088501113193254
0.4207088030969762,0.5397971866651342,0.03949401023788971
0.47083570059346075,0.4911093795383113,0.03805491986822778
0.46960684415096826,0.4900329457350947,0.040360210113937076
0.42633446526181207,0.5359301756250885,0.03773535911309956
0.4478911729375946,0.5162019860782975,0.03590684098410801
0.42066487512087025,0.5402350421734894,0.03910008270564045
0.45547885460477244,0.5054722519025376,0.039048893492689786
0.4743645648060622,0.4870895866979042,0.0385458484960335
0.433670142087489,0.5267426655937015,0.03958719231880959
0.43929484493622,0.5251778622093168,0.035527292854463405
0.4601769679971372,0.5026176988993869,0.03720533310347585
0.47190542449073125,0.49141996485938383,0.03667461064988455
0.424812491598979,0.5404636526774368,0.03472385572358408
0.5468491228266834,0.4166332232824445,0.036517653890871846
0.4587743427367,0.4791809192911478,0.062044737972152306
0.46230438422001263,0.5062997989175321,0.03139581686245505
0.46199922150618317,0.4975200869282617,0.04048069156555495
0.4377360653086156,0.5321544335680456,0.03010950112333895
0.41422464862878317,0.5503293535354474,0.03544599783576935
0.4764125311321587,0.48320689091825,0.04038057794959139
0.4382951948170682,0.5300883512246047,0.031616453958327066
0.4279850593000935,0.539327999603217,0.03268694109668946
0.4630065398702552,0.4985262099006946,0.03846725022904998
0.5027720177494577,0.459069453585235,0.038158528665307195
0.45103527994914533,0.5080415018955325,0.04092321815532199
0.4157317423165422,0.4210879512520499,0.16318030643140782
0.42061902292007247,0.5453580339345536,0.03402294314537399
0.5493305546638435,0.4112254106322162,0.03944403470394036
0.5155645689120801,0.44189337572198617,0.04254205536593358
0.4664024593705622,0.49652381058080636,0.0370737300486313
0.5335512900844134,0.43071017661584643,0.03573853329974031
0.45519756503010594,0.5058701098713848,0.038932325098509336
0.41819926101221866,0.5417580212533564,0.04004271773442527
0.45813541229016563,0.5040931895481374,0.03777139816169699
0.4329762341982621,0.5266238298277532,0.04039993597398452
0.46397769877187967,0.4906854546315852,0.04533684659653485
0.4796502660227097,0.481861889566407,0.038487844410883314
0.30797021303892075,0.4656861344669186,0.22634365249416072
0.44826417023274034,0.5170627229776363,0.03467310678962325
0.45728926545431586,0.5058844849252446,0.03682624962043957
0.43962050717457357,0.522491614314868,0.037887878510558366
0.4442898260135715,0.3915288303456402,0.164181343640788
0.4469722795200451,0.5136147083499137,0.03941301213004092
0.497388356878016,0.4633623144259763,0.039249328696007765
0.43667107816800016,0.5225534742940122,0.04077544753798776
0.4672070074196149,0.4924766994530543,0.04031629312733088
0.5156540876279809,0.44601416477352396,0.03833174759849526
0.4291169455978481,0.5385683249587333,0.03231472944341846
0.4372399674565176,0.5244371054193131,0.03832292712416914
0.43867302261172125,0.5230589129145381,0.03826806447374036
0.4266511036661655,0.540751815430822,0.0325970809030126
0.472417720664444,0.4874495931763178,0.040132686159238005
0.46654459259327996,0.4969895695702883,0.036465837836431605
0.4452141045937675,0.5154186925010671,0.03936720290516546
0.4507590593834294,0.510799579064933,0.03844136155163751
0.4211222327892855,0.5399398029692826,0.03893796424143186
0.47961772371083045,0.4862353202776549,0.03414695601151498
0.4178671502299906,0.5444989892639263,0.03763386050608328
0.4191969221156798,0.5409165832336948,0.039886494650625035
0.45216690147997307,0.5088714187485134,0.03896167977151342
0.5146955303370723,0.4514576874669961,0.03384678219593166
0.5056231127910705,0.45395255698750253,0.04042433022142671
0.45443313547744024,0.5079414697102403,0.03762539481231923
0.4246287582814671,0.5374239922943226,0.03794724942421021
0.44974185811824496,0.5113533931497618,0.03890474873199332
0.45997332957322373,0.4935520998504626,0.0464745705763137
0.4328167442382799,0.3330591048028577,0.23412415095886255
0.5141812247645973,0.44681221916346947,0.039006556071933124
0.4201565037845552,0.5403792526237633,0.039464243591681374
0.4345181593749011,0.5273863920941901,0.03809544853090868
0.420310202284435,0.5414604180420263,0.03822937967353865
0.45459764060552066,0.5104060079433954,0.03499635145108393
0.42223198715486004,0.4816893691494912,0.09607864369564896
0.5443778707504671,0.4043512524685718,0.051270876780961025
0.46739552508197224,0.4921158537999215,0.040488621118106236
0.4278344299873416,0.5349019891002971,0.037263580912361365
0.495131847822358,0.4674235352637061,0.03744461691393578
0.43793152589873224,0.5228898201200939,0.03917865398117393
0.513121234954992,0.45589365277208205,0.030985112272925747
0.4262561631475574,0.5281868951607512,0.04555694169169129
0.4857840770477101,0.47516240597185616,0.03905351698043366
0.46045341358491343,0.5071581000708153,0.03238848634427112
0.4986865360559076,0.45990816819016606,0.041405295753926125
0.502493114682066,0.4621021715375851,0.03540471378034889
0.48979139698947316,0.46819850692731246,0.04201009608321441
0.49347615143745965,0.4731867009845567,0.033337147577983624
0.4409006901516121,0.5190770918392811,0.04002221800910695
0.43748509009892517,0.5241063558055006,0.038408554095574296
0.4801560915673818,0.47739418348144125,0.042449724951177006
0.4742362936370307,0.48540453879648293,0.04035916756648653
0.4337504322711349,0.5319621074460159,0.03428746028284914
0.4745898773604001,0.48577673259545817,0.039633390044141625
0.4213635105530605,0.5365577271892963,0.04207876225764327
0.4894342674890516,0.4711340003978735,0.03943173211307457
0.43686704501139123,0.5332580370946544,0.02987491789395435
0.44657173991315857,0.514653071277246,0.03877518880959569
0.4497761593881737,0.510760164367541,0.03946367624428533
0.4837994909163294,0.47639803624829463,0.03980247283537613
0.4308057303488628,0.5356657386391831,0.033528531011954146
0.43257174462056414,0.5299747279226177,0.03745352745681815
0.517015486034262,0.4488174640545843,0.03416704991115373
0.43805679829028754,0.5280677087903574,0.03387549291935518
0.4177410088153867,0.5420349640395479,0.0402240271450655
0.5336820023182474,0.4289474772461156,0.03737052043563708
0.4459311955168551,0.5179937229264835,0.036075081556661476
0.43224012296900366,0.5284392395181834,0.03932063751281297
0.4325159127881396,0.5301054625680173,0.037378624643843256
0.4373714009304346,0.5235947415467387,0.03903385752282677
0.46514066659139675,0.4947915501177318,0.0400677832908717
0.49747027071650846,0.466913114516245,0.035616614767246424
0.49044499566392574,0.47838191498241917,0.031173089353655172
0.42422652066055017,0.5391068253092105,0.03666665403023933
0.5316010688980229,0.4348576577749912,0.03354127332698562
0.4408656853433274,0.5214164970057507,0.03771781765092183
0.4293591984278639,0.5331538577193662,0.03748694385276984
0.4240146223308777,0.535485256151293,0.04050012151782897
0.5477711946786066,0.39653002973592943,0.05569877558546392
0.4252930121410266,0.534964251035403,0.03974273682357066
0.45813638345240176,0.5026264519527325,0.03923716459486586
0.49668038635356787,0.4632090045721768,0.04011060907425524
0.44820594577902345,0.5151564809312013,0.03663757328977537
0.44237346174397124,0.5216486934474437,0.035977844808584986
0.4280293007306436,0.5338849105772645,0.03808578869209175
0.46987711949606054,0.4915521978023767,0.038570682701562733
0.44431128575562717,0.5185272111642142,0.03716150308015867
0.4257722934262729,0.5036022411245689,0.07062546544915807
0.44461520889613093,0.49967030540484464,0.05571448569902418
0.4571345777570237,0.5051053303056197,0.037760091937356674
0.4262061635485899,0.5409011765282774,0.032892659923132526
0.46704828619806105,0.49532665482217714,0.03762505897976172
0.5331499386909103,0.4307290047325852,0.03612105657650441
0.48769116294024745,0.4728348172624547,0.03947401979729785
