0,1,2
0.45616076763561597,0.501955591830345,0.041883640534039285
0.4624330181179302,0.49773421842408533,0.03983276345798416
0.4592466777089867,0.49914059495350754,0.04161272733750564
0.4549746743990765,0.5030907990702124,0.04193452653071127
0.4611016523680335,0.496984827702297,0.041913519929669296
0.45818021985123397,0.5002084674713444,0.04161131267742166
0.4517744547253121,0.5066045847111236,0.041620960563564284
0.4600942593745119,0.49819345245360136,0.0417122881718868
0.4617052230201242,0.496663636727936,0.041631140251940084
0.456581910220843,0.5016873686297738,0.041730721149383074
0.46138948348503545,0.49684931498547236,0.04176120152949206
0.45613504520282905,0.5020327027715193,0.0418322520256515
0.452339987814552,0.5057157589418071,0.041944253243640914
0.4543183265000199,0.5040418401174969,0.04163983338248316
0.45987258205359427,0.4988718308243005,0.0412555871221051
0.46162883946461686,0.4965871797462671,0.04178398078911613
0.4613789575760018,0.49669504817752874,0.04192599424646949
0.4585393803599206,0.4997777636523492,0.04168285598772999
0.461358764611296,0.49671883566472036,0.04192239972398361
0.4545426125199724,0.5036769059861189,0.04178048149390852
0.45094854961724795,0.5072896236929576,0.041761826689794376
0.4609653885153402,0.4972969373589738,0.041737674125685846
0.4532039720140576,0.5048543738058269,0.04194165418011551
0.45714141312112233,0.5012052894080742,0.041653297470803693
0.46140956377612324,0.49684988305796546,0.041740553165911555
0.45179128377105193,0.5064577301589049,0.04175098607004322
0.46160186195518377,0.49652981766646664,0.04186832037834939
0.4572298634942482,0.500847349376406,0.04192278712934567
0.4534369863383857,0.5048363066776491,0.04172670698396519
0.46115967704915994,0.4980165258452581,0.040823797105581684
0.4596657549766427,0.4985620099945403,0.04177223502881694
0.46138245873694844,0.49670442316013946,0.041913118102912005
0.4603143830837676,0.4980341623591109,0.04165145455712155
0.45430508921092805,0.5039685441689272,0.041726366620144804
0.4575411595332893,0.5006716167150007,0.04178722375171011
0.4613768241180659,0.49669374412908945,0.04192943175284462
0.46131370047884146,0.49664616519290333,0.04204013432825517
0.4601833593247414,0.4979767417663759,0.04183989890888276
0.4613719484242536,0.49705386973126664,0.04157418184447968
0.46139573996160665,0.49673701835374023,0.04186724168465324
0.4640712009041805,0.500665785598347,0.035263013497472406
0.4532950759086258,0.5047585685145451,0.04194635557682921
0.46056498571804855,0.4976012185985265,0.041833795683424914
0.4537181398563066,0.5040487644005975,0.0422330957430959
0.45477435582465364,0.503149099493655,0.04207654468169129
0.45662903245946934,0.5009717190568164,0.04239924848371418
0.4617032440394913,0.49703983040083116,0.041256925559677395
0.45719664569490537,0.5012869034097953,0.04151645089529938
0.4619299735995951,0.4968686214061207,0.041201404994284166
0.45720049311268973,0.5010910666949915,0.04170844019231883
0.4556645081197315,0.5025797325967842,0.04175575928348425
0.4615819678297543,0.4975045217248084,0.04091351044543742
0.456183548432511,0.5021908468021787,0.041625604765310284
0.4613408996191434,0.4968268411021321,0.04183225927872454
0.46081245860123704,0.49740763261547266,0.041779908783290416
0.4611555886804779,0.49721526066663185,0.04162915065289018
0.4616172644367727,0.49662045477323713,0.04176228078999014
0.4571872912394858,0.5010438638715669,0.04176884488894729
0.4616135602798454,0.49666937414279205,0.04171706557736251
0.46085292839602615,0.49751447995672493,0.041632591647248585
0.45929130906888016,0.49896270216346916,0.04174598876765064
0.4537658150102675,0.5048320926388945,0.041402092350838006
0.46195606989147503,0.4966069755120825,0.041436954596442664
0.45808390082075723,0.5001811606044605,0.041734938574782464
0.4615910853723674,0.4967566782345355,0.04165223639309722
0.4604120256190211,0.49802677485614993,0.04156119952482881
0.4550329177815398,0.5035358199877594,0.04143126223070069
0.45942322928936635,0.4989663293953467,0.041610441315286704
0.4617716857641326,0.49627206487302516,0.04195624936284226
0.4606151288408969,0.49756169556165086,0.04182317559745231
0.4607798852750948,0.4975043702530644,0.0417157444718407
0.4624075423505704,0.4973378873628635,0.04025457028656618
0.45453495223045004,0.5037207439579231,0.04174430381162708
0.46135548223309647,0.4967238831139905,0.041920634652912896
0.46127777218875593,0.49704784605824043,0.04167438175300388
0.46141860164752924,0.4967857541054362,0.04179564424703453
0.45935551011906445,0.498843093950112,0.04180139593082334
0.460696022732852,0.49762281080875453,0.041681166458393246
0.4604407526057863,0.4979200706906656,0.04163917670354806
0.46206153945797135,0.4970271412472491,0.04091131929477963
0.4607544095623062,0.4973943742795363,0.041851216158157505
0.4614827873133799,0.49820863491370904,0.04030857777291095
0.46168124066355004,0.49643270548400636,0.0418860538524436
0.4618673796684985,0.49662555046642776,0.04150706986507386
0.4591793160667078,0.4991324934293257,0.04168819050396645
0.4568766754708475,0.5015256043584957,0.04159772017065695
0.46003126270682215,0.498254223113296,0.04171451417988168
0.45354911953145244,0.5046725295513166,0.04177835091723111
0.45461876097357495,0.5037772921628784,0.04160394686354645
0.46212548887390936,0.4971843678720376,0.040690143254052985
0.4565110257961962,0.501733343321132,0.041755630882671806
0.461132990862446,0.49708661547229144,0.04178039366526266
0.45553011087277284,0.5027910258589797,0.04167886326824747
0.4608766841527234,0.49739872545330716,0.04172459039396927
0.46067741109499466,0.4976415698379366,0.041681019067068774
0.4606460510015657,0.4976764054569741,0.041677543541460416
0.4540855352647368,0.5054362599326764,0.040478204802586876
0.460609891518232,0.49940738123677797,0.039982727244989996
0.4600747910526525,0.49824176776652235,0.041683441180824864
0.46082626154444656,0.49735423544933227,0.04181950300622104
0.46170627127824637,0.4964470728392595,0.04184665588249432
0.4625004239155548,0.4964533566069118,0.041046219477533216
0.45533523108669477,0.5028000129164711,0.04186475599683377
0.4561667234113334,0.5020266067756016,0.041806669813064766
0.457602833542417,0.5004009162203107,0.04199625023727217
0.4562143189016329,0.502109165866394,0.04167651523197309
0.4611484125714874,0.49705966575092336,0.04179192167758937
0.45468035684088576,0.5037136494872017,0.04160599367191269
0.46281155237851324,0.4983599153629117,0.038828532258575285
0.4599518747478256,0.4983002754107447,0.04174784984142983
0.4618272907248477,0.49654953596048657,0.041623173314665696
0.4564453255943712,0.5017187585363695,0.04183591586925933
0.46045873407509835,0.4976605112090929,0.04188075471580878
0.4515268290425052,0.5066258895281605,0.041847281429334374
0.4611505914055083,0.49719483622621663,0.04165457236827517
0.4619233927376102,0.49644689590770213,0.04162971135468786
0.4621194063491471,0.49681733798428623,0.04106325566656654
0.4597534719434267,0.49859695174841046,0.04164957630816283
0.4609802396115263,0.4973978094563173,0.04162195093215659
0.46153028983842836,0.49690693750624426,0.04156277265532745
0.4612250775329288,0.4969127978491808,0.04186212461789054
0.4608947266835441,0.49723850617617527,0.041866767140280696
0.45884041535545134,0.49940110731057347,0.04175847733397531
0.46162670968660213,0.4966366458276519,0.04173664448574605
0.45872695358245424,0.49951584587332004,0.04175720054422564
0.4566456073075769,0.5018486285538281,0.04150576413859501
0.4576387765221174,0.5006565802528072,0.041704643225075444
0.4608120095204418,0.49739189694611674,0.04179609353344164
0.46128781293227616,0.4967049617416882,0.04200722532603554
0.46053246905811585,0.4976631241913424,0.04180440675054162
0.45770753988686563,0.5007070798668322,0.041585380246302005
0.45799942680143174,0.5005266329992228,0.04147394019934525
0.4598260291574003,0.4987798564882419,0.041394114354357935
0.46083071393843833,0.49747303073596183,0.04169625532559978
0.4609685855942548,0.49713947279135945,0.04189194161438579
0.4619040134388358,0.4962462843185969,0.04184970224256709
0.4589242290887317,0.4993269870716569,0.04174878383961139
0.4555203454022301,0.5027940195024628,0.04168563509530703
0.45355081678572756,0.5046108422056733,0.04183834100859894
0.46106193560405523,0.4972407880723002,0.04169727632364453
0.4612223907011391,0.4968999621000714,0.04187764719878939
0.4620502426497396,0.4964895341256795,0.04146022322458076
0.45592521119696205,0.5020964138389921,0.04197837496404564
0.4579415736551757,0.5003553269914871,0.041703099353337124
0.4501549474478527,0.4950317168902657,0.05481333566188183
0.45921784464804905,0.49898658888004144,0.04179556647190958
0.46017688982959626,0.4981741783734041,0.041648931796999585
0.45922637657269344,0.4991485788077082,0.041625044619598595
0.4543619641772305,0.5036647198666805,0.04197331595608872
0.4592344911934025,0.49934806539901055,0.04141744340758704
0.4621110992878902,0.497025788813215,0.04086311189889495
0.4542093270442424,0.5040108817197657,0.04177979123599197
0.4606170200211873,0.4978003322816281,0.04158264769718445
0.4581866515828266,0.49990455277576007,0.04190879564141339
0.4603179431921477,0.4977704464557228,0.04191161035212957
0.4611900025665019,0.4969411238433343,0.04186887359016359
0.4583029231390493,0.5000402822521798,0.04165679460877115
0.4548435199545008,0.5034038490641816,0.041752630981317394
0.46040549822965643,0.49791655487432024,0.0416779468960235
0.4572376817842109,0.5010803694246533,0.0416819487911356
0.46079714797339766,0.49760797856596845,0.041594873460633584
0.45832813019867863,0.5000851685189371,0.04158670128238396
0.46069760507063123,0.4974875283139486,0.041814866615420075
0.4586072444628479,0.499748875931628,0.041643879605524264
0.45587343814964404,0.5024744253632772,0.04165213648707859
0.4576515772004234,0.500669647927857,0.041678774871719726
0.4615921916526748,0.49664641690768396,0.04176139143964124
0.4611919917491724,0.4970784305319007,0.04172957771892695
0.4619637145721786,0.4965085907520871,0.04152769467573436
0.46191327227429935,0.49670474608977866,0.041381981635921855
0.461353620527445,0.4975776802456771,0.0410686992268778
0.45537342824668536,0.5027262736797752,0.04190029807353953
0.4516302365385804,0.5066995376705368,0.04167022579088274
0.45993008927870777,0.4984322348978297,0.04163767582346235
0.46163528980811874,0.4966226273022533,0.04174208288962774
0.4618786381330809,0.49679500076755106,0.04132636109936809
0.4616669298611661,0.4966030525421819,0.041730017596652035
0.46184145633466234,0.49639768860475153,0.04176085506058628
0.4605617948676106,0.4978200419269359,0.041618163205453564
0.45962717459933206,0.49872917897479163,0.041643646425876306
0.45961508791202066,0.49875301810287054,0.04163189398510888
0.4614729095010179,0.496597322329552,0.04192976816943017
0.4553158184697513,0.5027311068650229,0.04195307466522586
0.46129886326049974,0.4968556094393287,0.04184552730017167
0.4555577812993462,0.5024761809011822,0.04196603779947139
0.45942234790270103,0.4996093452413144,0.04096830685598455
0.46230121276687386,0.49624641164542943,0.04145237558769669
0.46199357985518136,0.4962721109862396,0.04173430915857889
0.4524975014092532,0.506000019162881,0.04150247942786577
0.45263091345701045,0.5055249046632528,0.041844181879736854
0.45955929096873804,0.49879364713327784,0.04164706189798419
0.45400795290074514,0.5041593146358925,0.041832732463362304
0.4608414015821109,0.49729684824245407,0.04186175017543505
0.46163294705061375,0.496630496457225,0.04173655649216101
0.46139925784331287,0.4966873719579709,0.04191337019871624
0.4600593361757921,0.49812162678447197,0.04181903703973603
0.46003532622995946,0.49828849717293294,0.04167617659710745
0.46079677864540514,0.4977563210673951,0.04144690028719978
0.45702489200417173,0.5012923436404765,0.0416827643553517
0.4614686642770975,0.4966160151816295,0.0419153205412731
0.45731229016939257,0.501004554693374,0.041683155137233543
0.4616055600167347,0.49668634377060644,0.04170809621265863
0.46164867550058164,0.49666193464730457,0.04168938985211387
0.4611723045944962,0.49716271873889223,0.0416649766666115
0.46158069220960585,0.49651031517049316,0.04190899261990131
0.4528166191819537,0.50554211247714,0.04164126834090641
0.4598020089417881,0.498472844587798,0.04172514647041404
0.4595658377800519,0.49707438772675816,0.043359774493190006
0.4585135569856124,0.49973918535262113,0.04174725766176662
0.46187169981713005,0.49688597276381036,0.04124232741905988
0.4576289187672721,0.5004673732207274,0.04190370801200071
0.45687148672267425,0.5014281445578166,0.041700368719509225
0.45818684132308374,0.5005202383121427,0.04129292036477377
0.45918923562607566,0.499138514227408,0.04167225014651633
0.46188163316133374,0.4969447833880227,0.04117358345064371
0.45847935728844386,0.4996059731976449,0.04191466951391134
0.46201426499152654,0.49616135763324076,0.04182437737523284
0.4552424399469275,0.5030383894323742,0.041719170620698263
0.4564811499666825,0.5019575027291362,0.0415613473041813
0.4611349612959934,0.4971641590995679,0.04170087960443854
0.4592959261593463,0.4989522267663743,0.041751847074279425
0.4615356925088493,0.4967056337624144,0.04175867372873617
0.4612942769440191,0.49691732067076405,0.041788402385216875
0.4618643387646024,0.49626534629195224,0.04187031494344513
0.4595227645762816,0.49869917445641315,0.041778060967305505
0.46048894589052713,0.49792131768896064,0.041589736420512134
0.46194564765790186,0.49636989984383756,0.041684452498260596
0.45680403617677867,0.5014293886447285,0.04176657517849272
0.4616667604172459,0.4965184084557653,0.04181483112698871
0.4597753295915549,0.4986952395010646,0.04152943090738037
0.461489582863755,0.49665407152575075,0.04185634561049418
0.4518426168771302,0.5065636444689715,0.041593738653898225
0.46003039275099183,0.4986279184372467,0.041341688811761465
0.4616272886336922,0.49636422923667395,0.0420084821296338
0.4606883079759466,0.4977887710487621,0.041522920975291165
0.4619701144777059,0.49628645146826605,0.04174343405402792
0.4538729747650007,0.5043456035282041,0.04178142170679496
0.45829480266644707,0.5000299203172858,0.041675277016267005
0.4588669332126463,0.49948033407549913,0.041652732711854386
0.4529842788431756,0.5054302839601105,0.04158543719671418
0.45109396453339756,0.5073016433474999,0.041604392119102704
0.457429369121666,0.5010826979650641,0.04148793291326985
0.4553009393618091,0.5031575983153693,0.04154146232282127
0.4613251397869192,0.49682015463502943,0.04185470557805112
0.46139140193493566,0.49660310206500274,0.04200549600006134
0.4614012343878942,0.4962777295281389,0.0423210360839668
0.4609640362294282,0.49714699511545174,0.04188896865512038
0.4477440836885086,0.5103246210854894,0.041931295226002294
0.4551675561777722,0.5028960375599029,0.04193640626232505
0.45726376026051196,0.5008044283062271,0.041931811433261065
0.4610816554390391,0.4970706628693965,0.041847681691564435
0.46188673714522294,0.49662793004852296,0.04148533280625401
0.46001167927016434,0.4988623713899315,0.04112594933990426
0.4592658842702049,0.49902601950050085,0.041708096229294354
0.4605689919858847,0.4977759270672266,0.04165508094688872
0.4563912466471797,0.5033052317538093,0.04030352159901088
0.4596712749686407,0.4987109191745595,0.04161780585679972
0.4615863877312512,0.4966307282075305,0.041782884061218335
0.4612964647311715,0.4969802457849598,0.04172328948386841
0.4616013652087693,0.4965993549497908,0.041799279841440044
0.4617469849576614,0.49708173615228957,0.0411712788900494
0.4570362508873855,0.501036624677911,0.041927124434703505
0.46409928685774177,0.5037284717203476,0.03217224142191054
0.4589727963903385,0.49917988654076867,0.041847317068892775
0.4609395720130373,0.49732462993340537,0.04173579805355741
0.4611991693208102,0.49703225603107853,0.041768574648111345
0.46042001550220907,0.49778505533238704,0.041794929165403824
0.4612977940400096,0.4972357157796872,0.04146649018030334
0.4600083934491349,0.49807982552469415,0.04191178102617113
0.45858435048578056,0.4995970059235385,0.04181864359068081
0.460855835799901,0.4974040170128787,0.0417401471872202
0.4611877777718584,0.497232921095318,0.041579301132823564
0.45809826581746965,0.5003479015391961,0.04155383264333436
0.4559711503750877,0.5023677984562508,0.04166105116866143
0.45883639649516417,0.49947313588944825,0.04169046761538739
0.459156221243337,0.4992114443253464,0.04163233443131661
0.45795510674171946,0.5003091002228471,0.04173579303543321
0.4580638492501142,0.5002556867306119,0.04168046401927391
0.4612686694659571,0.4972092635887189,0.041522066945323954
0.46063777920258814,0.49768420385187095,0.041678016945540936
0.4537714352332773,0.5045160774985872,0.041712487268135555
0.45894477132347106,0.49933687833916535,0.04171835033736386
0.46152498850296053,0.4967882800179761,0.04168673147906354
0.46122185557958945,0.49717363441319085,0.04160451000721974
0.4615100892655845,0.49654721716260564,0.041942693571809846
0.4585324075694192,0.49955632290809115,0.04191126952248982
0.4524788676700912,0.5057998832516847,0.04172124907822431
0.45772519778752047,0.5003860537990866,0.04188874841339319
0.4611988081296444,0.4969566316875141,0.04184456018284148
0.4613344353024828,0.4971231263819927,0.04154243831552456
0.4571587920590361,0.5010942409202055,0.04174696702075847
0.46166425769062397,0.49664269411657214,0.04169304819280365
0.461594049779312,0.49656543286512894,0.041840517355558875
0.4538132615068426,0.5044749580998716,0.04171178039328584
0.4541080783147696,0.5041550081915034,0.041736913493726754
0.4547009604517409,0.5034535752677327,0.041845464280526254
0.4614794701522279,0.4968253099195211,0.041695219928251155
0.4623165682218098,0.4963577706155836,0.04132566116260623
0.4608474090319084,0.4974752235737411,0.04167736739435046
0.45587591535832217,0.5022148991510441,0.0419091854906336
0.45933784689988855,0.49887658754968417,0.04178556555042731
0.45922104060047786,0.499150431946101,0.041628527453421126
0.46121407084324056,0.49700858537584913,0.04177734378091052
0.44863083075862575,0.5065652388153851,0.04480393042598923
0.4589885413186049,0.49911082924951305,0.04190062943188221
0.4597663864810724,0.4987062551143272,0.04152735840460036
0.46217857731090706,0.4960314219374998,0.041790000751593025
0.452286598882863,0.5058880816506973,0.04182531946643958
0.46253011562440244,0.4955786037607051,0.04189128061489281
0.46144393944512674,0.49696943469576066,0.04158662585911256
0.459898595565471,0.4983308337562617,0.04177057067826731
0.4602575611590232,0.4979982994032141,0.041744139437762416
0.46153424301608165,0.49675065136755614,0.041715105616362304
0.4608021880414175,0.4975781928231761,0.04161961913540632
0.45847997193433815,0.5001947074514177,0.04132532061424415
0.4608511597469139,0.4972829398753469,0.0418659003777395
0.4564375475047226,0.5018728008970116,0.04168965159826555
0.46195616196545736,0.49633473227859365,0.041709105755949154
0.4639533180575027,0.500847278050501,0.035199403891996266
0.4570299037203817,0.5011962734162473,0.04177382286337069
0.46030791818051475,0.4979153439626253,0.04177673785685993
0.45871431580151584,0.49947458133888933,0.04181110285959467
0.4616005008092681,0.49675790485328386,0.04164159433744814
0.4592871290382107,0.4990752081401412,0.0416376628216482
0.46217518985992007,0.49602364897003215,0.0418011611700478
0.4615298860219984,0.49678534873630664,0.04168476524169515
0.4610211305082338,0.4970888060641461,0.04189006342762023
0.4611404287948058,0.4979882131730304,0.04087135803216385
0.460867484974095,0.49734655986889104,0.04178595515701402
0.4611081783073459,0.4982777520152214,0.04061406967743265
0.46188757556723686,0.49644733285397974,0.041665091578783384
0.445401786000766,0.5124001404503936,0.04219807354884037
0.4552919659833178,0.5042358760947906,0.04047215792189152
0.4605474493649311,0.49756177461720835,0.041890776017860454
0.4601945222488781,0.4979521245617529,0.04185335318936908
0.45547433950680977,0.5025555047406073,0.041970155752583005
0.4594103174854017,0.49878079340396947,0.041808889110628904
0.4609192448173477,0.49721078046697054,0.041869974715681865
0.4614754138479685,0.496549547550541,0.04197503860149067
0.4615481035793386,0.49683721715406176,0.04161467926659983
0.460874225247453,0.4972678913971503,0.04185788335539672
0.4571162633863411,0.5009676521242464,0.041916084489412524
0.46108410342781886,0.4971722868217283,0.04174360975045248
0.46148459654543245,0.49656878146623534,0.04194662198833202
0.4616992722999333,0.4975166412496754,0.04078408645039153
0.4601484535825119,0.4981991522362833,0.04165239418120483
0.45835639973931447,0.5000284142009065,0.041615186059778875
0.4523067212512295,0.5061726756107267,0.04152060313804404
0.4484446936786755,0.5101400247663099,0.04141528155501453
0.46038920984355003,0.4977282690891235,0.04188252106732661
0.4602302778879097,0.4982292482244384,0.041540473887651704
0.4618520221285155,0.4971326004103382,0.041015377461146134
0.46265628508554235,0.49803373562173425,0.03930997929272326
0.4541174689315669,0.5045014278230976,0.041381103245335435
0.4613216999495104,0.4967337349593674,0.04194456509112213
0.45262574861572386,0.5056886205575245,0.04168563082675189
0.46081092093588144,0.49744766356499986,0.04174141549911859
0.461619830679061,0.49643893794571514,0.041941231375223764
0.46094821500341593,0.49731954519312915,0.04173223980345487
0.4500130461174038,0.5081342313333842,0.04185272254921229
0.4519813785049646,0.5061939762770445,0.0418246452179908
0.4593097729328893,0.4990492078328165,0.04164101923429424
0.4560949274839071,0.502112613387313,0.04179245912877981
0.45985220440080593,0.4984919235421476,0.04165587205704638
0.45431374528561547,0.5040594817082337,0.04162677300615083
0.4601270440758676,0.4981539953737228,0.041718960550409606
0.45725420040467935,0.5009795956525386,0.041766203942781875
0.4572368828885245,0.5010481258114541,0.04171499130002151
0.46137805539203713,0.49682051283851286,0.04180143176944982
0.45923020836579914,0.49907125503429384,0.041698536599907
0.4610788652892175,0.49704897694424977,0.04187215776653278
0.46277902464292175,0.49701915706942207,0.04020181828765594
0.45505535343176473,0.503242690909441,0.041701955658794115
0.4532120250009299,0.504999135971329,0.04178883902774085
0.4621920480536982,0.49729464236591475,0.04051330958038686
0.45648249847155453,0.5023483901296609,0.041169111398784396
0.4627769376513058,0.49746593421074053,0.039757128137953554
0.4559639073381893,0.502367993780507,0.04166809888130355
0.45992536386646665,0.4984186823872562,0.04165595374627705
0.4566278694192302,0.5016359064232062,0.041736224157563666
0.4608213462944458,0.4973809733963242,0.041797680309230006
0.45719139078043897,0.5010856072204387,0.0417230019991222
0.45905940773410225,0.4991910627590172,0.04174952950688041
0.4604450170425261,0.49774717563521736,0.04180780732225659
0.44936766176889037,0.5090278461096478,0.0416044921214618
0.4618425928681386,0.4971608034788605,0.04099660365300085
0.46169702098959636,0.4965039499627449,0.04179902904765869
0.4582246371009827,0.5000723862867905,0.041702976612226765
0.4560850964345363,0.5021473037185612,0.04176759984690264
0.45621611521623956,0.5021372293506133,0.04164665543314727
0.4617446194703222,0.49635126593892265,0.04190411459075511
0.45873760599633556,0.4994030767204432,0.04185931728322155
0.46296656576555506,0.4972018168214996,0.0398316174129454
0.461501895797488,0.4968192119242884,0.041678892278223634
0.45749481796104685,0.5005266278961871,0.04197855414276594
0.45625592827958367,0.5020019472686085,0.041742124451807985
0.4591271716491623,0.49916291800647544,0.04170991034436237
0.45909198047342614,0.49921426159232357,0.041693757934250245
0.4571580763894965,0.5009401393717207,0.041901784238783005
0.4525494967557088,0.5057632547027457,0.04168724854154537
0.4619591654882346,0.49676620584997705,0.041274628661788174
0.4584309081807414,0.4997458826940579,0.04182320912520092
0.46240301618059176,0.49771421319030223,0.03988277062910601
0.46079627112184457,0.4974046915369591,0.04179903734119637
0.46129457828839937,0.4967484009255051,0.04195702078609561
0.4541851604262811,0.5041785519608558,0.041636287612863206
0.4570987918895882,0.5011593348045209,0.04174187330589098
0.46202223566194045,0.49641744327594267,0.04156032106211685
0.4618515644878602,0.49646732866999727,0.04168110684214255
0.46201247438558635,0.49657963178465525,0.04140789382975857
0.4616816805257315,0.4969047413437684,0.04141357813050012
0.46139462514123986,0.49698894284699974,0.04161643201176039
0.4572439581578509,0.500984005949238,0.04177203589291093
0.4619509861521463,0.4964648614509513,0.041584152396902274
0.4608328121128159,0.4973932351702773,0.04177395271690673
0.4571148341401442,0.5011810533791307,0.04170411248072502
0.4602519967466234,0.49803332855905014,0.04171467469432632
0.46023574501446174,0.497853506484299,0.04191074850123913
0.446775549237527,0.5123333614948837,0.040891089267589296
0.45515877470899313,0.50286219743059,0.0419790278604169
0.4621386029583854,0.49619291307288405,0.041668483968730435
0.46106078778144294,0.4972144138299319,0.041724798388625105
0.46201972830038457,0.49625909983890215,0.04172117186071313
0.4617879496136243,0.49635012163850656,0.04186192874786911
0.45971455880192347,0.4984672275339487,0.04181821366412815
0.46093532196417764,0.4974202324443991,0.04164444559142311
0.4609753206110186,0.49713555907096657,0.04188912031801481
0.45707705580391944,0.5013487700947895,0.041574174101291016
0.46212177221379136,0.49606677275910366,0.041811455027105045
0.4594388720101377,0.49922535032223525,0.041335777667627006
0.45788004637624835,0.5003933485586648,0.04172660506508692
0.4621528629908111,0.49598812956720917,0.04185900744197971
0.4543304543410336,0.5037754718807128,0.04189407377825369
0.4594955696847899,0.4987300829965295,0.04177434731868061
0.4577071240371879,0.5006047329424277,0.04168814302038445
0.4582622575632741,0.4999784170968772,0.04175932533984872
0.46144357038256106,0.496768297438607,0.041788132178832
0.4614209022464928,0.4966952400063655,0.041883857747141776
0.4595634796164079,0.4965284330259956,0.043908087357596624
0.461077954027066,0.49704150239859846,0.0418805435743357
0.46056717787301826,0.4977798396867278,0.04165298244025393
0.46214517834351354,0.49779407756612704,0.04006074409035938
0.4538224518177338,0.5043143280946629,0.04186322008760343
0.46091346481545636,0.49724857412123724,0.04183796106330657
0.45970503440011834,0.49862143862370667,0.04167352697617507
0.4588369983646863,0.49946765639573004,0.04169534523958393
0.4605699209866261,0.49843858375945027,0.04099149525392373
0.45510749924805727,0.5030452792996821,0.041847221452260455
0.4580040506605631,0.5027145203938529,0.03928142894558403
0.46148593309482927,0.4968750010362122,0.041639065868958644
0.46358416599949015,0.4996525276332432,0.03676330636726685
0.45573977258059345,0.5023186247828357,0.04194160263657083
0.4606323290686584,0.4977043741029212,0.04166329682842042
0.4611678897427236,0.4969363126977877,0.041895797559488517
0.4612483491843511,0.4967861346948592,0.04196551612078991
0.4621685377776729,0.49751960763121744,0.04031185459110974
0.46145096078790526,0.496850032472266,0.041699006739828647
0.46144681908521035,0.49686971228282406,0.04168346863196544
0.45604489771140383,0.5020867113335837,0.04186839095501262
0.4590301155845348,0.4994494274891669,0.0415204569262983
0.45750150166156234,0.5008358076788074,0.04166269065963023
0.4524869323551191,0.5059151082312713,0.04159795941360951
0.4633354648578486,0.49954552242103567,0.037119012721115764
0.4617767016172901,0.4964100475266551,0.04181325085605467
0.4614627011092886,0.4968205018829409,0.04171679700777077
0.46163182740785236,0.4966495498962165,0.04171862269593098
0.46097904472391527,0.4975023778830648,0.04151857739301969
0.4607015218052899,0.49762224980407255,0.04167622839063744
0.4600868336920633,0.4981035466963041,0.04180961961163251
0.4612873527993603,0.49738468752699905,0.04132795967364065
0.4602729961376582,0.4980466560054941,0.04168034785684769
0.4603020766721371,0.4980191677521193,0.04167875557574354
0.46010472151766046,0.498177331682541,0.0417179467997984
0.46016569768540355,0.4980360001855319,0.04179830212906454
0.45403581539463755,0.5042197319988285,0.04174445260653412
0.4603449270565317,0.49785042671487895,0.04180464622858933
0.4614891069529213,0.49660866625275674,0.041902226794321866
0.4614487207546508,0.4968625627598846,0.041688716485464364
0.4615714140067821,0.4967366954462325,0.04169189054698557
0.4543202525652501,0.5040687326166001,0.04161101481814985
0.4470772431084777,0.5106584970877247,0.0422642598037976
0.4595061054315845,0.49894397678901553,0.04154991777939993
0.4606423529883946,0.49748236683229746,0.04187528017930759
0.4582946153743171,0.49990827509043734,0.04179710953524543
0.4582214444753328,0.5000365273356986,0.041742028188968563
0.46167893322736914,0.4963976798517724,0.041923386920858605
0.4576813260214166,0.5007808426358882,0.04153783134269534
0.4616351626093704,0.49643438884848384,0.0419304485421458
0.46016707906105503,0.49826939241026086,0.04156352852868412
0.461124272003889,0.49715239172793946,0.041723336268171575
0.4588424274164823,0.49962568655898615,0.04153188602453176
0.4513005666678781,0.506735363402413,0.04196406992970887
0.45572118848701015,0.5024623765938463,0.04181643491914346
0.4587969683489375,0.4993477937396161,0.041855237911446415
0.45613275579529045,0.5022217906646583,0.04164545354005109
0.4622538817899495,0.4975023096384939,0.04024380857155658
0.4610491247382835,0.49769848349089435,0.04125239177082189
0.46170442856100297,0.49705346824911634,0.04124210318988038
0.45712007726361653,0.5009236507507916,0.04195627198559179
0.459878828681305,0.49847780851898693,0.041643362799708074
0.46094406818669253,0.4974774009874082,0.04157853082589895
0.4619934675010505,0.4960929563232942,0.041913576175655366
0.46174643681703653,0.4964785186699212,0.041775044513042335
0.4647435068495206,0.5033171981560011,0.031939294994478326
0.4580646118929664,0.500460809257901,0.04147457884913246
0.46035512022917174,0.4978079145419943,0.04183696522883392
0.4612428785386608,0.49733438309366146,0.04142273836767788
0.4610767980908868,0.497005231312472,0.04191797059664112
0.4520840097946974,0.5060000384520693,0.04191595175323324
0.4612672184116255,0.4971442491452671,0.041588532443107465
0.46161197118168057,0.4964561007608715,0.041931928057447665
0.4573097468784506,0.5008685489579261,0.041821704163623144
0.45833258266315385,0.4999437013977753,0.041723715939070975
0.4608605118105628,0.49726664405507714,0.04187284413435996
0.455439761145284,0.5029660191050498,0.0415942197496662
0.45270345021374414,0.5053632714103682,0.041933278375887485
0.46045887151782916,0.49773738086267244,0.04180374761949818
0.4614567906470673,0.49670747252939035,0.041835736823542226
0.46026740846445946,0.4980360360034409,0.041696555532099486
0.46031069802534447,0.49810346919353016,0.04158583278112532
0.4608865023499981,0.4972748377735881,0.04183865987641376
0.4567204212386962,0.5016275887626651,0.041651989998638755
0.46139345031586937,0.497008294293078,0.041598255391052476
0.46096960373077855,0.4972429451134623,0.04178745115575917
0.45757209129529364,0.5007059781508757,0.04172193055383067
0.460600329254267,0.49757867341228673,0.0418209973334461
0.4600901923406107,0.4982301861223651,0.04167962153702411
0.4581248934266714,0.5001248634755181,0.04175024309781056
0.46148899856713294,0.49671058819177466,0.04180041324109233
0.46010250446667117,0.4985972257612456,0.04130026977208325
0.4613711063639145,0.4974136066841442,0.041215286951941335
0.4561970757052651,0.5018729909019513,0.04192993339278364
0.4618321487643556,0.49663631931443786,0.04153153192120665
0.4557481441638923,0.5023952327468767,0.041856623089231
0.4537201014815962,0.5046688053220211,0.04161109319638265
0.45659398930867123,0.5014354526914996,0.041970557999829024
0.45987917531227535,0.4985473531306964,0.04157347155702832
0.44911512265040265,0.5078492409156256,0.04303563643397168
0.4569937691424951,0.5010750312872955,0.0419311995702093
0.4618073222713066,0.49632343518994126,0.04186924253875216
0.4493079412511382,0.5063217410908444,0.044370317658017216
0.4608539115521601,0.497292162443083,0.04185392600475693
0.4619358289688181,0.4961054741140673,0.041958696917114464
0.45673842800756853,0.5013657482500056,0.041895823742425876
0.4595831846068052,0.49864947866844184,0.0417673367247533
0.4616362405248998,0.49702054869868484,0.041343210776415396
0.46126189488904484,0.4971177004509636,0.04162040465999142
0.4526280080762687,0.5054080544907689,0.04196393743296206
0.4569167004213086,0.5011050757029927,0.04197822387569866
0.461204852274716,0.49710827383902434,0.04168687388625943
0.4618556999456863,0.4965775807904524,0.041566719263861185
0.4595737526129816,0.49864489127769646,0.041781356109321884
0.45890637187879296,0.49945096470037004,0.041642663420836785
0.4576171158680321,0.5006553231387086,0.04172756099325911
0.45962669523725347,0.49855900459620883,0.04181430016653757
0.4596499543601863,0.49875253549741805,0.04159751014239565
0.46196502743649037,0.4962714597652837,0.04176351279822592
0.4618800749194592,0.49645614803972615,0.041663777040814566
0.461022815835233,0.497164044256624,0.04181313990814276
0.45377166178257194,0.5040709594590218,0.04215737875840642
0.4546928835075976,0.5007972218413942,0.04450989465100823
0.4587374221006072,0.4983643683083967,0.04289820959099597
0.4576839140418871,0.5005718368828406,0.04174424907527229
0.4595073623120677,0.4990488193846591,0.04144381830327327
0.45917596136874217,0.4991684746408437,0.041655563990414195
0.4558452577827291,0.5025028554498879,0.04165188676738281
0.46110049220795535,0.4972242598012799,0.04167524799076454
0.46101061712173347,0.4974678550280976,0.04152152785016894
0.458491089724179,0.4999694747513451,0.04153943552447557
0.45631086050360115,0.5022098407558657,0.04147929874053316
0.4507112584552375,0.5076284653337099,0.04166027621105225
0.4554110893071818,0.5026998300643516,0.04188908062846669
0.45585249794705596,0.5026519575831409,0.041495544469803164
0.46131048158289495,0.4969622428384799,0.041727275578625024
0.4545656519636186,0.503490760174859,0.041943587861522184
0.4590214348138884,0.4991871391474681,0.04179142603864361
0.45997088037199646,0.4984256739511858,0.041603445676817466
0.45544748374562144,0.502695908286095,0.041856607968283374
0.4586267813897237,0.49957428403686516,0.04179893457341107
0.4591266752614688,0.49899021155548073,0.041883113183050505
0.4578102336270721,0.5003825829355103,0.0418071834374175
0.45053433390422554,0.5077166453367531,0.04174902075902147
0.45505854805424395,0.5032749393726553,0.04166651257310066
0.45986276837703427,0.49846567321911445,0.04167155840385132
0.4616507401752522,0.4966905724618668,0.04165868736288074
0.4620061132501954,0.4960857086041553,0.04190817814564926
0.46051653675409426,0.49777359222213424,0.041709871023771355
0.461875991436388,0.497079526170695,0.04104448239291707
0.46171018145743065,0.4965657496779535,0.04172406886461572
0.4618237861771542,0.4966048505982665,0.041571363224579404
0.46094775299614454,0.4972504392446689,0.04180180775918657
0.4614325763172975,0.49698453781367824,0.04158288586902426
0.46163625635197825,0.496606204462542,0.04175753918547956
0.46013147545965594,0.49815386049655325,0.04171466404379079
0.4579138734439151,0.5003609274154636,0.04172519914062146
0.4586724354829759,0.4996947839348701,0.04163278058215385
0.46131529011994926,0.49702481648148444,0.041659893398566315
0.4612737000119869,0.4969467441678406,0.04177955582017222
0.46103975196319313,0.4973180388813971,0.04164220915540968
0.4583548716657309,0.49987782842038475,0.04176729991388429
0.4628129498332179,0.4983656045655642,0.038821445601217815
0.4576624735302795,0.5004140833229908,0.041923443146729675
0.46027538250120226,0.4978789210959214,0.04184569640287652
0.45850433245175676,0.4995857130131309,0.04190995453511247
0.45221899756233547,0.5059444332580576,0.04183656917960697
0.4601764622726952,0.49809536750600514,0.041728170221299585
0.4554379689698835,0.5027950076229234,0.041767023407193
0.456390402999105,0.5019971067920993,0.041612490208795705
0.4607537856697553,0.49755112817338926,0.04169508615685556
0.45765442626484776,0.5006662305899837,0.0416793431451685
0.45886021364457863,0.4995393490755166,0.04160043727990477
0.4592042112725012,0.4990203296078676,0.041775459119631195
0.46159541467970766,0.4968037950789791,0.04160079024131309
0.4554898536363085,0.502694314625247,0.04181583173844445
0.46209640430433635,0.49776339883870063,0.040140196856962844
0.45313639992447624,0.5052734744803036,0.041590125595219886
0.4623394577860487,0.49762586596643,0.04003467624752145
0.46082181132759986,0.49764841425643674,0.041529774415963436
0.4616002394158867,0.4967343589661124,0.04166540161800094
0.4616424583033686,0.4968273606604142,0.04153018103621713
0.4593275943347206,0.49901606512800817,0.04165634053727117
0.4615881568517098,0.4975018186908295,0.040910024457460795
0.45831729456416687,0.4998552781924201,0.041827427243413255
0.4562445854980713,0.502280016597442,0.04147539790448668
0.4513988644986616,0.5069976101069994,0.04160352539433882
0.4600975591847886,0.49821649120605965,0.04168594960915191
0.46025375200469104,0.4988955420949976,0.040850705900311285
0.46164142720596296,0.49648261806907373,0.041875954724963346
0.4559758355895985,0.5021548953912641,0.0418692690191375
0.4555033110374305,0.5027280971074065,0.04176859185516281
0.4619620005140332,0.4962907282079708,0.0417472712779961
0.45943799337779817,0.49880013895813063,0.04176186766407112
0.45963092724750193,0.4986922831241759,0.041676789628322164
0.4599989313470535,0.49838417604020663,0.041616892612739625
0.4615969772884451,0.4969002773878288,0.04150274532372612
0.45988360581578547,0.4983761852328703,0.04174020895134431
0.46157900585264516,0.4967063965984095,0.04171459754894537
0.4616139877126704,0.4965779995611982,0.04180801272613125
0.45875383514050444,0.49959792047809054,0.041648244381404874
0.46304358848202853,0.49903174976510395,0.03792466175286757
0.45975566169737425,0.49847138201246227,0.041772956290163456
0.45485731853021794,0.5034166323609323,0.041726049108849715
0.4573379334690875,0.5006711821887752,0.0419908843421374
0.4599024988676931,0.49852206860373344,0.04157543252857348
0.4573618383872654,0.5009279466214671,0.041710214991267446
0.45969641475668,0.49860552007407344,0.041698065169246526
0.45177351996744053,0.5066206173715002,0.041605862661059125
0.4583293320205953,0.5000684201935507,0.04160224778585392
0.461096322511298,0.49719878862156985,0.041704888867131945
0.4586111195546899,0.49975801136919834,0.04163086907611182
0.4596482797813927,0.4985584601582841,0.041793260060323134
0.45664709710098106,0.5013637983483817,0.04198910455063713
0.4555621203659163,0.502601074255032,0.041836805379051635
0.46051308661202506,0.4987720821140196,0.04071483127395523
0.4563626749623867,0.5016667826055846,0.04197054243202864
0.45341733559309993,0.5047988338219491,0.041783830584951005
0.4574254391589205,0.5006559113548419,0.041918649486237525
0.4573266547186283,0.5007523731869947,0.04192097209437703
0.46185817819412733,0.4962667494422738,0.04187507236359881
0.4585729629954534,0.49968283581949735,0.04174420118504929
0.46159349327490323,0.49673606647655666,0.041670440248540115
0.4597316091199177,0.4985782872833058,0.04169010359677663
0.46111256408662127,0.4972645978683278,0.04162283804505082
0.4590307053933624,0.4991921622000681,0.041777132406569495
0.46164754976832767,0.49658901227944535,0.04176343795222699
0.46062529751569986,0.4977736096175645,0.041601092866735426
0.4602724991237528,0.49812302009024495,0.04160448078600226
0.4611846622354309,0.49807326088801757,0.040742076876551354
0.4528090114155085,0.5052670165253883,0.04192397205910306
0.454269207877359,0.5041108872971628,0.04161990482547796
0.4587894849906443,0.4997416267579023,0.041468888251453354
0.4550316355374918,0.503250903666655,0.041717460795853055
0.46167050848700736,0.49674657378502757,0.04158291772796522
0.46067332130178446,0.49760147782126646,0.041725200876949156
0.4619364896715099,0.49621507177693064,0.04184843855155932
0.4590395658799219,0.4996162255116189,0.041344208608459235
0.46068951132158975,0.49760897860493575,0.041701510073474404
0.45632370174280823,0.5020396341929382,0.041636664064253814
0.4616520966134423,0.49673342759942224,0.04161447578713552
