0,1,2
0.457332719362549,0.5016762960649702,0.040990984572480675
0.4574873917116002,0.5015667067491585,0.040945901539241145
0.45736583259184455,0.5016604693179143,0.040973698090241005
0.4575246717946448,0.5015714810541124,0.040903847151242616
0.4573789552560761,0.5016260516584949,0.040994993085428935
0.4573311483168237,0.5018351654177918,0.04083368626538445
0.4561243279757554,0.5027481833202759,0.041127488703968575
0.4574018977105645,0.501513416275499,0.041084686013936236
0.4573145370691249,0.5016809153250079,0.04100454760586733
0.4575041664132526,0.5015524230235583,0.040943410563189106
0.4573040602980323,0.5016778490622775,0.041018090639690065
0.45733222518400257,0.5018331506568174,0.040834624159180224
0.4574422160078538,0.5016601296640837,0.04089765432806242
0.4574379780439711,0.5016473151575297,0.04091470679849913
0.4575684107662484,0.5016150184944496,0.040816570739302144
0.4575270715603622,0.5015799562944311,0.04089297214520671
0.4575456410258214,0.5015930892129525,0.04086126976122601
0.4574503675165473,0.5016258614601001,0.040923771023352484
0.4574027745964895,0.5015143908110554,0.041082834592454966
0.457465488040231,0.5016002229194582,0.040934289040311024
0.45749630982408884,0.5015567362677644,0.040946953908146975
0.4574519610723273,0.501623122053158,0.04092491687451492
0.45737746686321024,0.5017529142342991,0.040869618902490565
0.4573319616105289,0.5018336423562341,0.04083439603323687
0.4575107191960732,0.5015696641876963,0.04091961661623041
0.4571296102399542,0.5016907275849597,0.04117966217508612
0.45733121334945015,0.5018453571471296,0.04082342950342001
0.4574485942998172,0.5016289165006709,0.04092248919951199
0.45753253805466926,0.5015836278924172,0.0408838340529136
0.4575651541227512,0.5016189952257899,0.04081585065145897
0.4575310766607572,0.5015815074061781,0.04088741593306453
0.4575485331009124,0.5016049022723316,0.04084656462675617
0.4575047368738405,0.5015523499917333,0.04094291313442635
0.4574588745916333,0.5015264916126637,0.04101463379570295
0.45713724971079195,0.5017020908637381,0.04116065942546989
0.4575182514365654,0.5015546842588174,0.04092706430461713
0.4573906010867468,0.5017299971830242,0.040879401730228984
0.45733802523647543,0.5018225029363091,0.04083947182721532
0.45741576121812816,0.5015207827166217,0.04106345606524991
0.4575567959412001,0.501613136541477,0.040830067517322766
0.45734628598841287,0.5018239430759104,0.040829770935676656
0.4574190834113992,0.5015180628979737,0.04106285369062704
0.4574721045864608,0.5015481484448452,0.04097974696869407
0.45757134286841755,0.5016000218726191,0.040828635258963394
0.4574675580615527,0.5016019028931481,0.040930539045299086
0.4575000844767972,0.5015539657362866,0.04094594978691602
0.45748028590508877,0.5015767050858136,0.04094300900909734
0.45742136367898917,0.5016244766646609,0.04095415965634993
0.45731590040353004,0.50168079316113,0.04100330643534006
0.45750102767694195,0.5015534609543925,0.040945511368665595
0.4574703913663291,0.5015921723707009,0.04093743626297012
0.45756896063926794,0.5016198114781962,0.040811227882535765
0.4575462894400208,0.5016023297978095,0.04085138076216962
0.45748055623342077,0.5015394016504927,0.04098004211608661
0.4575157392717743,0.5015562542021498,0.04092800652607579
0.45757066593675394,0.50160083917205,0.04082849489119609
0.4575411167398052,0.5015896984654348,0.04086918479475992
0.4574465512400735,0.5015353357237317,0.041018113036194556
0.4574654738365464,0.5016002464956483,0.04093427966780523
0.45739595122421756,0.5016425722966628,0.0409614764791197
0.457510496419201,0.5015538425121583,0.04093566106864056
0.45745144891554834,0.5016240018047567,0.04092454927969489
0.45752358944381366,0.5015697871151074,0.040906623441079024
0.4575180103943838,0.5015615459987425,0.04092044360687374
0.45733699458894506,0.5018243756304872,0.04083862978056767
0.4573679863959694,0.5016264149471596,0.04100559865687079
0.4575442578506415,0.501599883063396,0.04085585908596233
0.4575682231788831,0.5016147157588201,0.04081706106229667
0.4573822522193703,0.5017678308237721,0.04084991695685745
0.45744012384833876,0.5015249615950248,0.04103491455663621
0.4574641051182856,0.501533337482226,0.041002557399488486
0.457405852060846,0.5015160438509603,0.04107810408819377
0.4573510709847897,0.5017991924788631,0.040849736536347145
0.4575651620935809,0.501618999016279,0.04081583889014029
0.4575421634367956,0.5016130081341147,0.040844828429089756
0.45756641611623705,0.5016195242058401,0.040814059677922884
0.4574542929365685,0.501634425073707,0.04091128198972472
0.45754066926235415,0.5015952952836104,0.04086403545403556
0.4573257578851804,0.5018522933338497,0.040821948780969924
0.4573781424024546,0.5017745143176966,0.040847343279848444
0.45735132298201825,0.5017987469660332,0.040849930051948556
0.457555609371131,0.5016120813345402,0.04083230929432888
0.45756859125415056,0.5016153220485762,0.04081608669727325
0.45755660721863367,0.5016021084425923,0.04084128433877413
0.45745598465800097,0.501539964402129,0.04100405093986995
0.4574041413577898,0.5015137286723059,0.04108212996990439
0.4574757153693014,0.5015836867762714,0.040940597854427135
0.45593557696463155,0.5031890155816923,0.040875407453675926
0.4574662797610694,0.5015271242791274,0.04100659595980344
0.45747834287148337,0.5015627247171065,0.04095893241141007
0.45753416389615786,0.5015861623763901,0.04087967372745171
0.45730716651311004,0.5018396654549175,0.040853168031972455
0.4575061578275044,0.5015495127440286,0.04094432942846719
0.4532882414283769,0.5035819987602111,0.043129759811412045
0.45724794770675453,0.5017664586409323,0.04098559365231291
0.4574020849329752,0.5017099573544218,0.040887957712603167
0.4574366612996564,0.5015237947076212,0.041039543992722256
0.4575076874804947,0.501562632682128,0.04092967983737752
0.45741022579239493,0.5017203525789483,0.04086942162865677
0.4573853079326584,0.5017628164541105,0.04085187561323116
0.45738450697362626,0.5017406290190299,0.04087486400734375
0.457557170128381,0.5016134596810324,0.04082937019058659
0.45736782003017346,0.5017697682163901,0.04086241175343644
0.4575031092048522,0.5015526557372239,0.040944235057924105
0.45744403577011367,0.5016564046771489,0.040899559552737275
0.4574746430649637,0.5015494730914276,0.04097588384360881
0.4573278617720827,0.5018414384732482,0.040830699754669034
0.4574724188734866,0.5015889041551699,0.04093867697134338
0.45742135737173956,0.5015412860263213,0.041037356601939315
0.4573299314465873,0.5018470579062693,0.040823010647143367
0.45745860710924185,0.5015412708712179,0.04100012201954023
0.45737963379582186,0.5017491321397461,0.040871234064432146
0.4575697438007096,0.5016182049943111,0.04081205120497937
0.4573415496011289,0.5016096231788834,0.04104882721998775
0.4573396458812415,0.5016735045071361,0.04098684961162231
0.4574667125753754,0.5015453686645678,0.040987918760056856
0.45739366599277675,0.5017488977097633,0.04085743629746005
0.4575210580666312,0.5015659094676919,0.04091303246567734
0.4575693365473883,0.5016196067862464,0.040811056666365135
0.4573226554736974,0.5018553760769559,0.0408219684493465
0.4573859047418867,0.5017381904181618,0.04087590483995138
0.4575320911435138,0.5015830561727753,0.04088485268371075
0.45737195465296276,0.5017844480701018,0.04084359727693553
0.45756700245207466,0.5016197107731493,0.04081328677477634
0.4574252571970651,0.5015252165784062,0.041049526224528746
0.4575233080752925,0.5015693492947496,0.04090734262995794
0.4575680991326646,0.5016031658434034,0.04082873502393194
0.4573277551287,0.5018498606567682,0.04082238421453186
0.45755856120135646,0.5016146187497579,0.040826820048885756
0.4573358748306779,0.5018264183498221,0.04083770681949959
0.4575385987631325,0.5015643108489294,0.040897090387938234
0.4573237065180709,0.5018499534538317,0.04082634002809739
0.45733331343443095,0.5018311293027039,0.04083555726286524
0.45732672167396876,0.5018511410186717,0.040822137307359584
0.45748362621880795,0.5015405664680633,0.0409758073131287
0.45749660373206746,0.5015564818753414,0.040946914392590836
0.4575314422959429,0.5015820675710649,0.04088649013299203
0.45730391449140434,0.5016638619874999,0.04103222352109586
0.4575579916552335,0.5016033627861392,0.04083864555862745
0.45755649304136664,0.5016128715452137,0.040830635413419414
0.4575527173836681,0.5015721965326988,0.04087508608363306
0.45750456615740476,0.5015523679008175,0.04094306594177778
0.4575464290117811,0.5015936959118272,0.04085987507639146
0.457427265185279,0.5015261564757773,0.04104657833894356
0.4574436577705738,0.5016374524872956,0.040918889742130746
0.4575573175707192,0.5016135857128791,0.04082909671640156
0.4573040015437127,0.5016636102437572,0.04103238821253026
0.4575617404584205,0.5016068513445994,0.04083140819697983
0.45751357823274263,0.5015563169039564,0.04093010486330092
0.45744574443471414,0.5016338393907884,0.04092041617449739
0.45747933166836485,0.5015486149024586,0.040972053429176716
0.4574564827110872,0.5016294601707302,0.040914057118182634
0.4573357667778034,0.5018391134074164,0.04082511981478006
0.4573452336129662,0.5018254949569911,0.04082927143004232
0.4573683184736368,0.5016590868880986,0.04097259463826479
0.4574102070103317,0.5015181649656594,0.041071628024009
0.45738827537276283,0.5017340546358097,0.04087766999142744
0.4574465651917347,0.5015353424927952,0.04101809231547031
0.4547326958595475,0.5040054529583754,0.0412618511820769
0.45712682675505634,0.5016640498602267,0.041209123384717106
0.4574277888810554,0.5016650723947453,0.04090713872419925
0.45756855218526693,0.5016198990050258,0.040811548809707054
0.45740178455430675,0.5015134607158093,0.04108475472988389
0.45756119752491015,0.5016064230370526,0.040832379438037476
0.4575601200623576,0.5016158336782409,0.04082404625940131
0.4575514655134607,0.5015977085025396,0.0408508259839997
0.4571263509689053,0.5016836935875407,0.04118995544355384
0.45755702074979543,0.5015749682350222,0.04086801101518217
0.45754558688537195,0.5016014961855939,0.04085291692903422
0.4574632193371698,0.5015330187840819,0.04100376187874842
0.45749324874182906,0.501559534110008,0.0409472171481631
0.45752497194650205,0.5015719528468635,0.04090307520663441
0.45742709242498797,0.5016662878870976,0.040906619687914404
0.45744196340067655,0.5016403908238228,0.04091764577550071
0.4574036434876079,0.5015136206468609,0.041082735865531184
0.4575693734194062,0.501619575402772,0.04081105117782161
0.45746686888987276,0.5015454486232696,0.0409876824868579
0.4574698114624687,0.501595499710708,0.04093468882682338
0.45731216961187543,0.5016809726722227,0.04100685771590173
0.4575491766778183,0.5015700740125463,0.04088074930963531
0.4571285478471786,0.5016887196081509,0.04118273254467042
0.45731464095424285,0.5016435311193147,0.04104182792644264
0.45739783766163694,0.5015575378775576,0.04104462446080537
0.45748212999524346,0.5015739935303718,0.04094387647438487
0.4573231649188438,0.5018550056022478,0.04082182947890854
0.45722051593788243,0.5016338600352875,0.041145624026829815
0.4574203923181207,0.501677986592358,0.040901621089521334
0.45751950813944026,0.501563634828073,0.04091685703248693
0.4572842030954177,0.5017359238236165,0.0409798730809658
0.457519813245384,0.5015553766541251,0.04092481010049104
0.4575680208725635,0.5016144013343344,0.040817577793101856
0.45747911745258335,0.5015561798685332,0.0409647026788837
0.45741597724013244,0.5015208837745725,0.04106313898529507
0.45717621716059387,0.5017407355273961,0.041083047312010006
0.45741407684316593,0.501516511333014,0.04106941182382027
0.4575666612327672,0.5016041750133369,0.04082916375389605
0.45756961692104675,0.501619256121085,0.0408111269578681
0.45753341491877475,0.5015850496119905,0.04088153546923497
0.457544332555473,0.50159997498408,0.04085569246044696
0.45754155645092465,0.5015964605713776,0.04086198297769775
0.4575519588973301,0.501608560249777,0.04083948085289303
0.45755684554995574,0.5016131796520965,0.04082997479794793
0.45754978083844433,0.5015963383104138,0.04085388085114163
0.4573312131586835,0.5018350436453805,0.04083374319593608
0.457322066851265,0.5018542188968156,0.04082371425191959
0.45735937235864443,0.501784570143135,0.04085605749822045
0.4573922944888525,0.50156187038684,0.04104583512430746
0.45732455551326207,0.5018481071720312,0.040827337314706745
0.45752934057360267,0.501578821097623,0.040891838328774445
0.4574692641092545,0.5015282032857702,0.041002532604975286
0.4575341380701673,0.5015620688185511,0.0409037931112817
0.4575124547428838,0.5015707146594223,0.0409168305976941
0.457563611366176,0.5016181754282383,0.04081821320558577
0.4574722575014846,0.5015879922643921,0.040939750234123
0.4575359518305327,0.5015859939768215,0.04087805419264587
0.45753233108020275,0.5015834198951553,0.04088424902464201
0.45747504286753043,0.5015496826860593,0.04097527444641013
0.457326545688216,0.5018440291954805,0.040829425116303365
0.4575450136956301,0.501600806253579,0.04085418005079092
0.45752553168751886,0.5015789455585842,0.040895522753896775
0.45732189294160475,0.5016797052484159,0.04099840180997955
0.4574889755113178,0.5015646773443493,0.04094634714433266
0.4573586582500061,0.5017858243397717,0.040855517410222406
0.4574721798452569,0.5015892873025365,0.04093853285220655
0.4573219428579125,0.5018548538571754,0.040823203284912214
0.4574784867520204,0.5016212484845198,0.040900264763459815
0.4575660428007325,0.5016193839401832,0.040814573259084115
0.4574671195302635,0.501527365155629,0.04100551531410759
0.4575018915944545,0.5015477578702194,0.040950350535326016
0.4574174170817042,0.5017074921796767,0.04087509073861902
0.4575250628016262,0.5015786397112011,0.04089629748717292
0.45748564153243887,0.5015690457054293,0.04094531276213181
0.4575121957313489,0.5015550711492544,0.040932733119396894
0.45756608055910397,0.5016193988054526,0.040814520635443226
0.4575438654311766,0.5015917404087022,0.04086439416012113
0.4574513499045211,0.5015376769200802,0.041010973175398806
0.45740920997788265,0.5016975172806397,0.04089327274147794
0.4573039805776321,0.5016636704332804,0.04103234898908747
0.4575612389499099,0.5016166459158418,0.04082211513424841
0.45740950509074185,0.5015178295128441,0.041072665396414
0.4575286209868869,0.5015809833607172,0.04089039565239577
0.45770095871427435,0.5021758067313341,0.04012323455439166
0.45756700325664523,0.5016197109971632,0.04081328574619161
0.4574561850349226,0.5015400639093492,0.041003751055728246
0.4575612863449487,0.5016166791363637,0.04082203451868772
0.457322356475493,0.5018532716986375,0.04082437182586956
0.45756425774835724,0.5016096332314887,0.0408261090201542
0.4574458091806371,0.5016337273900769,0.04092046342928593
0.457528711978406,0.5015778393383753,0.040893448683218966
0.4573359047014559,0.5018389203774087,0.040825174921135514
0.45743370017980767,0.5015228056647698,0.04104349415542271
0.4575429188169518,0.501598210452906,0.04085887073014238
0.4571256911758037,0.5016665289753461,0.04120777984884996
0.4575637318392919,0.5016182450587966,0.04081802310191149
0.45749465800126826,0.5015603242058343,0.0409450177928975
0.45735220202733584,0.5015983003688377,0.04104949760382636
0.4575685219042441,0.5016152038296767,0.040816274266078936
0.45751975168595355,0.5015639855083684,0.040916262805677735
0.45731002873153015,0.5016509648129549,0.041039006455514594
0.45751755274080996,0.5015609342074225,0.04092151305176766
0.45748554656727264,0.5016206840651274,0.04089376936760007
0.4575626304598934,0.501617577795256,0.04081979174485059
0.4574744022092725,0.501532230311414,0.0409933674793135
0.45717917522533663,0.501743241413809,0.04107758336085411
0.4575594245419998,0.5016153030731826,0.04082527238481762
0.4574797886813283,0.5015521914382727,0.04096801988039877
0.45756718938817975,0.5016132049594254,0.04081960565239489
0.4574802496258936,0.5015392859326241,0.04098046444148231
0.4574709448849104,0.5015475467462902,0.04098150836879948
0.45712557965497036,0.5016813529997808,0.04119306734524908
0.4441778619997884,0.5140096458564165,0.04181249214379519
0.4574751784878243,0.5015497538447993,0.04097506766737635
0.45748746971649723,0.5016205210935291,0.04089200918997377
0.4573594228543599,0.5017844814782659,0.04085609566737396
0.45751843181466617,0.5015744036732191,0.04090716451211459
0.45730230487711815,0.501672545012253,0.041025150110629086
0.45752431304068725,0.501570918139354,0.040904768819958595
0.4575562096211349,0.5016017544394689,0.04084203593939605
0.45756636955700347,0.5016121288372046,0.04082150160579164
0.45751552182773597,0.5015584026691394,0.04092607550312475
0.45750681685885414,0.5015673337301351,0.04092584941101051
0.4575317583136222,0.5015432975032914,0.040924944183086134
0.4573551120434403,0.5017920617722323,0.040852826184327264
0.4573449990338013,0.5018099712684863,0.040845029697712414
0.45756879420472324,0.5015847671144367,0.04084643868084013
0.4575697564839479,0.5016183280642197,0.040811915451832576
0.45739719571212034,0.5017184906737303,0.040884313614149535
0.4575061745624172,0.5015523364474943,0.04094148899008855
0.45753497113232117,0.5015624807330226,0.040902548134656054
0.4575626540058238,0.5016079063490742,0.04082943964510222
0.4574054190991827,0.5015158248294332,0.04107875607138409
0.45732613716304743,0.5018448472704381,0.04082901556651457
0.45752028031549175,0.5015647558093624,0.04091496387514578
0.4573225558830408,0.5018527169236436,0.040824727193315334
0.45755225939776656,0.5015983651639184,0.04084937543831512
0.45750079076305544,0.5015535799367554,0.04094562930018924
0.45751967343902916,0.501563872539626,0.040916454021344945
0.4574952525123477,0.5015450877275343,0.0409596597601177
0.4574571447851068,0.5016279352190623,0.04091491999583104
0.4575643686842397,0.5016185981186975,0.04081703319706253
0.45747215223049686,0.5015883307054078,0.040939517064095265
0.4575411457341693,0.5015897197317679,0.04086913453406267
0.4574586508717701,0.5016117022463497,0.04092964688188025
0.45733435356998153,0.5016275245127556,0.04103812191726266
0.4573841110703408,0.5017413197445654,0.04087456918509354
0.45732496429789893,0.5018532008602464,0.040821834841854615
0.4575697246023689,0.5016180712085676,0.040812204189063554
0.4566117125582388,0.5023165519539867,0.04107173548777456
0.45743338796813054,0.5015345927712138,0.04103201926065556
0.45756311679509654,0.501617880732038,0.04081900247286548
0.4573530380020039,0.5018138437109355,0.040833118287060564
0.45730258838987514,0.5016688865031677,0.041028525106957155
0.4573228780937461,0.50185189005707,0.040825231849184025
0.45740176167098245,0.5015134836233426,0.04108475470567498
0.45741816636462135,0.5016818744067286,0.040899959228649876
0.45748931090988276,0.5015427543501263,0.040967934739990775
0.45751976233941866,0.5015640009105893,0.04091623674999226
0.45740518438758754,0.5017291905675249,0.040865625044887714
0.4574104011750887,0.5015154133146317,0.041074185510279776
0.45750870995511256,0.5015529342139072,0.04093835583098019
0.45740799763365675,0.5017242758213016,0.040867726545041665
0.4574112299524676,0.5015156568198395,0.04107311322769292
0.457516856405543,0.5015600306901405,0.04092311290431629
0.45751387237228097,0.5015566085872402,0.04092951904047875
0.4574897139674451,0.501557570996866,0.040952715035689
0.45746689458868167,0.5015272962731667,0.041005809138151585
0.4573325301492759,0.5018325828166856,0.040834887034038606
0.4575131097532644,0.5015558712195903,0.04093101902714545
0.45742425846555784,0.5016239934814526,0.04095174805298944
0.4574073043545397,0.5017254909282509,0.040867204717209435
0.45753278314354345,0.5015841023389827,0.040883114517474235
0.45732298497624396,0.501855149440867,0.040821865582889146
0.4575675108866059,0.5015123672703876,0.0409201218430068
0.45752939805954684,0.5015789106702753,0.040891691270178034
0.45756217282888156,0.5016172815787555,0.04082054559236273
0.4558740877266862,0.5029719434947588,0.041153968778554824
0.4575623208807542,0.5016173785551863,0.0408203005640595
0.45741405700766885,0.5016890520161762,0.04089689097615493
0.4575117428686353,0.5015547100851261,0.04093354704623863
0.4574950858183988,0.5015605649216526,0.04094434925994848
0.4575395207683307,0.501593757088071,0.040866722143598135
0.4575687495307857,0.5016198688399068,0.040811381629307523
0.4575726168426187,0.5015978952996256,0.0408294878577558
0.4574061829001868,0.5015162097088638,0.04107760739094961
0.457554070554806,0.5015998922672257,0.04084603717796812
0.4574138271884955,0.5015460818769566,0.041040090934548044
0.4575158559213246,0.5015587964892587,0.04092534758941642
0.4574264630969962,0.5015204255024116,0.04105311140059211
0.44301543263640625,0.5151423084336434,0.04184225892995033
0.4574437301465924,0.5016373270597555,0.040918942793652
0.45750295030772903,0.5015663466766602,0.04093070301561071
0.4575697264794853,0.5016189383561752,0.04081133516433952
0.4575284037702605,0.5015773565665864,0.0408942396631533
0.45756701216709705,0.50160394190484,0.04082904592806295
0.4575639921515827,0.5016093391375314,0.040826668710885805
0.4574141917699965,0.501516546325595,0.04106926190440841
0.45733247961599344,0.5018436491623521,0.04082387122165427
0.4574159774680762,0.5016856976551238,0.04089832487679998
0.4575087145419284,0.5015684616985978,0.040922823759473856
0.45748569744403855,0.501555371295495,0.040958931260466486
0.4573976523384646,0.5015576798646997,0.04104466779683574
0.45756795595413974,0.5016143027539999,0.040817741291860374
0.4575072030411879,0.5015524816176858,0.04094031534112605
0.4575033728570602,0.5015483635145633,0.040948263628376495
0.4573588920993493,0.5015915813020466,0.041049526598603975
0.45734705962540045,0.5018227981717638,0.04083014220283592
0.4574147385495112,0.5015203038217821,0.04106495762870661
0.4573118819181375,0.5016809637441391,0.04100715433772352
0.4574867723116384,0.5015559568333267,0.04095727085503481
0.45736607417817443,0.5015846687436961,0.04104925707812959
0.4574672345564709,0.5015973343756973,0.04093543106783159
0.4575150958335443,0.5015579147634033,0.04092698940305246
0.4573361911913762,0.5018258403125098,0.040837968496113985
0.4573712545990171,0.5017855622439824,0.04084318315700043
0.45744047359237644,0.5015250800663408,0.041034446341282504
0.45747890999552565,0.5015787708341284,0.04094231917034607
0.4575026977124218,0.501548086996776,0.040949215290802345
0.4574791579062915,0.5015556650723152,0.04096517702139354
0.457477145245564,0.5015507892699614,0.0409720654844744
0.4575198504095421,0.5015641284380926,0.04091602115236522
0.4574660959459877,0.5015450535994932,0.04098885045451916
0.4573588195367031,0.5018050210439052,0.040836159419391393
0.45750371072232915,0.5015525080690252,0.04094378120864564
0.4574876768845172,0.5015663348910133,0.0409459882244695
0.45756025350072993,0.5016159332811955,0.04082381321807457
0.45740430241184693,0.501513765324924,0.041081932263228975
0.45756888523748,0.5015848706082058,0.04084624415431438
0.45756892447125735,0.5016159244947965,0.04081515103394599
0.4574372608896645,0.5015308733779452,0.041031865732390156
0.4555398800040487,0.5032725788538357,0.041187541142115675
0.45732267848257496,0.5018523944896012,0.040824927027823595
0.45746049314334364,0.5015422161444428,0.04099729071221349
0.45749910898358626,0.5015545719194318,0.04094631909698218
0.45746629864327815,0.5015341299592456,0.0409995713974762
0.4575688490295401,0.501615782300034,0.0408153686704259
0.4574022535721011,0.5015134034757842,0.0410843429521147
0.4573208994615477,0.5016279965684212,0.04105110397003087
0.4575203773426494,0.5015648984704651,0.04091472418688533
0.4574070988798271,0.5015166634429957,0.041076237677177205
0.4575186906943552,0.5015624793744409,0.04091882993120389
0.4573340456160151,0.5016181450311288,0.04104780935285637
0.45744624419303287,0.5015351868119041,0.041018568995063016
0.45750580840763805,0.50155231626374,0.040941875328622
0.4575451365021086,0.501600954812013,0.040853908685878335
0.457417782424842,0.5016825450121208,0.040899672563037205
0.4574934572395504,0.5015596507314657,0.040946892028983856
0.45732283487660563,0.5018519974651127,0.04082516765828175
0.4575567336960276,0.5016130823333768,0.04083018397059561
0.45738692353918997,0.5016481736411166,0.04096490281969348
0.45753441511333875,0.5015622054773085,0.04090337940935275
0.4573516723883199,0.5017981294434939,0.040850198168185956
0.4573197319019364,0.5016280389968514,0.04105222910121191
0.4574345403607313,0.5016532993878684,0.040912160251400265
0.45756556714768826,0.5016191847074332,0.0408152481448787
0.45734028950689803,0.5018326921666467,0.040827018326455265
0.45747232739219695,0.5015482642915087,0.040979408316294465
0.4573259118727055,0.5018521124862345,0.040821975641060014
0.4575633923419795,0.5016180466450774,0.04081856101294334
0.4574423799014121,0.501611427127624,0.040946192970963816
0.4575277135170144,0.501576272632519,0.04089601385046663
0.4575507751456211,0.5015971433003489,0.04085208155403003
0.4575268366729981,0.5015748917810512,0.040898271545950556
0.4574040115157657,0.5016251677605086,0.040970820723725876
0.4575148731423082,0.5015576662896054,0.04092746056808646
0.45747883627643976,0.5015432064900871,0.0409779572334733
0.457535552230788,0.5015881938942075,0.040876253875004584
0.45775152788672213,0.5026006262378164,0.039647845875461385
0.4574846184246635,0.5015704546942729,0.040944926881063805
0.4573585429505717,0.5017860268949641,0.040855430154464314
0.45732399717998423,0.5018493102269712,0.040826692593044736
0.45739696571715416,0.5017188920328781,0.04088414224996778
0.4573064051851076,0.50165782481474,0.04103577000015268
0.45751954910504483,0.5015636936180617,0.040916757276893354
0.45746064437616185,0.5016196631906175,0.040919692433220856
0.45732443084869867,0.501629939439531,0.04104562971177031
0.4574774825066396,0.5015676931205274,0.04095482437283315
0.4573224305627662,0.5018530601714217,0.0408245092658118
0.45756974801110906,0.5016182408543134,0.040812011134577386
0.4573358490047608,0.5018264655708552,0.040837685424383784
0.45744901436071045,0.5016281921842067,0.0409227934550828
0.4575586706463353,0.5016039913664432,0.04083733798722165
0.4575214644043122,0.5015665206290933,0.0409120149665943
0.4573510688705915,0.5018168131090491,0.040832118020359326
0.45753277968326317,0.5015840971299595,0.04088312318677732
0.4575152567945154,0.501558097199348,0.04092664600613687
0.45753704130253137,0.5015903250897509,0.0408726336077177
0.4575557360227935,0.5016013361466101,0.040842927830596495
0.4573259047205107,0.5018521209161023,0.040821974363386984
0.45756902283530737,0.5016161162825017,0.040814860882190766
0.4574103435292552,0.5015182300289621,0.04107142644178261
0.45735677964821975,0.5015936727276914,0.041049547624088925
0.4574278735853745,0.5016881755297068,0.04088395088491864
0.4575397094416027,0.501594012058653,0.04086627849974445
0.45737825537193294,0.5017515378944862,0.040870206733580945
0.453647909863183,0.505001937507708,0.041350152629108884
0.4574268900483929,0.5015380464330165,0.0410350635185907
0.45753992815350786,0.5015365326823427,0.04092353916414952
0.4575689319702074,0.501619821095933,0.040811246933859506
0.45750524504320134,0.501552316931238,0.04094243802556034
0.4573230613407632,0.5018550898050145,0.04082184885422215
0.45733446908955205,0.5016176501035635,0.041047880806884145
0.45752099652988276,0.5015658173872377,0.04091318608287959
0.45749660686580734,0.5015564791951158,0.04094691393907678
0.457427512976594,0.5016655539006958,0.04090693312271044
0.457406874320277,0.5015144170560918,0.041078708623631305
0.45736550614084914,0.5017738172315389,0.04086067662761196
0.45735467960196274,0.5018113540767289,0.0408339663213082
0.45746482999028515,0.5015444085252657,0.04099076148444921
0.4573499352795453,0.5018012019077829,0.040848862812671805
0.45744277576478554,0.5016389815748714,0.040918242660342836
0.45754414484489037,0.5015997437338361,0.04085611142127355
0.45753126115293374,0.5016151740823944,0.04085356476467197
0.45741146356766504,0.5016248811728365,0.04096365525949849
0.4575342824822841,0.5015848293879954,0.040880888129720516
0.4574102554109045,0.5015153707817586,0.04107437380733661
0.4573438472552731,0.5016071100224558,0.04104904272227101
0.4575502719967968,0.5016068004600782,0.04084292754312495
0.4575688251094073,0.5016157380079754,0.04081543688261744
0.45750853612159775,0.5015683552240099,0.04092310865439236
0.4574738369843717,0.501531577810373,0.040994585205255285
0.4575365377540274,0.501586406322903,0.040877055923069824
0.4574029778343753,0.5017083986715379,0.040888623494086805
0.45741491480111185,0.5017120028949668,0.04087308230392141
0.4574545775616243,0.5015299479946659,0.04101547444370981
0.4574491515702421,0.5016279556704264,0.04092289275933161
0.4574369399662392,0.5015307207208036,0.04103233931295731
0.457496667235582,0.5015456508893972,0.04095768187502098
0.45682887123635135,0.5021265653538385,0.041044563409810254
0.457373072459445,0.5017605874924035,0.040866340048151595
0.4574374326094621,0.5016149042908408,0.040947663099696927
0.45742491929703194,0.5015199252719708,0.0410551554309975
0.45752991651876085,0.5015797167349881,0.04089036674625094
0.4574841890863396,0.5015545533672151,0.04096125754644524
0.4575010466516559,0.5015534516564573,0.040945501691886856
0.45730476916521134,0.5016785970373736,0.04101663379741498
0.45752413790117535,0.5015706437995453,0.04090521829927911
0.45744881940706744,0.5015283478326898,0.04102283276024267
0.4574092925532375,0.5017219991558363,0.04086870829092611
0.45732387600794155,0.5018543525759662,0.040821771416092015
0.45748492331194607,0.5015549509685173,0.040960125719536514
0.4574027122311443,0.5015134523464744,0.041083835422381434
0.4557607385869853,0.5032190252344722,0.04102023617854248
0.45733236256745435,0.5018328947111697,0.04083474272137597
0.45745222072393166,0.5015274656603959,0.04102031361567259
0.4575722572605641,0.5015076508177151,0.040920091921720754
0.4573106552327514,0.5016498915986795,0.04103945316856918
0.4573233640719809,0.5018548345085195,0.040821801419499586
0.4574793301446379,0.5015524801534065,0.04096818970195554
0.45744881985432134,0.5016463819835354,0.0409047981621432
0.4575229721996161,0.5015772865606772,0.04089974123970655
0.4574072248350295,0.5015167253037777,0.041076049861192676
0.4574885027512748,0.5015652737609184,0.04094622348780666
0.45749300033759377,0.5015599761226992,0.04094702353970728
0.4573293308930891,0.5018478431941601,0.04082282591275066
0.4575705864237273,0.5015093717138217,0.040920041862450865
0.4575362449356809,0.5015891916324159,0.040874563431903085
0.45751661419838374,0.5016174095207852,0.04086597628083121
0.4575043597433987,0.5015523940689877,0.04094324618761362
0.45739977602841225,0.5017139874696592,0.04088623650192842
0.45747391069850474,0.5015824382085677,0.040943651092927566
0.45753584859753627,0.5015629178547983,0.04090123354766533
0.4575339185088008,0.5015415201770405,0.04092456131415861
0.45741293743314965,0.5017155398892356,0.040871522677614874
0.45744101610825866,0.5015326667109687,0.04102631718077261
0.45756790295051447,0.5015119936180442,0.040920103431441285
0.4573281110511264,0.5018409541002997,0.040830934848573634
0.4573025526271879,0.5016746041484889,0.0410228432243234
0.43165534593507215,0.526445400596877,0.04189925346805105
0.45751177647370467,0.5015547360546376,0.04093348747165745
0.457392281813452,0.5016448703941843,0.040962847792363685
0.4573676233529718,0.5017913099404574,0.040841066706571054
0.457550771137882,0.5016073296350143,0.04084189922710342
0.4575693486412716,0.5016168255853516,0.040813825773376666
0.4574876299498297,0.5015663959047688,0.04094597414540133
0.4574321035655932,0.5015284305797386,0.04103946585466838
0.4574098778889241,0.5015180078778044,0.04107211423327162
0.45756886442437006,0.5016158110011197,0.040815324574510106
0.45741015285800274,0.5017204814391568,0.04086936570284054
0.45756128956342823,0.5016065147716049,0.040832195664966715
0.45752764078598035,0.5016157863145689,0.040856572899450494
0.429553213133957,0.5285762816908254,0.04187050517521781
0.4575320866134919,0.5015830492958612,0.04088486409064695
0.457471139978917,0.5015909609545713,0.04093789906651183
0.4575366497262759,0.5015864853413359,0.040876864932388284
0.4574647008144427,0.5016015315522535,0.040933767633303766
0.45635489109595095,0.5025432210454707,0.04110188785857838
0.45751340808262886,0.5015561523185539,0.04093043959881727
0.45734187587894726,0.5016092637410219,0.041048860380030604
0.45748024760212397,0.5015524361199742,0.04096731627790173
0.45746380254622243,0.5015438867068406,0.040992310746937176
0.4574054438678405,0.5017040934235736,0.04089046270858586
0.45744221139928887,0.5016399605205843,0.04091782808012659
0.45749888885060036,0.5015547199674987,0.04094639118190081
0.45732412974589404,0.501854096790972,0.040821773463133884
0.4573553413249021,0.5018103469792338,0.04083431169586422
0.45738081081240417,0.5017470781404654,0.04087211104713077
0.4575126084272935,0.5015554207779193,0.04093197079478732
0.45751411258398855,0.5015568534001134,0.04092903401589791
0.4575433103879746,0.5015987044523901,0.04085798515963547
0.45732878337260624,0.5018396559678471,0.04083156065954648
0.4575741638217677,0.5015037790226518,0.040922057155580664
0.4575596442793561,0.5016049098882025,0.04083544583244137
0.45740197213013767,0.5015134052977858,0.04108462257207651
0.43827573634818306,0.5051292997731958,0.056594963878621174
0.4575135913762798,0.5015714075095918,0.040915001114128165
0.457124421142342,0.501674511763154,0.04120106709450414
0.4575103616931115,0.5015537600881702,0.040935878218718254
0.45755219609852776,0.5016088011305917,0.04083900277088048
0.4571291177998479,0.501660628030289,0.04121025416986319
0.45743035101561214,0.5015276051186117,0.04104204386577595
0.452139521920915,0.5037411302621578,0.044119347816926995
0.4574576194743823,0.5015407777820973,0.04100160274352015
0.4574953898613061,0.5015575699118634,0.04094704022683035
0.45735757516393866,0.5017877276892417,0.040854697146819496
0.4575006019618368,0.5015472336249384,0.040952164413225
0.45751400396002817,0.501571659982541,0.04091433605743067
0.4574272340834452,0.5015261419026952,0.041046624013859404
0.4574023907077999,0.5015134137831361,0.041084195509063885
0.4575320793461472,0.5015830382639691,0.04088488238988372
0.4573452816568421,0.5018094673718593,0.04084525097129883
0.457443991433432,0.5015299485418894,0.041026060024678644
0.4575635535572786,0.5016181417102089,0.0408183047325124
0.4575655117330581,0.5016048897242629,0.0408295985426789
0.4573980463079204,0.5016412476774325,0.04096070601464709
0.4574856232451534,0.5015690706327536,0.04094530612209289
0.45755541387463833,0.5016010536434229,0.0408435324819387
0.45747321530757573,0.501589036656627,0.04093774803579708
0.4574657597177934,0.5016067552527098,0.04092748502949691
0.45719582204164433,0.5017568608535771,0.04104731710477877
0.4575475852045634,0.5016116899288159,0.04084072486662065
0.45728631386538726,0.5028716842984186,0.039842001836194324
0.4574721809685124,0.5015892855008983,0.04093853353058936
0.45744544919177915,0.5016233411264076,0.04093120968181327
0.45743309523864717,0.501528898643985,0.04103800611736794
0.45756154768118756,0.501606773391022,0.04083167892779024
0.45455632559141707,0.5041666559780235,0.04127701843055949
0.4574017502707438,0.501513504641406,0.041084745087849935
0.45734596501232133,0.5018244170864273,0.04082961790125137
0.4574409961129135,0.501612403098135,0.040946600788951446
0.45735908295888994,0.5017850783513551,0.04085583868975502
0.45732464934685235,0.5018535473712424,0.040821803281905066
0.45745016194678195,0.5015279730973373,0.04102186495588057
0.4575276202568754,0.5015761259387467,0.04089625380437806
0.4573906873044463,0.5017538930738441,0.0408554196217097
0.45736061827763225,0.5017823832205232,0.04085699850184466
0.45749302644575124,0.5015599481114145,0.0409470254428342
0.45736914102019377,0.5017889141713453,0.0408419448084611
0.4574710674203732,0.5015476102215816,0.0409813223580451
0.45720174802791375,0.5017615546878931,0.041036697284193104
0.45756769855760066,0.5015835840752467,0.040848717367152836
0.4575106547523403,0.5015513993907024,0.04093794585695723
0.4574534697907511,0.5016362623447823,0.04091026786446654
0.45736571464430964,0.5016605344061333,0.04097375094955688
0.45742040208985096,0.5015229496724114,0.04105664823773758
0.45747493270668055,0.5015787199616368,0.04094634733168237
0.45742856442457636,0.5015211108382767,0.04105032473714717
0.4575378178190899,0.501587313927829,0.040874868253081065
0.45740192120923023,0.5017348395288996,0.04086323926186978
0.4573219864822224,0.501854573349314,0.0408234401684637
0.4377186924905969,0.5203627736940198,0.041918533815383074
0.4573518983120645,0.5017977302803746,0.040850371407560676
0.4573857021007996,0.5017385439492138,0.040875753949986514
0.45739806121321913,0.5017169802622675,0.04088495852451326
0.4575305479734839,0.5015806937745703,0.040888758251945954
0.4573359063861827,0.5018263606594828,0.040837732954334405
0.45744133284713784,0.5015328185894333,0.0410258485634289
0.4573654463173296,0.5017947302804244,0.04083982340224583
0.45730692968710274,0.5016567394447338,0.04103633086816351
0.45735012156255817,0.501818234805434,0.0408316436320079
0.45740195616067947,0.5015134070427434,0.04108463679657722
0.4574256883219173,0.5015254182235449,0.041048893454537806
0.45750234939298856,0.5015528981008343,0.04094475250617711
0.4573263370931536,0.5016275056095713,0.04104615729727532
0.4573653000798008,0.5016607628097783,0.04097393711042067
0.4575690207737483,0.5016161121808951,0.04081486704535662
0.4575117497599703,0.501554715399184,0.04093353484084604
0.4573245804021578,0.5018480543612168,0.04082736523662546
0.457562832909931,0.5016080936283885,0.040829073461680326
0.457322014376872,0.5018544385946909,0.04082354702843703
0.457557043121338,0.5016133505280915,0.0408296063505706
0.457508140178964,0.5015527292990054,0.04093913052203065
0.45732346707148835,0.50185474194255,0.0408217909859615
0.4574956223675906,0.5015573540087778,0.04094702362363177
0.4575688007182292,0.5016198576003542,0.04081134168141685
0.45734082044495206,0.5018319273119536,0.04082725224309429
0.45743303936424295,0.5016559148294027,0.04091104580635435
0.45756440403076554,0.5016186169391915,0.040816979030042964
0.45732262339516977,0.5018553947436593,0.040821981861171024
0.457343843331113,0.5018275349584939,0.04082862171039306
0.45747652207097084,0.5015824310577713,0.04094104687125779
0.42605879227417,0.5321342237440134,0.04180698398181643
0.4575536442506509,0.5016102358704089,0.04083611987893999
0.4573958999371921,0.5016426046107173,0.04096149545209063
0.4574739768474995,0.5015864221633471,0.04093960098915323
0.4573519315871754,0.501797671497983,0.04085039691484183
0.4575233429000379,0.5015694034153672,0.040907253684595
0.4574455077886501,0.5016342488114641,0.040920243399885745
0.4573250471616598,0.5016291465950284,0.041045806243311805
0.4574916612085474,0.501561458934994,0.04094687985645844
0.45734507455013723,0.5018098366037167,0.04084508884614633
0.45751801047164864,0.5015615461031921,0.04092044342515914
0.4574631692704793,0.5015435658355528,0.040993264893967735
0.45744980004004104,0.5015282793625919,0.04102192059736694
0.4573696312754777,0.501766600901567,0.04086376782295513
0.4572885922037583,0.5018262242772186,0.04088518351902308
0.45756087379430804,0.5016163866643608,0.04082273954133097
0.4574493805023697,0.5015367128515784,0.04101390664605178
0.4575575027386599,0.5016029157945757,0.040839581466764294
0.4574445886599696,0.5016552639409614,0.04090014739906901
0.4573637978197588,0.5016615855873411,0.040974616592900116
0.45751192328267565,0.5015703920368716,0.04091768468045254
0.4574878428925079,0.5015661196860136,0.04094603742147833
0.45732203253723536,0.501855461045506,0.04082250641725851
0.4574488257097429,0.5015279415430572,0.04102323274719997
0.45755235220318424,0.5016089587619403,0.040838689034875385
0.45750441334262026,0.5015523868010981,0.040943199856281545
0.457468227171379,0.501534830600383,0.04099694222823787
0.45751808563212987,0.5015616478575745,0.04092026651029556
0.4574026403863047,0.501733599201283,0.04086376041241234
0.4574453733187685,0.5015347650166365,0.04101986166459496
0.45736251638556336,0.5017790544203675,0.040858429194069006
0.4575646244608782,0.501610045412389,0.04082533012673253
0.45740339693942295,0.5015135708289601,0.041083032231617043
0.45739920813246476,0.5017394955823091,0.04086129628522633
