0,1,2
0.4587419459133235,0.5004019836509425,0.040856070435734165
0.4590705738088416,0.5001117856882981,0.04081764050286036
0.4587734535782519,0.5003366186009995,0.04088992782074851
0.45899419351727644,0.5000296231420083,0.04097618334071527
0.45891033987514285,0.5003162330700726,0.04077342705478472
0.45845366117687436,0.5005114719706397,0.04103486685248575
0.45641545899010916,0.5030288526673962,0.04055568834249444
0.45908331200771196,0.5001906326949429,0.040726055297345305
0.4587343020055496,0.5004358718002753,0.04082982619417523
0.45907901326829287,0.5000681068458545,0.040852879885852685
0.4587435981392217,0.5004526144509758,0.04080378740980227
0.4584589504277137,0.5005088668396203,0.041032182732666046
0.458805654472864,0.5002186351607583,0.040975710366377635
0.45890635950554054,0.5002432843401795,0.04085035615428011
0.4589245764868284,0.4999883877293323,0.04108703578383898
0.45903992750295963,0.5000519541936315,0.04090811830340888
0.45900390205812375,0.5000254723079925,0.040970625633883595
0.4589538347266252,0.5002108404854145,0.04083532478796033
0.45909612372076103,0.5001946567441691,0.04070921953506991
0.4590081906221494,0.5001707282328937,0.040821081144956944
0.4590825414863367,0.5000880152440771,0.04082944326958606
0.45895978620854483,0.5002066404278537,0.040833573363601355
0.4586589823750852,0.5003973790981332,0.040943638526781255
0.4584576623425468,0.5005095048703457,0.041032832787107204
0.4590639645913528,0.5000742513363559,0.040861784072291206
0.45856509910800103,0.5007019687494669,0.040732932142532055
0.4584083551255935,0.5005089747400058,0.04108267013440039
0.4589471647141388,0.5002155066322133,0.040837328653648024
0.4590304785749855,0.5000443083323729,0.04092521309264145
0.45888424793100036,0.4999852175013868,0.04113053456761289
0.45896321569949367,0.5000212648594754,0.0410155194410313
0.458902556571958,0.5000013537685917,0.04109608965945037
0.4590780582037216,0.5000667355292118,0.04085520626706655
0.4590946297818865,0.5001158755500861,0.04078949466802739
0.458553094689544,0.5006997764351123,0.040747128875343576
0.4589808907395602,0.5000143074917197,0.04100480176871994
0.45871410642359317,0.5003644504070351,0.04092144316937153
0.4584865001022973,0.5004947739023012,0.04101872599540152
0.45911369942756414,0.5001869810457792,0.04069931952665662
0.45888732109966335,0.4999928227583241,0.04111985614201242
0.4584512780951837,0.500470626410892,0.04107809549392414
0.4590428407907143,0.5001544270064605,0.04080273220282516
0.45910199766310333,0.5001240280027457,0.04077397433415105
0.4589820898670493,0.4999837313368144,0.04103417879613627
0.4589331195105404,0.5001441589649163,0.04092272152454336
0.4590829326414024,0.5000782523178814,0.040838815040716216
0.4590538352497964,0.5001309552254601,0.04081520952474327
0.4589348942159488,0.5002513468590213,0.040813758925029996
0.45873434066215896,0.5004334403392022,0.0408322189986391
0.4590824599985388,0.5000758626469975,0.04084167735446336
0.45902444716799573,0.5001575976923867,0.040817955139617536
0.45889370293097836,0.4999830816581053,0.0411232154109163
0.45890825967458476,0.5000037679348122,0.04108797239060303
0.4589943403720131,0.5000625476191424,0.040943112008844436
0.45899211091891,0.5000243436280443,0.0409835454530457
0.45898227353432014,0.4999859876984731,0.041031738767206706
0.45901381046616563,0.5000320698964105,0.04095411963742383
0.4591148942109394,0.5001546080025615,0.040730497786499176
0.4590081423036214,0.5001707661848962,0.04082109151148238
0.45881034175266006,0.5002754201834402,0.04091423806389981
0.45906247306634623,0.5000537578403648,0.04088376909328901
0.45895787803774,0.5002079909881815,0.040834130974078606
0.4589997509976928,0.5000311416360611,0.04096910736624607
0.459028700352933,0.5000396843275349,0.04093161531953227
0.4584816952582534,0.500497284583115,0.041021020158631426
0.4589033294838648,0.5003327327609276,0.04076393775520753
0.45891396574423843,0.5000059858662584,0.0410800483895031
0.45892600658192445,0.4999888023382734,0.041085191079802005
0.4585707295601664,0.5003784676758295,0.0410508027640039
0.45902048143133234,0.5001205910453101,0.040858927523357604
0.45900318635595333,0.5000853432256334,0.040911470418413164
0.45910396815067733,0.5001942316025096,0.040701800246812934
0.4585453561619382,0.5004628182888506,0.040991825549211054
0.45888425488809453,0.4999852113154142,0.041130533796491106
0.4589806534705826,0.5000491065619527,0.04097023996746483
0.4588857710261097,0.49998429072276906,0.041129938251121226
0.4588619558753036,0.5001842859165354,0.04095375820816081
0.45892528671200217,0.5000099798386438,0.04106473344935412
0.45839612415907127,0.5005229382004782,0.04108093764045069
0.4585562998122071,0.5003890842228498,0.041054615964943
0.45854646758029777,0.5004621982440257,0.0409913341756765
0.458888905796912,0.49999400665848726,0.041117087544600694
0.4589231195312942,0.4999879769076969,0.04108890356100901
0.4589751567245788,0.5000088782073813,0.04101596506803994
0.4591112940608457,0.5001435815917148,0.040745124347439536
0.45907155038157643,0.5001833889574798,0.040745060660944
0.4590409431221466,0.5001432814002995,0.04081577547755384
0.4606699857535395,0.5051147608974283,0.03421525334903231
0.45909399746513146,0.5001040783908508,0.04080192414401781
0.45901847736191337,0.5001043621607435,0.040877160477342966
0.4589498122690738,0.5000175132272866,0.041032674503639684
0.45859105633257946,0.5006044549416865,0.04080448872573409
0.45898426054761865,0.5000291315473688,0.04098660790501256
0.45930075129200343,0.5089785635592071,0.03172068514878957
0.45853987297104165,0.500592365947964,0.04086776108099439
0.45876172419105565,0.5003354454649427,0.04090283034400167
0.45902355604837175,0.5001259218561849,0.04085052209544321
0.45897857535155506,0.5000415171277177,0.04097990752072738
0.45867391997063695,0.5003053195317096,0.041020760497653345
0.45858157594936194,0.5003705556790985,0.04104786837153942
0.45868862061113974,0.5003797602271337,0.04093161916172646
0.4588868682500137,0.4999924529965753,0.04112067875341096
0.45861798482345967,0.500421407907358,0.04096060726918239
0.45908050979292164,0.5000706815735118,0.04084880863356642
0.4588138136620776,0.5002135416058616,0.04097264473206074
0.4591001885400307,0.5001208774625465,0.040778933997422565
0.4584369597682372,0.500519390004257,0.041043650227505925
0.45903088954445287,0.5001521523137704,0.040816958141776785
0.45905893079587146,0.5001857972575947,0.04075527194653373
0.4584051828376647,0.5005122448716399,0.041082572290695195
0.45911004436563435,0.5001404576054078,0.04074949802895767
0.45866812839860205,0.5003919636127837,0.04093990798861446
0.4589074845286883,0.49998440456337884,0.0411081109079327
0.4589022128455657,0.50035503819435,0.04074274896008418
0.45874731055169127,0.5003885677178465,0.04086412173046186
0.45910553156606715,0.50013065839899,0.04076381003494267
0.4586117594301434,0.5003488264228539,0.04103941414700273
0.4590129184551883,0.5000348542352117,0.04095222730960017
0.4588964893341699,0.499983137060377,0.04112037360545311
0.4583928847605022,0.5005310433651727,0.04107607187432481
0.4586944796524601,0.5003762535751798,0.040929266772360196
0.45895869041167364,0.5000200164415906,0.04102129314673573
0.4585349198976535,0.5004050190581468,0.04106006104419943
0.4588868363420737,0.49998390627680195,0.041129257381124364
0.45911687910858756,0.5001778619092925,0.04070525898212002
0.45900120529579946,0.5000315427018657,0.04096725200233494
0.45898269428267696,0.49999345356283786,0.041023852154485264
0.45840015062976247,0.5005178088000755,0.041082040570162036
0.4588853933785132,0.49999109512255757,0.041123511498929344
0.4584764365564556,0.500500009471848,0.04102355397169653
0.45897721261079755,0.499991211330501,0.04103157605870127
0.45841325490383056,0.500529263110826,0.04105748198534362
0.45846422857490166,0.5005062299866444,0.041029541438453956
0.4583979748504784,0.5005204591145161,0.04108156603500548
0.45899290833152856,0.5000584069709897,0.04094868469748172
0.4590826921926756,0.5000872456473937,0.04083006215993064
0.45896157136786314,0.5000208130046983,0.041017615627438775
0.458777282063274,0.5004461357854217,0.04077658215130456
0.45897083866812194,0.5000066946602938,0.04102246667158422
0.4588877043977052,0.4999931233713935,0.04111917223090138
0.45897630923095534,0.49997728561200855,0.041046405157035996
0.4590783549996204,0.5000671445265553,0.04085450047382437
0.4590020812433669,0.5000243111218785,0.04097360763475453
0.45911714512062196,0.500175801808567,0.04070705307081113
0.4589283601855026,0.5002284564051332,0.04084318340936413
0.45888669617861433,0.49999230779897297,0.041120996022412724
0.45877787315574997,0.5004458636642155,0.04077626318003465
0.4589828921848542,0.5000089798412011,0.04100812797394472
0.4590500205693029,0.5000475803968665,0.04090239903383054
0.4589363485467514,0.500222989744702,0.0408406617085467
0.45904896445800203,0.5000947812958865,0.0408562542461115
0.45887282775689353,0.5001778882797961,0.04094928396331013
0.458420448536068,0.5004973809864371,0.04108217047749463
0.45844806832102397,0.5004733041600911,0.04107862751888481
0.4587762765224986,0.5003316149649822,0.040892108512519044
0.4591096068466459,0.5001915445705282,0.040698848582826
0.45870439814605024,0.5003702996631214,0.04092530219082835
0.4591148899654881,0.5001545919599776,0.040730518074534365
0.4536762823644061,0.5060659493495788,0.04025776828601514
0.4586159366254399,0.5006892188768727,0.04069484449768727
0.45886612894249423,0.5002697045083119,0.040864166549193774
0.4588915683377464,0.49998315318277314,0.04112527847948051
0.45908516590392556,0.5001914923191253,0.04072334177694907
0.458959898530564,0.500001514887911,0.04103858658152489
0.4588841627642861,0.4999896093935808,0.041126227842133135
0.4589896482765435,0.5000167881858426,0.040993563537613874
0.458574914699111,0.5007016509790088,0.040723434321880234
0.45897637244216893,0.4999736288413842,0.04104999871644652
0.45891017505241766,0.5000045314973167,0.04108529345026559
0.45900372349753366,0.5000866003089586,0.0409096761935077
0.45908405400607327,0.500097254276409,0.04081869171751761
0.45899266438015185,0.5000292085370336,0.04097812708281443
0.4588633494813456,0.5002715023531201,0.04086514816553443
0.4589218344386556,0.5002328877145692,0.040845277846775246
0.45907333327226724,0.5001846732293,0.04074199349843276
0.4588968381091275,0.49998315374120295,0.04112000814966938
0.45910543504924606,0.5001304673968341,0.040764097553919826
0.4589471090632521,0.5001368486112356,0.040916042325512055
0.4587346048491598,0.5004400187545169,0.040825376396323235
0.45897638770676136,0.4999805417201469,0.0410430705730917
0.4585676954196822,0.5007020312045345,0.04073027337578356
0.45882448081033406,0.5004177799204809,0.04075773926918503
0.4590213842750992,0.5002335489522746,0.04074506677262641
0.4590586186801043,0.5001259773306888,0.04081540398920723
0.4583928242553489,0.5005296841158329,0.04107749162881819
0.4587774181373741,0.5005472015322988,0.04067538033032693
0.4588364486127937,0.50028874835725,0.040874803029956136
0.4590209918957096,0.5000372562613875,0.040941751842902774
0.4586056237089324,0.5005143118184466,0.040880064472621144
0.458980518765312,0.5000124453001151,0.041007035934572875
0.458927469546538,0.49998923786204846,0.041083292591413495
0.459032647991397,0.5000993997120454,0.04086795229655764
0.45911381620743663,0.5001867885648623,0.040699395227701225
0.4585371831374324,0.5006787938177969,0.040784023044770655
0.45905013041166765,0.5001632371625343,0.040786632425798185
0.4589828164250921,0.49999721772359745,0.041019965851310534
0.45889989452586843,0.49998337714944546,0.04111672832468621
0.4589529624562546,0.5000184108785833,0.04102862666516212
0.4589137468826629,0.5000059037699596,0.04108034934737764
0.45892234099923696,0.5000089829996376,0.04106867600112573
0.4588950946336861,0.499997742052855,0.04110716331345881
0.45888725974084393,0.4999927736332389,0.04111996662591688
0.45899397237012884,0.5000193255961018,0.04098670203376941
0.4584539817327629,0.5005113152330144,0.041034703034222804
0.45839991940288444,0.5005329594715243,0.04106712112559129
0.45858163329287216,0.5004423435490943,0.040976023158033587
0.45901143211379425,0.5002450819678917,0.0407434859183137
0.45841856778792384,0.5005272698616573,0.04105416235041893
0.458971222445076,0.5000234422253813,0.04100533532954282
0.45909196503838773,0.5000997891097856,0.04080824585182658
0.4589777961702241,0.49999603162281586,0.041026172206959935
0.4590616761244913,0.5000719218602713,0.04086640201523737
0.45888339741045686,0.4999864735563333,0.04113012903320999
0.45896349688296606,0.5001285996686355,0.040907903448398335
0.459024139977371,0.5000394761867697,0.04093638383585938
0.45895763719527183,0.5000197235315749,0.04102263927315335
0.4590998951328728,0.500120379611539,0.04077972525558826
0.4584299208195825,0.5005225413844102,0.04104753779600737
0.4589117831242281,0.5000051571440234,0.04108305973174843
0.45904244731015303,0.5000540891261058,0.04090346356374127
0.45873582553614867,0.5004224841660394,0.0408416902978118
0.45907357851096575,0.5001075259525355,0.04081889553649872
0.4585785369332151,0.5004441087371992,0.04097735432958556
0.4590301396157526,0.5001527947336146,0.0408170656506329
0.4583975383052653,0.5005331708138336,0.041069290880901
0.45896149311155415,0.5001602779507442,0.04087822893770162
0.45888522359349493,0.4999845526078603,0.041130223798644915
0.4590935608787041,0.5001028360134726,0.04080360310782326
0.4589856569513418,0.5000345180744566,0.04097982497420142
0.4587020040804218,0.5002861936075678,0.041011802312010445
0.4590432029343524,0.5000547376407145,0.04090205942493304
0.4590669092014892,0.5001165015750023,0.04081658922350865
0.45905591226883374,0.5000502805041769,0.04089380722698916
0.4588852748708759,0.49998452559336704,0.041130199535757014
0.45900789721046337,0.5000280751481324,0.04096402764140413
0.4591132421253116,0.5001490422796471,0.04073771559504125
0.4587909932556494,0.5003173417178084,0.04089166502654195
0.4587777318551626,0.5004459289899764,0.040776339154860876
0.45888358753834696,0.4999885711921028,0.04112784126955027
0.4591088951002712,0.50019205103575,0.0406990538639785
0.45903733118094237,0.5000497978803811,0.04091287093867674
0.4591529464088996,0.5005740731965499,0.04027298039455044
0.45888683800125496,0.4999839057755931,0.041129256223152014
0.45911120228371755,0.5001433437399457,0.040745453976336596
0.4588835693857349,0.4999885278113655,0.04112790280289981
0.4584031261880123,0.5005323488422123,0.041064524969775515
0.458947682127497,0.4999963331153915,0.04105598475711154
0.4589365955169896,0.5002228199556079,0.040840584527402586
0.45897419963398645,0.5000242447398834,0.0410015556261304
0.4584208304445781,0.5004970301237499,0.041082139431672
0.45902633710849,0.5001305413140916,0.04084312157741818
0.4589180052173835,0.5000074644865384,0.04107453029607813
0.4586093448840614,0.5006921210482034,0.040698534067735506
0.45888343192864073,0.4999863717882114,0.04113019628314785
0.45908261969006375,0.5000954281473511,0.04082195216258532
0.45892808607182883,0.5003312670947847,0.040740646833386414
0.4589236898048341,0.4999881363009501,0.04108817389421577
0.4590197273467845,0.5000368716704693,0.04094340098274635
0.45880731708858113,0.5004293368153304,0.0407633460960886
0.459031023097769,0.5000404488775803,0.040928528024650586
0.45896422894933125,0.5001486170130189,0.040887154037649795
0.4588832868144502,0.49998732093239934,0.04112939225315058
0.45908378876725825,0.5000936284634977,0.04082258276924397
0.45853714732430173,0.5006770406849007,0.04078581199079746
0.4588846534619349,0.49999026712200606,0.04112507941605885
0.45909623573031977,0.5001144362970793,0.04078932797260102
0.4589328554187705,0.49999093676954165,0.04107620781168772
0.458994486957501,0.5000629630999686,0.0409425499425306
0.45910279321766545,0.5001254612223639,0.04077174555997068
0.45857865726396857,0.5007011778639132,0.040720164872118145
0.431521464178826,0.5292529937032956,0.03922554211787854
0.4590997950799495,0.5001202106301845,0.04077999428986583
0.4589649514058977,0.5001454206075759,0.04088962798652634
0.45858185208765617,0.5004422187028195,0.04097592920952411
0.459053341932655,0.5000638344029014,0.04088282366444373
0.45875666644641727,0.5004531086281585,0.040790224925424265
0.4589960284618893,0.5000301223134286,0.04097384922468201
0.45897635942011705,0.5000095004431939,0.04101414013668898
0.4589374951696448,0.4999925154561816,0.041069989374173436
0.45904104507657884,0.5000439790960811,0.04091497582734019
0.45906890621456997,0.5000794591455311,0.040851634639899194
0.45901964077463947,0.49999003699175754,0.040990322233603015
0.4585630970041028,0.5004528637851113,0.04098403921078596
0.45851832906175005,0.5004777284306691,0.04100394250758102
0.458977864791342,0.4999669264752607,0.04105520873339735
0.4589066941427807,0.4999842714802008,0.04110903437701835
0.4587415161500274,0.5003478197030974,0.04091066414687508
0.45907518177627776,0.5000633409457786,0.0408614772779434
0.4589776772547799,0.49999511935633706,0.041027203388883056
0.45895436006699475,0.4999990860336427,0.041046553899362494
0.4591031832061459,0.5001944141432781,0.040702402650576126
0.4584276743184846,0.5005235163420694,0.04104880933944612
0.4590169760504193,0.5000360462459889,0.04094697770359193
0.4584049062807441,0.5005319071832042,0.04106318653605183
0.45898754566497607,0.5000155841785761,0.040996870156447617
0.4590826019584251,0.5000764606415555,0.040840937400019386
0.45902013386406965,0.5000369949317843,0.04094287120414587
0.45898804961006634,0.5000430500935839,0.040968900296349704
0.45887616663327735,0.5001759406423298,0.04094789272439294
0.4588836990955036,0.49998584344818403,0.0411304574563122
0.4589627584887763,0.5001289633246654,0.04090827818655824
0.4590137497011777,0.500032027963805,0.04095422233501735
0.45898425909883245,0.5001889382997395,0.04082680260142805
0.4588800801218515,0.5003827217560403,0.04073719812210808
0.45868695960884515,0.5003807529299037,0.04093228746125097
0.45839477803293344,0.5005249872573194,0.0410802347097471
0.45890832489056504,0.49998455190270447,0.0411071232067302
0.45735153359670805,0.5019691927802161,0.04067927362307582
0.459074601977713,0.5001622778384948,0.04076312018379236
0.45888330503302843,0.4999868968176527,0.04112979814931868
0.45847236252677837,0.5004534298403053,0.0410742076329163
0.4587654184162806,0.5004508548176602,0.04078372676605943
0.4584074770537339,0.5005311783575028,0.04106134458876333
0.4590858299700351,0.500191779691723,0.04072239033824178
0.4588274520121327,0.5002944585631359,0.040878089424731326
0.4589904235301341,0.5000508335626911,0.04095874290717492
0.4590196719833784,0.5000368549100096,0.040943473106612074
0.45865464454155147,0.5003186370762681,0.041026718382180534
0.45905645854154226,0.5001700785391652,0.04077346291929239
0.459068452669673,0.5000575964604523,0.0408739508698747
0.4586653607071715,0.500311214103556,0.04102342518927262
0.4590549347744005,0.5001684988796783,0.04077656634592116
0.4590345173720789,0.5000416335395719,0.04092384908834913
0.4590487102069097,0.5000470208840871,0.04090426890900314
0.4590875165078782,0.5001018121528382,0.04081067133928341
0.45909368722915994,0.5001031663369409,0.040803146433899144
0.45846043588823404,0.5005081283050751,0.041031435806690865
0.4590520679533264,0.50004848235647,0.040899449690203364
0.45884910728837186,0.5002170167758081,0.040933875935819805
0.458662710606589,0.5003130453495404,0.04102424404387064
0.45895567082256633,0.500019173987189,0.04102515519024489
0.4583927887834345,0.5005301614524212,0.04107704976414407
0.45908556006783696,0.4999123931054701,0.04100204682669291
0.45897095219249606,0.5000233692295659,0.04100567857793798
0.4588833305736643,0.49998772646704925,0.041128942959286666
0.4559292157192085,0.5035739251186336,0.04049685916215792
0.4588833102085579,0.49998759462149905,0.04112909516994275
0.45881077342807763,0.5003049758390684,0.040884250732854
0.45905773833403546,0.5000511902161431,0.04089107144982124
0.4590821781093356,0.5000948727674283,0.04082294912323617
0.45892924291122833,0.5000112800654146,0.04105947702335727
0.45889252002955233,0.4999831069976024,0.04112437297284539
0.4589815505905023,0.4999786603672607,0.04103978904223696
0.459104529422532,0.5001940774541657,0.04070139312330246
0.4589825767515375,0.5000128153673837,0.04100460788107871
0.45904780135535556,0.50020085851102,0.04075134013362448
0.4590394348099318,0.5000433824322373,0.040917182757830975
0.45903383496280037,0.500142107012011,0.04082405802518854
0.42898563698633535,0.5318066867976348,0.039207676216029955
0.4589286381746522,0.5002282669679415,0.04084309485740636
0.4589706993973042,0.5000516007427858,0.04097769985990987
0.458902445818967,0.49998365556857544,0.041113898612457435
0.45897567388566035,0.5000246412067461,0.04099968490759369
0.4589827920621899,0.4999963179130486,0.041020890024761524
0.4589488385835959,0.4999967959328704,0.041054365483533535
0.45904994829637985,0.5001630292751945,0.040787022428425634
0.4584116037522818,0.5005057479068388,0.04108264834087929
0.45881857887823574,0.5003000645992853,0.04088135652247876
0.45906653779080325,0.5000769317534967,0.0408565304557001
0.45909122087497073,0.5001069519714718,0.04080182715355772
0.45902105785879493,0.500233932953309,0.040745009187896086
0.458927923809988,0.4999893754011635,0.041082700788848306
0.4590727066314515,0.5000609712708445,0.040866322097703744
0.4589851597218249,0.5000326391015759,0.040982201176599106
0.4589434372842181,0.5003165430158615,0.040740019699920374
0.45845365197885835,0.5004686575444315,0.04107769047671007
0.45911311021930046,0.5001878796263939,0.040699010154305576
0.4587346796697692,0.5004405149646152,0.040824805365615786
0.4590902532283634,0.5001055806090403,0.04080416616259627
0.45895923439227493,0.5003008952626946,0.04073987034503074
0.4590140809063635,0.5001660578102995,0.04081986128333707
0.4590430721621069,0.5000447492763422,0.040912178561550855
0.4584779265923444,0.5004992399348902,0.041022833472765176
0.4585325276582941,0.5004068183602137,0.04106065398149211
0.45902018073277423,0.5001200565706077,0.04085976269661796
0.45905009941790326,0.5001346682315957,0.04081523235050104
0.45898538471411043,0.5000334943792132,0.040981120906676306
0.45903376073276697,0.5000990429723924,0.04086719629484058
0.4590983142563173,0.5001177543491445,0.040783931394538196
0.4590192141483171,0.5000367165552914,0.040944069296391536
0.45910590883585195,0.5001314111417366,0.04076268002241156
0.458490991574494,0.5004386755733643,0.04107033285214132
0.4590797014566124,0.5000692115024411,0.040851087040946456
0.45907113767680896,0.5001110180513026,0.04081784427188841
0.45888407991627245,0.4999894842345299,0.041126435849197805
0.45907101112425913,0.5001829880898578,0.04074600078588311
0.45897788918138993,0.49996691475728355,0.0410551960613262
0.4589201512554798,0.49998717729965364,0.041092671444866315
0.459116942832735,0.5001650874989435,0.040717969668321696
0.45527499735460375,0.5043027192502442,0.040422283395152005
0.45840591877937265,0.5005316315744447,0.04106244964618251
0.4591090812649334,0.5001381963878925,0.04075272234717412
0.4590831689484381,0.500080747277972,0.040836083773589875
0.45900188470220377,0.5000822436146761,0.0409158716831202
0.4589208618033508,0.49998736404430555,0.04109177415234352
0.45908012853928587,0.5001889678622807,0.04073090359843335
0.4588700047969237,0.5004024928039178,0.040727502399158316
0.45901647031854004,0.5000358961048247,0.04094763357663531
0.4591059381798882,0.500193595660527,0.040700466159584676
0.4590252163059549,0.5000385677266098,0.04093621596743533
0.45888272599842334,0.5003720648324111,0.04074520916916537
0.4591149867888016,0.5001549608574628,0.0407300523537355
0.4590759787022778,0.500064196738571,0.04085982455915117
0.4589114351684446,0.5000050228951867,0.04108354193636862
0.4588258974824185,0.5002954425287884,0.04087865998879317
0.45908384375382094,0.500096984425762,0.04081917182041721
0.45840714760613993,0.5005312768761003,0.04106157551775981
0.45888739865531325,0.49999288444023815,0.041119716904448655
0.4587987314481761,0.5002938825950151,0.04090738595680887
0.45897775612486125,0.4999957276525304,0.04102651622260809
0.4585480074241958,0.5004613383635753,0.040990654212228944
0.4588691085598867,0.5004042030577339,0.040726688382379216
0.4588928843718103,0.5002522233350878,0.04085489229310177
0.4588846491531556,0.499984901972185,0.0411304488746597
0.45843332569416884,0.5004858789583164,0.04108079534751502
0.45910184259568204,0.5001237522064081,0.04077440519790968
0.4583964058468911,0.5005225415075754,0.04108105264553324
0.4588833469116244,0.4999866599427044,0.04112999314567115
0.45887548106489295,0.5001792873067534,0.040945231628353625
0.45897900897842764,0.5000255366206272,0.04099545440094518
0.4589914421762981,0.5000178307909069,0.04099072703279503
0.4589833091117388,0.5000266899533259,0.04099000093493535
0.4589253337396065,0.5002781237160357,0.04079654254435785
0.459044119434704,0.500045156125229,0.04091072444006693
0.4590605685220039,0.5000925435630764,0.04084688791491967
0.4589441490494048,0.5000158679799138,0.04103998297068128
0.4601331131367803,0.5013865784541859,0.038480308409033784
0.45906461513005065,0.5001192611412549,0.040816123728694545
0.45857803661310526,0.5004443936756422,0.040977569711252625
0.4584151227957232,0.5005285831652782,0.04105629403899847
0.4587405631447239,0.5003484008589221,0.040911035996353796
0.4587913954343756,0.5004389131431566,0.040769691422467745
0.45902077935449836,0.5000371913778179,0.040942029267683804
0.4588942742666368,0.5001655273834502,0.04094019834991286
0.45885571459939006,0.5003943249890364,0.04074996041157353
0.4590076954169366,0.5001085762056985,0.04088372837736488
0.4584038113144682,0.5005321859290441,0.04106400275648789
0.45890725602486776,0.4999843655336409,0.04110837844149106
0.458476314761972,0.5005000722813282,0.04102361295669973
0.45894874912958916,0.5002144019628942,0.040836848907516723
0.45896864025518774,0.5000056132308074,0.04102574651400458
0.45901079719658955,0.5000342416205813,0.04095496118282926
0.4584661324379276,0.5004584483180256,0.04107541924404665
0.458955685783455,0.5000191781823835,0.04102513603416156
0.45904230980933075,0.5000444570202249,0.04091323317044431
0.458938332118236,0.5000141278849791,0.041047539996784774
0.4589777717895135,0.5000102390024425,0.041011989208044136
0.458396392633797,0.5005225599269272,0.04108104743927576
0.4589191822635879,0.4999869274856974,0.041093890250714776
0.45910973884715195,0.5001914437099929,0.04069881744285471
0.45893865877047646,0.5003211763695996,0.04074016485992406
0.4587442468917164,0.5002580601946311,0.04099769291365256
0.45892858193561825,0.500011065684844,0.04106035237953782
0.45866231294379495,0.5003954092702473,0.04094227778595754
0.45149496383253046,0.5084405177960456,0.04006451837142396
0.45906648882334433,0.5001748903846576,0.04075862079199819
0.4590340327314847,0.49997245748185287,0.04099350978666238
0.45889353023561247,0.49998308333031416,0.04112338643407324
0.45907711877704666,0.5000655253008339,0.04085735592211918
0.4583927976817861,0.5005299585805353,0.04107724373767857
0.45888385827482675,0.5003710968099325,0.040745044915240766
0.4590132397001411,0.5000349476073729,0.04095181269248601
0.45908269369759996,0.5000872374489376,0.040830068853462374
0.45886502825014264,0.5002704168523612,0.040864554897496214
0.4590638832062512,0.5001771616768312,0.040758955116917656
0.4586080747165055,0.5004271522167824,0.040964773066712076
0.45847760266493237,0.500449243655695,0.04107315367937285
0.45910666599860117,0.5001329528973105,0.04076038110408836
0.458540337992225,0.5004656115184567,0.040994050489318354
0.4589249674207405,0.5002307639721695,0.04084426860708998
0.4589142981238479,0.5000061101319155,0.041079591744236525
0.4589784019439252,0.5000694747451454,0.04095212331092916
0.4589295220131181,0.5002666657483157,0.0408038122385661
0.4590272846040048,0.5000418449749003,0.0409308704210949
0.45905673351846465,0.500170359041365,0.04077290744017033
0.4589079567564484,0.5003498741562732,0.04074216908727817
0.45889857709007936,0.49999950881188926,0.04110191409803147
0.458921081819083,0.4999874224717342,0.04109149570918261
0.4590667632372047,0.5000771697911586,0.04085606697163681
0.45908513980108123,0.5000941879675451,0.040820672231373624
0.4590230149419743,0.5000386420102702,0.04093834304775553
0.4587654040777998,0.5003331813999907,0.04090141452220945
0.4586921494398859,0.5002928671478357,0.04101498341227845
0.4590093343202492,0.5000990336112402,0.04089163206851062
0.4589492660923234,0.5002140410369957,0.04083669287068077
0.459116984106161,0.5001654415354609,0.040717574358378084
0.45898751705188173,0.5000412171486538,0.04097126579946449
0.4577626415255103,0.5014981644793289,0.04073919399516094
0.45864036649392287,0.5004083410091098,0.040951292496967176
0.45886817366030624,0.5001896114042544,0.040942214935439473
0.4590355871667972,0.5001446335884349,0.040819779244767845
0.45896853043559205,0.5000227137664517,0.041008755797956285
0.45909254984617914,0.5001088713019844,0.04079857885183633
0.45908244794350705,0.5000758148206705,0.04084173723582241
0.45874167215957296,0.5004517430027452,0.04080658483768165
0.4589969269510292,0.5000303674715814,0.04097270557738947
0.4590896262309901,0.5001334268861628,0.04077694688284714
0.4586703271518821,0.5003077901112576,0.04102188273686052
0.4583933342048712,0.5005278156051165,0.04107885019001219
0.45909190714819903,0.500107937771853,0.04080015507994798
0.459077399798501,0.5001873605968794,0.0407352396046196
0.46061958507364253,0.5053941700962371,0.033986244830120645
0.4584596202500203,0.5005085341782094,0.04103184557177019
0.4590918681546117,0.5001273464019752,0.04078078544341294
0.45909564855509744,0.49990175216632027,0.041002599278582304
0.45880979992126714,0.5004277359804572,0.04076246409827546
0.4583929155526975,0.500529158335541,0.04107792611176152
0.4590406377703735,0.5000969639522773,0.0408623982773492
0.4588357678117907,0.5002000236212097,0.040964208566999435
0.45904650784810125,0.5000576204678896,0.04089587168400906
0.45910611733233514,0.5001935239142248,0.040700358753440025
0.45907271463713106,0.5001087964970372,0.04081848886583175
0.4590796378146909,0.5000967595196553,0.04082360266565378
0.458403744393077,0.5005137784429634,0.04108247716395958
0.45909196527898305,0.49990553143273736,0.04100250328827942
0.4589414097743101,0.5000150555056716,0.04104353472001834
0.4589746031676181,0.5000956982985704,0.040929698533811405
0.4590787013093354,0.5000676406348925,0.04085365805577226
0.45875219324672706,0.5003412939312025,0.040906512822070376
0.45897560858756487,0.5001227539738858,0.04090163743854906
0.45897755688504843,0.4999941642702226,0.04102827884472919
0.4590234207575853,0.49998539480715626,0.04099118443525816
0.4586844252368548,0.5002981265173693,0.04101744824577562
0.4591163080817853,0.5001609030848245,0.040722788833390214
0.4590863586810741,0.49991152291068636,0.041002118408239675
0.45843826487260875,0.5005187915860848,0.041042943541306415
0.45875167018039836,0.5004536702623714,0.04079465955723033
0.4033964931131847,0.5564947901502153,0.040108716736600214
0.45905760469733814,0.5000511222835559,0.04089127301910591
0.4588055728157747,0.5002829352083715,0.04091149197585369
0.4585202078839004,0.500416140876296,0.041063651239803434
0.4588975073433333,0.499998983607329,0.04110350904933756
0.458915477661394,0.49998602608185433,0.04109849625675162
0.4590710455429121,0.5001111443739898,0.04081781008309794
0.4591173401181301,0.5001707015450784,0.04071195833679135
0.4591092801876082,0.5001917846414748,0.04069893517091692
0.4589207189052238,0.4999873262480907,0.04109195484668544
0.45867363877256506,0.5003055127020118,0.04102084852542315
0.45895956082978134,0.5000013630504827,0.04103907611973593
0.45897753892906484,0.5000760601391245,0.04094640093181054
0.39848771071796346,0.5609508615505766,0.04056142773145993
0.458958710359741,0.5000200219801725,0.041021267660086555
0.45902684691901385,0.5001555881282661,0.04081756495272003
0.45902279865183165,0.5000384824288103,0.04093871891935815
0.45900550294267306,0.5001728309326164,0.04082166612471042
0.45686028934387796,0.5025272019523234,0.0406125087037987
0.4590507699194456,0.5000479064462674,0.040901323634287085
0.45890303441703584,0.5003543035571129,0.04074266202585127
0.4590958645440924,0.5001138583327618,0.040790277123145494
0.45910726326633,0.5001342005323314,0.04075853620133861
0.4587755497786692,0.5003269215732946,0.04089752864803615
0.45892279168453304,0.5002322395426831,0.04084496877278376
0.4590831881124842,0.5000813133160567,0.04083549857145926
0.45839361546182866,0.5005271535886631,0.041079230949508404
0.4584797263575919,0.5004475555509599,0.04107271809144816
0.45867308736511664,0.5003890192683751,0.04093789336650836
0.45905420200748287,0.5000494623210684,0.040896335671449034
0.4590476264792333,0.5000465678233885,0.040905805697378006
0.45891680115279765,0.5000070306947754,0.0410761681524271
0.4584417480454782,0.5005171755913901,0.041041076363131625
0.4591039852849248,0.4998963809788355,0.0409996337362395
0.4589653840030075,0.5000040488998455,0.04103056709714696
0.4590824726770356,0.5001902164588343,0.040727310864129986
0.43445429954444154,0.5284577862367903,0.037087914218768454
0.45906014611965024,0.5000703917267689,0.04086946215358082
0.45859117643030967,0.5006984813677258,0.04071034220196469
0.4590629580315899,0.5000540409056251,0.04088300106278509
0.45889463553296916,0.4999974955402866,0.041107868926744374
0.458625918085121,0.5006842939885984,0.04068978792628076
0.45911733772486063,0.5001725694378482,0.04071009283729114
0.45841654825901484,0.5105151377613131,0.031068313979672045
0.4591105273060225,0.5001416369165902,0.04074783577738743
0.4590819508539769,0.500090432377031,0.04082761676899208
0.4585738327778655,0.5004467846155166,0.04097938260661757
0.45898610065208423,0.5000361613957212,0.04097773795219448
0.4590595845242161,0.5000698354121589,0.040870580063625
0.4591171418816581,0.5001758339912512,0.0407070241270909
0.4590792215774911,0.5001884516516562,0.04073232677085271
0.45895874236319345,0.5000200308666167,0.041021226770189816
0.4585195989130765,0.5004770357579681,0.041003365328955384
0.4590856902677816,0.5001422543612826,0.04077205537093563
0.45888338256178873,0.4999865225822688,0.04113009485594255
0.4589828752555979,0.5000000949205451,0.041017029823857146
0.45881309372398416,0.5002711231109014,0.04091578316511445
0.4590668691414618,0.5001165508856319,0.040816579972906386
0.45897872039522647,0.5000107398167182,0.04101053978805524
0.4589226768276024,0.5001145720982324,0.040962751074165256
0.4589225119837614,0.5001498479793315,0.04092764003690725
0.45853859731019625,0.5006671056325338,0.0407942970572703
0.4589815483676161,0.500038588013613,0.040979863618770894
0.4606519539845981,0.5026557507261539,0.0366922952892481
0.45903014314561397,0.500152791715196,0.040817065139190145
0.45894704098266925,0.5002135634210408,0.040839395596289976
0.45911730932841693,0.5001696351525295,0.04071305551905371
0.45895860546088857,0.5000009361195545,0.041040458419557016
0.45332396038153777,0.5064516820849124,0.040224357533550116
0.45908636010922516,0.5001920011279759,0.04072163876279907
0.4584502966968942,0.5004714431862574,0.041078260116848606
0.45887342933664066,0.5001821767487741,0.04094439391458531
0.4585803789511679,0.500443058996153,0.0409765620526793
0.45839430285830646,0.5005258031284815,0.041079894013211944
0.45909056849915125,0.5001310118797965,0.040778419621052206
0.4589794630321058,0.500025658422988,0.04099487854490604
0.45860091500839834,0.5003565859794404,0.04104249901216116
0.458587026034117,0.5004392620738041,0.040973711892078886
0.4590796687348166,0.5000966900673778,0.04082364119780578
0.4585253385841921,0.5004122466890707,0.04106241472673684
0.45910271007540676,0.5001253099696034,0.04077197995499009
0.45853969094000724,0.5006635636312721,0.04079674542872054
0.45897759659567916,0.4999671568084205,0.04105524659590035
0.45898290627806726,0.5000235395078927,0.040993554214040016
0.45885793230128374,0.5001866745787306,0.040955393119985715
0.45877332082027455,0.5003368557566663,0.04088982342305895
0.45911570325954804,0.500182673476914,0.04070162326353796
0.4589837101091482,0.5001189796536568,0.04089731023719518
0.45903154330985624,0.5001387041368065,0.040829752553337345
0.45902051704701724,0.5000368144241737,0.04094266852880902
0.4586423369272465,0.5003272215480083,0.04103044152474519
0.45839862701311396,0.5005331089273583,0.04106826405952766
0.41723745065451695,0.5434007906617769,0.03936175868370631
0.45854900235021506,0.5004607822730517,0.04099021537673354
0.4586936307442536,0.5003767621290616,0.04092960712668477
0.4587451005186839,0.5003456319855489,0.040909267495766996
0.458965619505073,0.5000219221946127,0.041012458300314074
0.4584765853393365,0.5004999327255268,0.04102348193513684
0.4591162421503418,0.5001605467886224,0.04072321106103531
0.4585128949654233,0.5004217218180745,0.04106538321650233
0.4587939213304893,0.5004374821382072,0.04076859653130387
0.4584631579463075,0.5004608615461031,0.041075980507589115
0.4590826400379317,0.5001903007763586,0.04072705918570964
0.4591169461854767,0.500177422706223,0.040705631108300416
0.45908137129528237,0.5000725567236824,0.04084607198103501
0.45886129382889335,0.500389863635069,0.040748842536037486
0.4587728550676216,0.5003376891318391,0.04088945580053946
0.45891920311957435,0.49998693280302026,0.04109386407740553
0.459057710956468,0.5000511762797387,0.04089111276379339
0.4584187177562693,0.5005272111365735,0.04105407110715716
0.45895364843381675,0.4999987834692948,0.041047568096888705
0.4583991271252846,0.5005330596146385,0.041067813260077045
0.4588870193706871,0.49999257829942084,0.04112040232989172
0.4590701480735075,0.5000588583540505,0.04087099357244183
0.4583929805933744,0.5005288872665616,0.04107813214006366
0.4590821167885698,0.5000898203634109,0.0408280628480191
0.4588927892717676,0.4999830982791638,0.04112411244906885
0.458434879356058,0.50048452883672,0.04108059180722184
0.45888696757255976,0.5002561181940339,0.04085691423340624
0.4588837183274862,0.4999858146319623,0.0411304670405514
0.4583929089913997,0.5005311299514562,0.04107596105714406
0.4584438640564782,0.5004768409459502,0.041079294997571666
0.4590433141891642,0.5001411077144635,0.040815578096372214
0.390165926489162,0.5681891141306791,0.04164495938015882
0.4588920008074766,0.49999600145954604,0.04111199773297727
0.45881027464644375,0.5002755253179051,0.04091420003565104
0.45903571046426533,0.5001479622752214,0.04081632726051333
0.45854914883927694,0.500460700363018,0.040990150797704926
0.45900102511117696,0.5000314929155348,0.0409674819732881
0.4589354454002801,0.5002236102375207,0.040840944362199136
0.4588575324492419,0.5003928795959383,0.04074958795481992
0.4590778980730002,0.5001003295772704,0.040821772349729286
0.4585186684919457,0.5004775433630625,0.041003788144992025
0.4590286999590764,0.5000396841993581,0.040931615841565364
0.4591076236772789,0.5001349678755374,0.0407574084471837
0.45901275086439985,0.5001060462150317,0.04088120292056846
0.45862572007866004,0.500416906252129,0.04095737366921087
0.4585785566192298,0.5006140972436627,0.04080734613710778
0.45888374479667926,0.4999889071106812,0.04112734809263927
0.45911396619079553,0.5001513378430892,0.040734695966115335
0.45897238774957355,0.5000074689274108,0.04102014332301585
0.4588163123714495,0.5002119890871218,0.040971698541428764
0.45877117879528134,0.5003407065979127,0.04088811460680592
0.45906238297615287,0.5000726360770613,0.040864980946785784
0.45907146141767036,0.5001105713050245,0.04081796727730509
0.4583945733289271,0.5005327849009508,0.041072641770122216
0.45901347789654773,0.5001074893438234,0.04087903275962894
0.4588943375751203,0.49999733357507775,0.0411083288498019
0.45907861270076383,0.5000675116457941,0.040853875653441785
0.45900077303825665,0.5000795340497758,0.040919692911967565
0.45902831675628863,0.5000395596791644,0.04093212356454684
0.45864503835857123,0.5003253318882742,0.04102962975315445
0.4591152405359666,0.5001559594100088,0.04072880005402453
0.4585952194767505,0.5004345633922676,0.0409702171309821
0.4589460470267038,0.49999568881627005,0.041058264157026195
