0,1,2
0.4588227004681989,0.4993639675636961,0.04181333196810518
0.45889926573401607,0.499135119455469,0.04196561481051479
0.45870100777192824,0.4994976817182133,0.04180131050985823
0.45863266859418467,0.4996275972922111,0.041739734113604265
0.4587769656347174,0.49926671247313553,0.041956321892146965
0.4587828770915136,0.4992176425803792,0.04199948032810718
0.45882430670179125,0.4993602850019289,0.04181540829628001
0.45882648514972196,0.49935798493667966,0.04181552991359841
0.4586898960078123,0.4993634794132754,0.04194662457891229
0.4588519791199039,0.4994502310285674,0.04169778985152872
0.4588211618704197,0.49930142743463163,0.04187741069494857
0.45882013666579163,0.49937039620918716,0.041809467125021385
0.45864401059839793,0.4996029330512075,0.04175305635039443
0.45866369620477654,0.49965452104779173,0.041681782747431714
0.45871669487527367,0.4993186382448332,0.04196466687989313
0.4588972743245387,0.49919436805677125,0.04190835761869001
0.4588516459555847,0.49930127913634365,0.0418470749080715
0.45887655588788245,0.4992320904424086,0.04189135366970871
0.4585911091414894,0.49955889643586354,0.04184999442264729
0.4588270079747632,0.49935686027502496,0.04181613175021165
0.45861538274532154,0.49950297486777606,0.04188164238690214
0.4587909179841187,0.4994316182834762,0.04177746373240483
0.4585858977647307,0.49960594439933864,0.04180815783593071
0.45874849107791965,0.4995701469650489,0.04168136195703172
0.4588917042322228,0.49911090364494926,0.04199739212282805
0.45641176382648385,0.5020520606644263,0.04153617550908981
0.45889844687217957,0.49912217464458764,0.04197937848323284
0.45869627377469796,0.499505902986621,0.04179782323868084
0.45876127834018293,0.4992828416420617,0.04195588001775515
0.4587290571275483,0.49929870451027397,0.04197223836217767
0.45868230994291004,0.4996378897362348,0.04167980032085526
0.4588278370991141,0.4993550655478748,0.041817097353010986
0.4586444413266726,0.49944525815969765,0.0419103005136296
0.4586429265433546,0.4996051743160634,0.041751899140581965
0.4588960238966508,0.4991947133136697,0.041909262789679304
0.4589929060468169,0.49925058989116206,0.041756504062021214
0.45885887591988245,0.49944175743785985,0.04169936664225779
0.45652078967685594,0.5019413629298137,0.04153784739333061
0.45869507025447875,0.4995080024441192,0.04179692730140207
0.45872026132096905,0.49946477227460145,0.04181496640442951
0.4587609434344361,0.49939733929209273,0.04184171727347113
0.45869209915996606,0.4995132025155969,0.04179469832443695
0.45886613347142763,0.4992617565878946,0.04187210994067799
0.458837967761206,0.49924326786037493,0.04191876437841933
0.4588204187095129,0.4993695259752795,0.04181005531520742
0.45884012119534145,0.49914474819760557,0.042015130607052885
0.45804894329026175,0.5001417454696429,0.04180931124009532
0.45863334103827796,0.49946663161046756,0.04190002735125445
0.45887476506382063,0.4992209606966535,0.04190427423952587
0.45882385814208704,0.49936130501206866,0.04181483684584439
0.4588485928576907,0.4993077513812178,0.04184365576109136
0.45892892353137527,0.49935141096251706,0.04171966550610784
0.4586073460366856,0.4995917492178682,0.04180090474544589
0.458841368581741,0.4992323166025631,0.041926314815695816
0.4588216127342018,0.4991662900734661,0.0420120971923321
0.4588977609176457,0.49915113998994537,0.04195109909240886
0.4587624794419836,0.49938147686144185,0.041856043696574655
0.458855957641081,0.4994453506256285,0.04169869173329058
0.4586214427388175,0.49965993550010707,0.04171862176107555
0.4586179249290242,0.49949766410787194,0.04188441096310383
0.45889317300392585,0.49919717777529526,0.04190964922077882
0.4588465221669965,0.4991379280301493,0.04201554980285421
0.4588405258685744,0.4993249203559283,0.04183455377549732
0.4586291436718207,0.4996361217515982,0.04173473457658096
0.45873063849967866,0.49943066369349354,0.041838697806827606
0.4588201487017896,0.49937034736417824,0.04180950393403214
0.4586725333234088,0.4993811125352814,0.04194635414130981
0.4588199789294338,0.49916830150953706,0.04201171956102926
0.45867719332156526,0.49950727630832475,0.04181553037010991
0.4588349595362483,0.4992189432839545,0.04194609717979737
0.45882496429843733,0.49936122132243865,0.04181381437912404
0.4588949184583113,0.4991135540920447,0.041991527449643955
0.45887617754089316,0.4992490878616007,0.04187473459750612
0.458939879314947,0.4992607859575921,0.04179933472746099
0.4588138459692493,0.49917598966340215,0.042010164367348404
0.4587625496876434,0.49943616519978484,0.041801285112571716
0.4588372713764144,0.4992451351289627,0.04191759349462275
0.4587773781468493,0.4993707319563952,0.04185188989675534
0.45887108735486026,0.4991163476965673,0.04201256494857252
0.4586154253955831,0.4994476602643158,0.04193691434010119
0.4585911479266675,0.49955879336119113,0.04185005871214113
0.4587370572192921,0.499574178627032,0.041688764153675874
0.45882439139442593,0.4993624248168005,0.041813183788773474
0.45868183683564945,0.4995313718450256,0.041786791319324765
0.4588749848581323,0.4992516597805668,0.04187335536130103
0.45888735501886313,0.49919728941378855,0.04191535556734816
0.45863124570162045,0.4996309628188982,0.04173779147948135
0.45889766622054595,0.4991972719806514,0.04190506179880279
0.45884800852701974,0.49926024567156707,0.041891745801413444
0.4586629513646998,0.49939215346248567,0.04194489517281443
0.4588572147810134,0.49938152608829384,0.041761259130692854
0.4588970705501508,0.49911735573506755,0.04198557371478175
0.45890768459599107,0.4992875922336408,0.04180472317036807
0.45863449374732157,0.4994643789122162,0.04190112734046196
0.45899336204067287,0.49924945131447995,0.04175718664484714
0.4582289050492432,0.4998295756493382,0.04194151930141859
0.45882117135577394,0.4993689168580861,0.0418099117861397
0.4588220224110036,0.499365555396232,0.04181242219276425
0.45889236616138585,0.4991980297903398,0.041909604048274374
0.4587289735102172,0.4995910942020008,0.04167993228778196
0.44226438356669157,0.5162734790614917,0.04146213737181667
0.4588205078606858,0.49937010894813466,0.04180938319117944
0.45883869264810645,0.4992185883703151,0.041942718981578454
0.45858296569225004,0.4996049720045067,0.04181206230324333
0.458693334098076,0.4993575991384309,0.0419490667634929
0.45883947709240636,0.4993287665553166,0.04183175635227693
0.4586307102659457,0.49956661383017137,0.04180267590388273
0.45882265289860735,0.4993660062674508,0.04181134083394177
0.4588487348677936,0.4993074501214425,0.041843815010763966
0.4588734460529447,0.49942364235289477,0.04170291159416064
0.45882400877301,0.49927464916910996,0.041901342057880125
0.45851291888047896,0.49950101072821307,0.04198607039130801
0.4588308380648506,0.4993484692465515,0.04182069268859799
0.45863548662173576,0.49946244510494875,0.04190206827331532
0.45883089948663053,0.4993483327448247,0.041820767768544855
0.4588991092513637,0.4991385290570933,0.04196236169154301
0.45893615638046237,0.4993175380009971,0.041746305618540425
0.45865838422808897,0.49965891187885997,0.0416827038930508
0.45887978858562994,0.49922224192174997,0.04189796949262018
0.458854250682188,0.4993367726467351,0.041808976671076956
0.45875017504611737,0.4994149567207539,0.041834868233128854
0.45869498235307105,0.4995081559392549,0.04179686170767398
0.45862887740291386,0.49963679444409526,0.041734328152990934
0.4586609892043483,0.49956960009282636,0.04176941070282556
0.458888969013852,0.4992207218203287,0.041890309165819456
0.45879379438197,0.4993444758680663,0.04186172974996388
0.4588567452849575,0.4992865405648442,0.04185671415019825
0.4587884097454074,0.4994044861423184,0.04180710411227407
0.45881870684279363,0.4992285111281015,0.04195278202910499
0.4588507494651637,0.4991336424269508,0.042015608107885634
0.4588300659655446,0.4993501802679438,0.04181975376651167
0.45889413023582304,0.49911267023577977,0.041993199528397196
0.4588424023744952,0.49922433198705146,0.041933265638453204
0.45889715446440693,0.4991175680771543,0.041985277458438754
0.4588988546032954,0.4991419073267612,0.04195923806994353
0.4588423670783135,0.49922371225422724,0.04193392066745916
0.4588956748622074,0.4991949406011749,0.041909384536617696
0.45871545287014764,0.49932066691429117,0.04196388021556124
0.4588424982256976,0.4991421720094351,0.04201532976486715
0.45861855003729907,0.4995803139343954,0.0418011360283057
0.4588329530469892,0.4993437374907229,0.04182330946228779
0.45882011297951997,0.4993705294834117,0.04180935753706829
0.45889919347532093,0.49912843976105764,0.041972366763621434
0.45886806655850526,0.499430365457607,0.04170156798388767
0.45883284116544854,0.49934398937643565,0.0418231694581159
0.4587920394192501,0.4992048765508474,0.04200308402990272
0.4588593411815063,0.4992798361233194,0.041860822695174355
0.45794526605080244,0.5004888386394737,0.041565895309724044
0.45865449807114433,0.4995820223438322,0.041763479585023376
0.45886478772742206,0.4992654056372676,0.04186980663531027
0.45845071558400596,0.49964583966875553,0.04190344474723847
0.45882666954633716,0.4993549829143258,0.04181834753933723
0.45887309580533175,0.49924225091169716,0.041884653282971036
0.45874972226151,0.4994157008486047,0.04183457688988523
0.4587572453171195,0.4994464486480848,0.04179630603479569
0.45858289705450045,0.4996049113701333,0.0418121915753661
0.4588797412733384,0.4992140398884301,0.041906218838231424
0.45881893507769833,0.4994899874501108,0.04169107747219096
0.4585868562343025,0.49957086048601673,0.041842283279680696
0.4588205308699973,0.4994100068118021,0.04176946231820066
0.45889079358895263,0.49921644552008454,0.04189276089096282
0.4586668929163766,0.4996517906480529,0.04168131643557041
0.45867747373596335,0.49950689454286223,0.04181563172117431
0.4588218809615737,0.4994089837958662,0.04176913524256003
0.45886188814374174,0.49912336692258424,0.042014744933674054
0.45888449619158694,0.4991101467963019,0.04200535701211097
0.45833987192611186,0.49978182871545124,0.041878299358436955
0.4588407274730631,0.4992348039146849,0.041924468612251936
0.45886274102383434,0.49943698075023796,0.04170027822592762
0.45886515595168037,0.49926441068160554,0.04187043336671393
0.4000510890744371,0.5581847792816906,0.04176413164387205
0.4588920827175436,0.4991983387305457,0.04190957855191073
0.4588964078825038,0.49915937354542067,0.04194421857207556
0.4588936683053699,0.49911223511834896,0.04199409657628107
0.45884107180055683,0.499325025915999,0.04183390228344407
0.4588824548469134,0.49921036128241486,0.04190718387067162
0.45888811937651336,0.49922268060735925,0.04188920001612733
0.45889916278071097,0.4991279405258126,0.04197289669347635
0.458862975499786,0.4991224574654289,0.04201456703478476
0.45867213523831507,0.4993944914232001,0.041933373338484826
0.45861558855986884,0.4995834684301696,0.04180094300996142
0.45886347168287434,0.4991220488511046,0.04201447946602127
0.45882163579287005,0.4993664750026549,0.04181188920447499
0.45887267755192074,0.4992434558602358,0.041883866587843335
0.4586221499538214,0.49967486326579424,0.04170298678038425
0.45889884416843396,0.499124638562052,0.04197651726951407
0.45888298819514156,0.49920964820124836,0.04190736360360992
0.45874539579100604,0.49942282536586297,0.04183177884313108
0.4588727468562446,0.4991152697499808,0.04201198339377465
0.45862403639452437,0.49965027371843934,0.041725689887036246
0.458624942331557,0.4994833116782394,0.04189174599020365
0.4586299545952914,0.499634101466548,0.04173594393816051
0.4588906156838606,0.49918525182783147,0.041924132488308063
0.4590225316347818,0.49924575092583084,0.041731717439387424
0.4585808739145042,0.499596494496571,0.04182263158892496
0.4586235879734952,0.4996761212356438,0.04170029079086124
0.45889413510911137,0.49919622773979405,0.04190963715109444
0.45867099526130783,0.49964820214659117,0.04168080259210108
0.4587473033416165,0.4994196809631309,0.04183301569525251
0.45881706278678464,0.4993078141636141,0.041875123049601316
0.45898203696535794,0.4992795322073447,0.0417384308272974
0.45883882169337,0.4993302948039494,0.041830883502680605
0.4588514696955887,0.4991329313266042,0.0420155989778072
0.4588884135301259,0.49940470817972427,0.04170687829015004
0.4593499887438917,0.4989899628481282,0.04166004840798004
0.45882328258041744,0.49936262258988534,0.04181409482969738
0.45887283741572443,0.4992429958657572,0.041884166718518516
0.45893526182671796,0.49926445131598174,0.04180028685730036
0.4588992557461462,0.499129767130626,0.04197097712322763
0.45883288824647345,0.49934134944309316,0.04182576231043334
0.4582567257897094,0.49988448225148785,0.04185879195880281
0.45858780003051564,0.49956806773820267,0.04184413223128195
0.4592605485162167,0.4990491200292975,0.041690331454485745
0.4587188362496956,0.499601702175709,0.041679461574595594
0.45888614401213984,0.49940760176533217,0.04170625422252778
0.4588736454355189,0.4993183612675362,0.041807993296944936
0.45888372361718494,0.4991103034541995,0.04200597292861557
0.45812042953370935,0.5000532365025002,0.041826333963790326
0.45753185473030006,0.5007081064370734,0.04176003883262649
0.4585858785098956,0.49957387214201887,0.04184024934808553
0.45858835209106247,0.4996055151347588,0.041806132774178835
0.45886259375441457,0.499271281217066,0.041866125028519476
0.45878542923821025,0.49921405257079626,0.04200051819099356
0.4588957518397197,0.4991628496273837,0.041941398532896836
0.4588533937850769,0.4992521530156149,0.04189445319930826
0.4586274611979173,0.49964046239105053,0.04173207641103209
0.458715108217999,0.49932123070664497,0.04196366107535569
0.458798288177048,0.4993373438853917,0.04186436793756012
0.45886082511339177,0.49924111236112706,0.04189806252548139
0.4588507797934089,0.4993031144374405,0.04184610576915046
0.4581457699936963,0.5003760855132171,0.0414781444930867
0.44474189806523073,0.5152606393070482,0.039997462627721234
0.4588368251385995,0.49914839945646927,0.04201477540493137
0.4588992811588001,0.4991305902479066,0.041970128593293556
0.4587603990574002,0.4995570674731388,0.04168253346946083
0.45862069077768636,0.4996712978002509,0.04170801142206281
0.4588413759182312,0.49932430900815106,0.04183431507361744
0.45866333850717816,0.4994102721172164,0.041926389375605534
0.4588992776804456,0.49913045639314235,0.0419702659264118
0.45882111546739174,0.49936773783460725,0.041811146698001074
0.45363999345277306,0.5048552701826292,0.041504736364597596
0.4586119395254272,0.49945177279032565,0.04193628768424718
0.45883865605487106,0.49933068020015525,0.041830663744973726
0.45883769185816414,0.499244015956098,0.04191829218573786
0.4588971923448746,0.49919434848114985,0.041908459173975426
0.45923328406370983,0.49907087225828256,0.04169584367800765
0.45875829443998384,0.49944894662381845,0.041792758936197535
0.45885285503509965,0.49929639934460923,0.04185074562029109
0.458441226798135,0.4999841309783805,0.04157464222348448
0.45889487218023356,0.4991134966385272,0.04199163118123931
0.4588760103194356,0.4992192109290317,0.041904778751532576
0.4588265338972666,0.49935788031516726,0.041815585787566105
0.45889582258236356,0.4991948403584149,0.04190933705922159
0.4588954638954231,0.49916430547243784,0.04194023063213935
0.4588223223309153,0.4992996235496972,0.04187805411938754
0.4588350339368728,0.4993367087602207,0.04182825730290667
0.45889759447946465,0.49915226560075265,0.041950139919782595
0.4588247978213334,0.49936157202078413,0.041813630157882475
0.45865019398740975,0.4994344367599667,0.041915369252623166
0.4588154965573407,0.49917389976329224,0.04201060367936708
0.45889150059427264,0.49918177267578406,0.04192672672994316
0.4586762743533452,0.4993871658039183,0.04193655984273646
0.45882173459893305,0.4993678345163981,0.041810430884668966
0.4585920465475644,0.4995564282992368,0.04185152515319872
0.458801544483532,0.4995103695228461,0.04168808599362186
0.45867840064485293,0.4995375370183757,0.041784062336771295
0.458785429550655,0.4992140521330802,0.042000518316264765
0.45889170661276235,0.49918094633964505,0.04192734704759271
0.4588709311682673,0.4993209012511536,0.04180816758057915
0.45862336588517516,0.499675984257272,0.04170064985755299
0.4588294691029985,0.49934880317061753,0.04182172772638386
0.45899040137051766,0.4992562765346414,0.04175332209484108
0.4586205516303288,0.4996657206818547,0.04171372768781636
0.45882397122814145,0.49936104734056486,0.04181498143129346
0.4588976478664544,0.4991946886849449,0.0419076634486007
0.4588109285321294,0.49931741365678267,0.04187165781108786
0.4586208000500827,0.49966356200481726,0.04171563794509988
0.45859176344670544,0.49955716877203543,0.041851067781259126
0.4586206562720516,0.49967109959817607,0.04170824412977212
0.45886091384722333,0.4991241976400399,0.042014888512736624
0.4588243003410149,0.499360299430283,0.04181540022870201
0.4588937655816584,0.4991722673652177,0.041933967053123855
0.4588533716755187,0.4992976240179528,0.041849004306528347
0.45895288307982557,0.4992509004653481,0.04179621645482636
0.4586319586954459,0.49967589377924754,0.041692147525306686
0.4588622862494659,0.4992720977701777,0.04186561598035644
0.45858875848377806,0.49956532388982433,0.04184591762639762
0.45879364698527586,0.4992026725091771,0.042003680505546696
0.45858111127295254,0.49959370557010985,0.04182518315693778
0.4588455712628365,0.4993143028482139,0.041840125888949656
0.45882017725320035,0.4993705823949738,0.04180924035182565
0.45934330721648337,0.498990997584203,0.04166569519931384
0.45745548739043534,0.5008169058727199,0.04172760673684477
0.45877468174909114,0.49954111077462837,0.041684207476280474
0.4588977285825685,0.4991513620999372,0.04195090931749431
0.4586460002504154,0.49944230964610575,0.04191169010347896
0.45889477551120095,0.49919564861579924,0.04190957587299988
0.4588516507761456,0.4994506328739737,0.04169771634988068
0.45885612748686944,0.4992881209359204,0.041855751577210186
0.4586816539176637,0.4995316989217798,0.04178664716055645
0.4336216241523028,0.5249049385245019,0.04147343732319517
0.4586462561786862,0.4995983454374219,0.041755398383891654
0.45863449591311195,0.4995621458562388,0.04180335823064922
0.4585091886657595,0.49957476369810444,0.041916047636136065
0.45862138786458273,0.49966020069846867,0.0417184114369488
0.45871280760999084,0.49932500347476355,0.04196218891524535
0.45884129923426303,0.4993232682846187,0.0418354324811184
0.45877089750753686,0.49927287992919017,0.04195622256327298
0.4588988984030428,0.49914140161407755,0.041959699982879635
0.4585891056514442,0.4995643496923065,0.0418465446562492
0.45882534524892904,0.4993604159920808,0.041814238758990006
0.4588386464334514,0.49914637084676033,0.0420149827197884
0.4588769753281386,0.4992473632955994,0.041875661376261884
0.4588911113652048,0.4992156888599862,0.041893199774808924
0.4587242319797462,0.49945807666020836,0.04181769136004566
0.45871759775589177,0.4996029840053984,0.04167941823871008
0.45886281412858615,0.49927069500799787,0.041866490863416046
0.4588517723138509,0.49913263428031385,0.04201559340583526
0.4589833168238257,0.4992784671681847,0.041738216007989506
0.4585812026643083,0.4996016376162461,0.04181715971944584
0.4588325551816753,0.4992565539366525,0.041910890881672214
0.4588853752508739,0.4993075253559358,0.04180709939319027
0.45866488263817873,0.4996535148508688,0.04168160251095239
0.45884509356767883,0.49913941722795624,0.042015489204364785
0.4588775934850468,0.4992289702838251,0.04189343623112804
0.45896131262657713,0.49930539255990486,0.0417332948135179
0.45874638235721793,0.4994211984794631,0.041832419163318854
0.4588682619392707,0.4992302501016014,0.04190148795912783
0.4587426533185839,0.4995764792449509,0.04168086743646518
0.4588230756447864,0.49936309912182925,0.04181382523338419
0.45878699405078016,0.4994060728259867,0.04180693312323308
0.45879728172756307,0.4992469371036043,0.041955781168832564
0.45898503224583675,0.4992668269858799,0.0417481407682834
0.45329912360172764,0.5051989980892319,0.041501878309040716
0.45933789278115483,0.4989935613845499,0.041668545834295356
0.4588963248455394,0.49929762528026395,0.041806049874196824
0.45889755636312596,0.4991525175245275,0.041949926112346415
0.458588975936604,0.4995647125523,0.04184631151109579
0.4589958114620146,0.4992331082961897,0.04177108024179572
0.4588726519686037,0.4992435294120415,0.04188381861935458
0.45882769198971085,0.4993527157756878,0.04181959223460121
0.45882342886268696,0.4993644228864266,0.04181214825088652
0.4587281298314586,0.4995919846353237,0.0416798855332175
0.4585915388736222,0.49960415630844063,0.041804304817937246
0.45885949639816975,0.4992846566879935,0.04185584691383682
0.45868550163856475,0.49937105191005887,0.04194344645137632
0.45879082908737095,0.49925304572746687,0.04195612518516232
0.4586299995984255,0.4996339905298993,0.04173600987167512
0.45874683460710014,0.4994059933210253,0.04184717207187447
0.45889911899439834,0.4991273236614176,0.041973557344184155
0.4585370327889086,0.49947398863666653,0.0419889785744249
0.45883656972113357,0.49933550523822995,0.04182792504063647
0.45867851379387214,0.4993832278600223,0.04193825834610574
0.4586936068799,0.4995105605617218,0.04179583255837818
0.4586307517272488,0.4996321532596882,0.041737095013062914
0.4588312801439713,0.49915473380159975,0.0420139860544289
0.45882532438246926,0.49935798864606273,0.041816686971467676
0.4586701934749282,0.499648910504192,0.041680896020879814
0.4585964087543436,0.4995454556175081,0.041858135628148274
0.4588255642604728,0.49935745042439594,0.04181698531513137
0.4588992782690024,0.49913465162453813,0.04196607010645979
0.45884528566097066,0.49931499094909665,0.04183972338993295
0.45886686952278954,0.49925974550994584,0.04187338496726469
0.4588292394806186,0.4993520014738138,0.04181875904556765
0.4588872317872379,0.4991977247808905,0.04191504343187187
0.45863154271103873,0.49967603375106767,0.041692423537893424
0.45864200521298176,0.4994498906597355,0.04190810412728278
0.45885691496874925,0.49928610549905417,0.041856979532196435
0.45865918116000587,0.4995730285723402,0.04176779026765407
0.4588824716318179,0.4992103387870425,0.0419071895811397
0.4588582133852307,0.4991265739973132,0.04201521261745616
0.4588199577960249,0.4992826317591027,0.041897410444872406
0.4586347650957753,0.4994638498172889,0.041901385086935944
0.45858890909293054,0.49956490006417165,0.04184619084289772
0.45879930629008486,0.4991950028599371,0.042005690849978045
0.45889453548275366,0.4992071712475812,0.04189829326966508
0.45885101882523044,0.49930260789742675,0.04184637327734298
0.4587927122912483,0.4994303697166093,0.04177691799214264
0.45860464443083276,0.49959426608753293,0.04180108948163423
0.45895471133385946,0.49930221379403483,0.04174307487210559
0.4586219371137679,0.49965773936853897,0.04172032351769314
0.45895495281534593,0.4993148035202477,0.041730243664406336
0.45889491908658175,0.49916696492019424,0.04193811599322423
0.45889620268655723,0.499160487266406,0.041943310047036914
0.4586107272306098,0.499453204170642,0.041936068598748044
0.4588726667821474,0.49911532020349614,0.04201201301435643
0.45889642470464853,0.49919450088583867,0.04190907440951295
0.4590892804161731,0.4991898944247683,0.0417208251590588
0.4587629229554232,0.49955426848957707,0.0416828085549997
0.45863059319498434,0.4996763221636473,0.04169308464136832
0.4587119768934022,0.49945825518704356,0.041829767919554346
0.4586309128801996,0.49963176354012934,0.041737323579671186
0.4586950223638482,0.499354725695697,0.04195025194045485
0.45879976765828323,0.49931956800524124,0.04188066433647557
0.4588978292847447,0.4991959619240437,0.04190620879121163
0.4590384722953662,0.49923241941886964,0.04172910828576418
0.45886587388016575,0.49927113092881714,0.041862995191017056
0.45882209337535085,0.4993653878868021,0.04181251873784701
0.45862293843878893,0.4996756709738905,0.0417013905873209
0.45882057701599716,0.4993691013576523,0.041810321626350774
0.45859671365960464,0.4995447143236643,0.0418585720167308
0.45883155727239155,0.499154411825716,0.042014030901892485
0.4586859181890764,0.49963449188912984,0.04167958992179366
0.4588784251988698,0.4992442194316792,0.04187735536945086
0.4588643636475892,0.49923591719983057,0.04189971915258042
0.4589965047467321,0.4992359408437646,0.041767554409503235
0.4588303797743128,0.499346809505352,0.0418228107203354
0.4546485272929556,0.5038372227176064,0.04151424998943815
0.4588828127705783,0.49921264400981136,0.04190454321961056
0.4588770782924382,0.49911280384353385,0.042010117864028015
0.4585861249662945,0.49960593713654816,0.04180793789715752
0.458592905278527,0.49955420628576,0.04185288843571301
0.38721441277845675,0.5708080006968538,0.04197758652468961
0.4586880740019496,0.4996324396650157,0.04167948633303467
0.45872617426230006,0.4993033110041697,0.041970514733530195
0.4585879228222002,0.49956771140459544,0.04184436577320431
0.458742609021843,0.49927739561313017,0.04197999536502693
0.45882024589086456,0.49937050628980695,0.04180924781932837
0.45882037645397017,0.4993696429909459,0.04180998055508407
0.458834675124855,0.49939917920838656,0.04176614566675846
0.4588961407502442,0.49919464528978574,0.041909213959970056
0.45820088207591003,0.49995358965910935,0.0418455282649807
0.45889349868369894,0.4991734423205198,0.041933058995781355
0.4593312134906187,0.4989973881894689,0.04167139831991249
0.4588240519597378,0.4993631331233603,0.04181281491690208
0.458898554084183,0.4991227496915924,0.04197869622422434
0.4586274982299263,0.4996403643333315,0.041732137436742416
0.4588992741606106,0.49913032972863935,0.04197039611075001
0.4588793217606702,0.4991117592013946,0.04200891903793523
0.4587217612246296,0.49931041209273247,0.04196782668263763
0.4588710065180896,0.4994266963622469,0.04170229711966342
0.458778337570784,0.49935583945228496,0.041865822976931116
0.457935444672653,0.500281932626001,0.041782622701346264
0.45882479959189354,0.49935917000974267,0.04181603039836384
0.4586281497467499,0.4996386589177354,0.04173319133551457
0.45746009976651525,0.5008466157690193,0.041693284464465276
0.4587574489667351,0.4994482844665854,0.041794266566679394
0.45884288653430966,0.4993198822970538,0.04183723116863643
0.4589923167446833,0.4992520034597064,0.04175567979561036
0.45874554755029917,0.4994225750222131,0.04183187742748777
0.4572037142837455,0.5012467014143274,0.041549584301926984
0.45858485880881034,0.4996058620876304,0.041809279103559416
0.458861269653952,0.499274785490037,0.041863944856011095
0.45882349238852926,0.4993621410373506,0.04181436657412027
0.45888639786836005,0.49930659174675573,0.041807010384884206
0.45885802768367756,0.49928776672173353,0.041854205594589126
0.45882587777649897,0.49935928405640495,0.04181483816709602
0.45861079533738713,0.49951273515684486,0.04187646950576794
0.4588206598403602,0.49936984970308723,0.041809490456552634
0.4586511308407309,0.4996645486610594,0.0416843204982095
0.4253174969475961,0.5331724983933652,0.041510004659038736
0.45889593015506164,0.49911502345897596,0.04198904638596238
0.4587499971277688,0.4994152490890567,0.04183475378317458
0.4588797930487707,0.49924124044663554,0.04187896650459401
0.4588993044922235,0.49913229960370104,0.04196839590407531
0.45888439278506243,0.49923110111600894,0.041884506098928666
0.45889457640674297,0.49916858233389755,0.041936841259359536
0.45933753279121114,0.49901723220759886,0.04164523500119024
0.45870967615636987,0.49961110386090274,0.04167921998272742
0.4585858013684747,0.4995741158447541,0.0418400827867712
0.4584400071953767,0.49965891536992046,0.04190107743470284
0.4588942880490604,0.4991128320553524,0.041992879895587046
0.4588956932222596,0.49920402049829454,0.04190028627944578
0.45860722492167216,0.4993962724352391,0.04199650264308869
0.4588302364071496,0.49934980334506496,0.04181996024778544
0.4586626720058881,0.49939247621819627,0.041944851775915934
0.4587585510862697,0.4994490193239343,0.04179242958979614
0.4589606506055043,0.4993063838358786,0.04173296555861704
0.4587890105378075,0.49920905885166567,0.04200193061052673
0.45889911324295357,0.4991384639025501,0.04196242285449621
0.45822234030080766,0.4999270248668677,0.04185063483232441
0.45862996056264116,0.4996340867524203,0.041735952684938404
0.4586904412667769,0.4995161152509753,0.04179344348224781
0.4586224379695612,0.4996752004166819,0.04170236161375717
0.4588377177793489,0.49933093415702157,0.041831348063629495
0.45879392007959957,0.49934427605111364,0.04186180386928663
0.4588115378379467,0.4994987024435462,0.04168975971850709
0.4586161524009304,0.49958287428780757,0.041800973311261966
0.4588662207138406,0.4992703937360356,0.04186338555012392
0.45862275477164793,0.4994390297907972,0.041938215437554695
0.45876515510147825,0.49943247928487244,0.041802365613649556
0.45883787073722554,0.49933250277568314,0.041829626487091376
0.45885457849997147,0.49929205859860143,0.04185336290142708
0.45886045838893663,0.49928261903991705,0.04185692257114634
0.4588825790364874,0.49911059491489396,0.04200682604861878
0.4588703623244166,0.4992272249398983,0.04190241273568507
0.45883862748514037,0.49933074664002197,0.041830625874837636
0.4586637898725264,0.4995643321657801,0.041771877961693404
0.45865610900693043,0.4996607291207594,0.041683161872310304
0.45861831506252376,0.49949685472509486,0.04188483021238157
0.45889236535900013,0.4992126585455899,0.041894976095410014
0.4588011156260475,0.4991925811172074,0.04200630325674542
0.45867154911105373,0.4996477109355725,0.04168073995337379
0.45889667028994896,0.49920109874600516,0.041902230964045564
0.4588450541326294,0.49926471346438234,0.041890232402988475
0.45875422681352623,0.49939449772299155,0.04185127546348201
0.4588499967705669,0.49930477411787055,0.04184522911156269
0.45882957606901076,0.4993512611054856,0.04181916282550386
0.45889817724905096,0.49914809999406723,0.04195372275688189
0.4588427016275349,0.49926828405683704,0.041889014315627894
0.45882431522810696,0.49936258407917017,0.04181310069272299
0.45875137674550104,0.49926391820236343,0.041984705052135265
0.45867757257575853,0.49938488078958143,0.04193754663465988
0.45864761694850964,0.4994099370144803,0.04194244603701024
0.4589344704270154,0.49934381120862603,0.04172171836435863
0.4587515937521299,0.4993986100325149,0.04184979621535539
0.4589569157069099,0.49931192437388305,0.041731159919207166
0.4588951605428084,0.49911386723454526,0.0419909722226462
0.4585929263850268,0.4995541521018572,0.041852921513115864
0.45883391652462685,0.4993415612774958,0.04182452219787739
0.45860784558900036,0.49951914926402624,0.04187300514697349
0.4587499390108868,0.49941534459753084,0.04183471639158215
0.45896783272251335,0.49929545791344804,0.04173670936403859
0.45882534868890307,0.4993579340592372,0.04181671725185982
0.45877569040872757,0.4992278870207786,0.04199642257049367
0.4588441430622445,0.4993177336527732,0.04183812328498227
0.4577168143532816,0.5005491022679057,0.041734083378812493
0.4586596908461877,0.49953061129802967,0.04180969785578282
0.45886530427956806,0.4992640091643313,0.04187068655610052
0.45882024339381405,0.49937002988726836,0.04180972671891755
0.45889587112924785,0.499203512494037,0.04190061637671504
0.4586259834214684,0.49967686066707195,0.04169715591145996
0.45876757825447884,0.49954908216229765,0.0416833395832236
0.45794686147635993,0.5002678602780233,0.04178527824561682
0.4586342817891361,0.49956240080278114,0.04180331740808298
0.45877805968832486,0.4992244880296148,0.04199745228206044
0.45879392164428223,0.49939838974122963,0.041807688614488
0.4588235911350502,0.49936408840325663,0.04181232046169308
0.4586653415046246,0.49938939397898663,0.04194526451638894
0.45883798644919177,0.49914710285213315,0.042014910698674815
0.4588072738099396,0.49918445418463336,0.04200827200542695
0.45878036601666294,0.4993659295527859,0.04185370443055102
0.45883368148295595,0.4991519623380955,0.04201435617894864
0.4588457176557786,0.499313949745252,0.04184033259896923
0.45869355801511225,0.4994846186452788,0.04182182333960923
0.45863209039506264,0.4995649947919633,0.04180291481297416
0.4588280209650664,0.49935466579469395,0.04181731324023956
0.45867934183072817,0.49950434528453624,0.04181631288473565
0.45849686090771,0.4995896976730726,0.04191344141921746
0.4588978048181005,0.49919629879608207,0.04190589638581731
0.4586824837761098,0.4996377271449562,0.04167978907893387
0.4588052414836485,0.4991871160352851,0.04200764248106643
0.45863240628178126,0.4995646226072815,0.04180297111093698
0.4586995835645471,0.49950014904727097,0.041800267388181885
0.45870699214663707,0.49961382241570784,0.041679185437654906
0.45877233006898377,0.4992327433975908,0.041994926533425424
0.45792125651688076,0.5002994093702716,0.04177933411284749
0.4587137439592907,0.49947582589824974,0.04181043014245958
0.45882678088857937,0.49935473537020975,0.04181848374121077
0.4576512099083364,0.5005481739917964,0.04180061609986709
0.45873613409415015,0.4994223697036281,0.04184149620222182
0.458886671839252,0.4992259806345984,0.04188734752614958
0.45869462827079527,0.49935539562247055,0.04194997610673407
0.4430287438659073,0.5155086423719191,0.0414626137621736
0.45882275151643526,0.499363849030509,0.041813399453056066
0.45871159638758147,0.4993269963217056,0.04196140729071311
0.45884641468801163,0.49945702216157545,0.04169656315041286
0.45882195903217704,0.49936739356921284,0.041810647398610214
0.45879358894270605,0.4992027518955861,0.042003659161707875
0.45886391605709437,0.499267750643139,0.04186833329976637
0.4587124083838386,0.49960831910805,0.04167927250811155
0.45886412309616026,0.49923626892136835,0.04189960798247136
0.45899565677713905,0.49924255751506874,0.04176178570779201
0.4588235363843684,0.4993620402471684,0.04181442336846295
0.4588590199433168,0.4991258532480594,0.04201512680862386
0.45762456287341635,0.5008171953302505,0.04155824179633327
0.4588973068382177,0.4991179724100846,0.04198472075169774
0.4581513394281715,0.4999221974418834,0.04192646312994502
0.45860464624325653,0.499594264438225,0.041801089318518295
0.45889874602348607,0.49912393147996253,0.04197732249655148
0.4581285408168975,0.5000431894533833,0.04182826972971908
0.4586404665185829,0.49967175726948854,0.041687776211928575
0.4589733502321732,0.4992867527017854,0.04173989706604136
0.45886004969501665,0.4992834847920698,0.04185646551291341
0.4588963555561714,0.4991945330271036,0.041909111416724924
0.25802514089687467,0.6141539088276636,0.12782095027546167
0.458991015709667,0.4992305607856058,0.04177842350472718
0.458899252154183,0.4991355508772892,0.04196519696852781
0.45875475496124873,0.49939367046377964,0.04185157457497184
0.45888965331708687,0.4992011400898171,0.04190920659309578
0.4588238662842304,0.49936351894397535,0.041812614771794175
0.4588772214594707,0.49924683050039964,0.04187594804012981
0.4588009142481459,0.4991928499101724,0.04200623584168178
0.4586932147249075,0.49951124710339934,0.041795538171692966
0.45882550468867805,0.4992946865491925,0.0418798087621291
0.45877889828064433,0.49922329002840043,0.041997811690955275
0.4588458343840592,0.49945772809566963,0.041696437520271176
0.45865241540260654,0.4994303000438746,0.0419172845535188
0.4585714099088151,0.49949991732976085,0.041928672761424285
0.45881287859085773,0.4992331462557889,0.04195397515335345
0.45881072133315703,0.49931773875112095,0.041871539915721824
0.458703947263407,0.4996168851816745,0.04167916755491845
0.45870698548202243,0.49961382914453145,0.041679185373446136
0.458594261425394,0.4995507638708474,0.04185497470375858
0.4588335507401264,0.4992194065325327,0.04194704272734101
0.458757227857442,0.4994476728606746,0.04179509928188357
0.458996317867094,0.49923936881228553,0.04176431332062067
0.45883362408885325,0.4992821593125625,0.04188421659858432
0.4588726508657917,0.49911533025244137,0.042012018881766776
0.45862590344408427,0.49948137740839715,0.04189271914751829
0.45882242328531103,0.49936834112543504,0.0418092355892536
0.45862312431985375,0.49967581591287885,0.04170105976726744
0.45887690356519506,0.4992475185716747,0.041875577863130176
0.45886509866811853,0.4994340569983424,0.04170084433353902
0.4588203454994723,0.4993703669307603,0.04180928756976729
0.4588954902855334,0.49911433048987297,0.04199017922459352
0.45872931557911145,0.4994495443836373,0.04182114003725124
0.45862305166049716,0.499675760944789,0.041701187394713644
0.45882554877592163,0.4993574851387981,0.04181696608528039
0.4587744317698536,0.4992692757920624,0.04195629243808411
0.4588850501778061,0.49920692799502536,0.04190802182716852
0.4586885954924049,0.4993657138243393,0.04194569068325563
0.4588435903561551,0.49931905455205805,0.04183735509178675
0.4585810042416609,0.49960053853756003,0.0418184572207789
0.4588394708437534,0.49935121374632124,0.04180931540992532
0.45888899037250824,0.4991913869994509,0.041919622628040824
0.4586690909152275,0.49955448826439003,0.04177642082038247
0.45883654739705393,0.49933555656912787,0.04182789603381819
0.4588377744967901,0.4991473386870768,0.04201488681613293
0.4589306626128013,0.499349037983242,0.04172029940395659
0.458592214750327,0.49955599026661623,0.04185179498305678
0.4588214566983735,0.49936837356286407,0.04181016973876243
0.4588843630744218,0.4992078275126227,0.041907809412955396
0.4587057996456925,0.4994671944045662,0.041827005949741494
0.4588788589276529,0.4992432762849343,0.04187786478741266
0.4588942176282442,0.4991702358159407,0.041935546555814926
0.45882948643390536,0.49935145844715995,0.041819055118934606
0.4585879743903248,0.49956756220107046,0.041844463408604864
0.45885717101973056,0.49944385801444663,0.041698970965822674
0.45875301184405737,0.49941030086900523,0.041836687286937145
0.4588869441236431,0.49922536309067,0.04188769278568706
0.4586218961373335,0.49967451342707553,0.04170359043559086
0.45869442673591587,0.499483395148413,0.04182217811567127
0.4586292932373188,0.49947460966146384,0.04189609710121741
0.4587759333540176,0.4995396991908689,0.04168436745511346
0.45863976717053845,0.4996721670675882,0.04168806576187341
0.45885834993657765,0.4992824086438111,0.04185924141961112
0.4586755443904026,0.49964412371443645,0.04168033189516106
0.4588282988059544,0.49922196807664476,0.041949733117401015
0.45882416207454424,0.4992743413161715,0.041901496609283904
0.4588980365172042,0.4993487420466773,0.04175322143611869
0.4589906719529527,0.4992305641436351,0.04177876390341218
0.4578008270066387,0.5006368597737576,0.041562313219603644
0.45880052136998734,0.499243946015311,0.04195553261470173
0.45888174278109106,0.4992113187188689,0.041906938500040014
0.45882013299567076,0.4993706053112222,0.041809261693106975
0.45860240974910327,0.4995962555552967,0.04180133469559984
0.4588262410221201,0.49935593731767275,0.0418178216602071
0.4588517359198761,0.49929919581515786,0.041849068264966274
0.45897671991496697,0.49928125881593843,0.04174202126909458
0.45884574607249023,0.4993137963203091,0.04184045760720034
0.4588622153562936,0.49927228578296773,0.04186549886073874
0.4588694219212422,0.4992526830621776,0.041877895016579944
0.4588682927085801,0.49926598464415856,0.04186572264726123
0.4581277943804562,0.5000441140426239,0.04182809157691993
0.4589596146295255,0.49930792930117046,0.041732456069304105
0.4588299490036481,0.49935043865988016,0.04181961233647151
0.4588495584486281,0.49913483085409427,0.04201561069727755
0.45889839904238156,0.4991463016168991,0.0419552993407191
0.45878202899816173,0.4993632612082584,0.04185470979357982
0.4587926973124581,0.4994303801839656,0.04177692250357635
0.45895677003621843,0.4992480972143412,0.04179513274944031
0.4586392802458663,0.4996128614199405,0.04174785833419298
0.45871734257777586,0.49945041195266227,0.041832245469561574
0.45889897467692076,0.49914046142273105,0.04196056390034797
0.45859174699131744,0.49955721193722946,0.04185104107145327
0.4588592044772677,0.49928019183645067,0.04186060368628166
0.4586249432901927,0.4994833097443911,0.041891746965416046
0.4587613553838191,0.4992827610437745,0.04195588357240625
0.45881046021002325,0.49923516933443735,0.04195437045553931
0.45886022874798127,0.4992775192498445,0.041862252002174
0.45886101908974986,0.49927544521786815,0.041863535692382076
0.4586676069407014,0.49955722839591954,0.04177516466337889
0.4588312928568821,0.4993448170796195,0.04182389006349836
0.4588626864092499,0.4992383740799023,0.04189893951084797
0.4586464361714263,0.49944148732540855,0.04191207650316532
0.45870043163842517,0.4993455805791858,0.04195398778238905
