0,1,2
0.47135525355139096,0.49156947879909524,0.03707526764951378
0.42772777724969496,0.5309380151029774,0.041334207647327564
0.43753240472724014,0.5244716197833545,0.03799597548940517
0.5342408409049781,0.4244673977881329,0.04129176130688889
0.4320591641811276,0.5271502119472901,0.04079062387158195
0.4953098220859941,0.46672983829544457,0.03796033961856123
0.4385955899210113,0.5201514429383565,0.04125296714063237
0.47845367547425194,0.47886231074076796,0.042684013784980226
0.48335859673935155,0.47602149173022473,0.040619911530423776
0.5557405036343148,0.4048615413294157,0.039397955036269396
0.4382692423950994,0.5223460492667944,0.03938470833810608
0.43926243234981677,0.5198917383323335,0.0408458293178495
0.42292572012541085,0.5391314193142134,0.037942860560375526
0.4691032252975604,0.48834250990164907,0.04255426480079075
0.4411012197388532,0.517351044521835,0.041547735739311926
0.44134332650808994,0.5179034192250921,0.040753254266818105
0.4818431551446478,0.47591600966689795,0.04224083518845425
0.5313120243625372,0.43189375345322556,0.03679422218423724
0.4805413743570981,0.4846733911410853,0.03478523450181664
0.46828225254705536,0.4898081022212394,0.041909645231705366
0.4988077699675941,0.4596028538841283,0.04158937614827737
0.44328680368897416,0.5176523689762086,0.03906082733481714
0.41633334124738924,0.5436112071015011,0.04005545165110941
0.4953040568545423,0.4692636986299855,0.03543224451547213
0.4225399399809104,0.5335743366264734,0.04388572339261618
0.4193436683928017,0.5458108350863704,0.034845496520827975
0.43097789730460107,0.5292086391734991,0.03981346352189971
0.5181999448284796,0.43707223240475124,0.04472782276676917
0.4240071249162783,0.5380870099726613,0.03790586511105992
0.5147987595207507,0.44575984049904355,0.0394413999802058
0.4228061446745085,0.5370670961479589,0.04012675917753249
0.4540131948235895,0.5068688285344097,0.03911797664200064
0.4255267582292456,0.5326611610110498,0.04181208075970481
0.5023427550691705,0.45591569879773935,0.04174154613309057
0.44228403086729456,0.5178665312132815,0.03984943791942354
0.4709553239832197,0.486986727059747,0.04205794895703303
0.48618778818617014,0.4742825293224841,0.039529682491345614
0.35247648839903795,0.5419089342518187,0.10561457734914305
0.4740201089458983,0.4850833657876825,0.040896525266419285
0.486976713384603,0.4707952951778586,0.04222799143753838
0.4444700647192219,0.5134143337032148,0.04211560157756326
0.4257401546386819,0.5347443686788017,0.03951547668251635
0.43564114320816366,0.5226417189290585,0.04171713786277787
0.4928460991573466,0.42608864256801093,0.0810652582746426
0.4685919515275768,0.4934743002779205,0.03793374819450298
0.41842269329046955,0.539741002111898,0.04183630459763238
0.452763043029639,0.5075317916319606,0.03970516533840053
0.4369850845387579,0.5213303167415044,0.041684598719737564
0.4357560826396921,0.5227491619117636,0.04149475544854425
0.42622851372684295,0.532150055232754,0.04162143104040289
0.5581940900601117,0.4002762252568487,0.041529684683039594
0.4958082250653898,0.4622889236125514,0.041902851322058725
0.4190137198747529,0.5448181061180885,0.03616817400715864
0.43902115192904156,0.5199872057022363,0.040991642368722235
0.43372032324730486,0.5248733935551065,0.041406283197588475
0.4301667160948586,0.5282268730665376,0.04160641083860364
0.42350200190277726,0.5355350246482403,0.040962973448982545
0.4321115882316879,0.5277711751095615,0.04011723665875086
0.4537002308992458,0.5079120835460419,0.03838768555471243
0.5130576436996152,0.446658129286633,0.04028422701375195
0.4325663185004197,0.5268947440621147,0.04053893743746554
0.41225858257445974,0.5541301040103129,0.0336113134152274
0.44101826817890544,0.5184853301259177,0.04049640169517681
0.445030362796602,0.5133980415530607,0.04157159565033719
0.4152430692224312,0.544294805211908,0.040462125565660666
0.45013152578216975,0.5077133829129178,0.0421550913049125
0.44241065933146073,0.5232923801059289,0.03429696056261033
0.42919203048001203,0.52824706368993,0.042560905830057776
0.42304006289658236,0.5350198181695878,0.041940118933829894
0.48896979184653977,0.4690958383221751,0.04193436983128513
0.4470401732003593,0.5116023718016565,0.04135745499798401
0.4724199533823052,0.4878345104470589,0.039745536170635705
0.45529232771934275,0.5025952850080104,0.04211238727264683
0.42181830507258505,0.5300664966145658,0.048115198312848995
0.418742773501239,0.5409235628478766,0.04033366365088462
0.46388898105975035,0.49886487333208795,0.03724614560816166
0.4609057826037949,0.5002794472704166,0.03881477012578836
0.4353944449155843,0.523617197648175,0.040988357436240755
0.42474970346997637,0.5337833490478348,0.04146694748218894
0.5894835741797275,0.36640436856892483,0.04411205725134759
0.4400132097013332,0.5289206700038988,0.0310661202947679
0.419199636290601,0.5257131422510389,0.05508722145836017
0.4264450773136986,0.5377940570135967,0.03576086567270474
0.5168288109974222,0.44645282091850436,0.03671836808407351
0.4560320828897094,0.5021290818688917,0.041838835241398635
0.4121805149556072,0.5579536023194578,0.029865882724935015
0.4363665440498711,0.5254090429044472,0.038224413045681783
0.4765681808197661,0.48143950260517987,0.04199231657505388
0.5206326831038203,0.4407263439699581,0.03864097292622166
0.4076179933754064,0.551892719867413,0.04048928675718048
0.47265430084314075,0.4873213523922736,0.04002434676458569
0.4225128999192024,0.5372694873169569,0.04021761276384069
0.42982958139283794,0.528863678933393,0.04130673967376907
0.554628419548819,0.38675180198121106,0.058619778469969845
0.5020167429114557,0.4568616061339987,0.04112165095454529
0.5757203423642506,0.3938081138229025,0.03047154381284679
0.4304668857130302,0.5275731322560222,0.04195998203094752
0.4476064604043462,0.5104778815006065,0.041915658095047124
0.4605483223715705,0.49936032481546766,0.04009135281296167
0.4354266764989793,0.5264385118428114,0.03813481165820927
0.46749027909059937,0.4965643685522524,0.03594535235714839
0.42819513397968645,0.522378257418661,0.049426608601652766
0.4238668338835367,0.536232563797909,0.03990060231855429
0.4162347258466181,0.5502273173841378,0.033537956769244114
0.3989071776837334,0.5639515974034641,0.03714122491280246
0.44842058049386097,0.5092011727426466,0.042378246763492465
0.5469317565040342,0.41262875218724576,0.04043949130871984
0.49919502529483595,0.46017803722473266,0.04062693748043149
0.5070693491150111,0.4541294498606716,0.0388012010243174
0.5019368849130317,0.4580482700079485,0.04001484507901992
0.4133821916985293,0.5474161033517075,0.03920170494976315
0.46287901401361325,0.4994560328556715,0.037664953130715204
0.44287983149065496,0.5201118667967521,0.03700830171259299
0.46915784508501446,0.4896270945489245,0.04121506036606098
0.4395072883234367,0.5186732738980471,0.04181943777851623
0.4225956103143066,0.5359137325638164,0.0414906571218771
0.4385966076992039,0.5239230652583285,0.03748032704246749
0.41998492794216247,0.5414944629037134,0.03852060915412422
0.4898877740245136,0.46797659987983087,0.04213562609565552
0.4138211824765263,0.5472392682143531,0.038939549309120705
0.43099954715444455,0.5282209308437518,0.04077952200180375
0.41477054030777977,0.5458211467411738,0.039408312951046374
0.4951758865397387,0.4627417467248998,0.04208236673536144
0.4595287973780383,0.49974330779600606,0.04072789482595564
0.4288690427854736,0.5296774867552492,0.041453470459277116
0.49156512063442537,0.466353903508361,0.0420809758572137
0.4278475868188376,0.5300389302970363,0.0421134828841259
0.4920406186945736,0.4655894957607012,0.042369885544725115
0.46755080469114896,0.49358125218499943,0.03886794312385157
0.41797403395886645,0.5396180715112974,0.04240789452983633
0.43429258343203,0.5236877180339509,0.042019698534019
0.4290060775517373,0.5290784642307281,0.041915458217534535
0.45662533648663234,0.5050641439184538,0.038310519594913904
0.41313183690366934,0.550639343171493,0.036228819924837626
0.4172580223239638,0.543422243974952,0.03931973370108423
0.5183986365537938,0.44007844437271765,0.04152291907348851
0.41984069830821896,0.538517357040087,0.04164194465169398
0.4499932586344455,0.5081556965718833,0.041851044793671126
0.44031169742445997,0.5177882387436308,0.04190006383190933
0.4146703018261908,0.5427486983158084,0.042580999858000776
0.43377809598162714,0.5255686812681634,0.04065322275020963
0.42094852067909544,0.5371131369560428,0.041938342364861804
0.4702356866481113,0.48875201531796586,0.041012298033922666
0.42354454424378823,0.5033322629386063,0.07312319281760556
0.5087628068329417,0.4548269349954973,0.03641025817156093
0.446101926193299,0.5122159132896126,0.04168216051708823
0.4339245881746992,0.5250055329360835,0.041069878889216954
0.4560072004707071,0.5074130906904499,0.03657970883884298
0.5348249387854094,0.4233449058579309,0.04183015535665989
0.4349061031333073,0.5247419683639164,0.0403519285027764
0.4805351879953936,0.4808551401628748,0.03860967184173164
0.4410647403887529,0.5167816242346362,0.04215363537661074
0.49399228338595375,0.4653790073665889,0.04062870924745751
0.41851479516031376,0.542269265613402,0.03921593922628428
0.48337092481077915,0.47959700562287616,0.03703206956634485
0.4322002245355013,0.5258544906280884,0.04194528483641041
0.46840034028770117,0.4893452186096292,0.042254441102669314
0.4296235854129103,0.530088893348895,0.040287521238194804
0.42014828906349944,0.5449849042202768,0.034866806716223914
0.427439359392497,0.5036198747639421,0.06894076584356096
0.42417330287995636,0.5338619740764967,0.041964723043547175
0.42022945930933364,0.5360517869991039,0.04371875369156254
0.42657739943395817,0.531717590150728,0.041705010415314034
0.41693668855439986,0.5459589398760111,0.03710437156958917
0.42548635665557644,0.5328213531498807,0.04169229019454292
0.441445734136166,0.5172271247330713,0.04132714113076269
0.41407723480006897,0.5517608815564653,0.03416188364346581
0.45402261440456104,0.5219205817792678,0.02405680381617117
0.46647665310613046,0.492210863568514,0.041312483325355746
0.4989187420859028,0.46388431530486995,0.03719694260922721
0.43992135479921557,0.5256184663045692,0.0344601788962151
0.45160102597525503,0.4786351828138143,0.06976379121093051
0.41423122792269956,0.5473545773840973,0.0384141946932031
0.43273351933600973,0.5260717732059933,0.04119470745799711
0.4489312069290877,0.508781722956154,0.04228707011475838
0.41056523924054916,0.54814057948732,0.04129418127213108
0.46519554203479013,0.4936308632227859,0.04117359474242392
0.4134398663532798,0.5449680497928837,0.04159208385383631
0.48255219995085763,0.4758373821005723,0.04161041794856996
0.41202371552951467,0.5521970155458,0.03577926892468509
0.44337606829728127,0.5154179448484741,0.04120598685424465
0.4313714851332275,0.5267000516637897,0.04192846320298288
0.4300165237536777,0.5332113089934506,0.0367721672528716
0.5139084630517903,0.45207241343574517,0.034019123512464555
0.4637100643584109,0.49726652098806967,0.03902341465351952
0.41145265478964493,0.5474985549899171,0.041048790220437954
0.4834980700044161,0.474005852894666,0.04249607710091783
0.5083234986645061,0.4507718417383418,0.04090465959715206
0.43469915452867364,0.5277580882841731,0.037542757187153074
0.4605185545983543,0.5000297058565638,0.03945173954508206
0.42645365342775454,0.5324791821407667,0.04106716443147886
0.4480025695366099,0.5106882553857662,0.04130917507762402
0.4671788115234907,0.49141295570616544,0.04140823277034376
0.4921602804781407,0.4745410915936286,0.03329862792823067
0.5102685698145224,0.45572781054449063,0.034003619640986985
0.40749682138541077,0.5289624918356088,0.0635406867789805
0.4518220492504116,0.506120190751227,0.0420577599983614
0.4049371771086926,0.5248087500211805,0.07025407287012692
0.4535713487034224,0.5067660625697561,0.03966258872682146
0.43663927880130293,0.5213691691685574,0.04199155203013974
0.40434246324935597,0.5444727557303283,0.051184781020315845
0.4256450074357217,0.5327317550629906,0.04162323750128748
0.43831158323789915,0.5204171349220568,0.041271281840044236
0.43205599466194716,0.5294644263094167,0.03847957902863624
0.4521284541871482,0.5083949496469471,0.039476596165904626
0.449997769023417,0.5077401908453008,0.04226204013128228
0.4446440000550899,0.5136609816280074,0.04169501831690263
0.4175610283860953,0.5435580071971907,0.0388809644167139
0.45315605972614287,0.5129212143736845,0.03392272590017263
0.4650607346612225,0.4936911187788624,0.04124814655991515
0.42713594952170725,0.5376515117198696,0.03521253875842314
0.43585476900075126,0.5378391437791182,0.02630608722013057
0.439025288010653,0.5229584995748076,0.03801621241453942
0.5342975483244891,0.4274217761435759,0.03828067553193493
0.5325760990687098,0.42556200595086885,0.041861894980421074
0.48478239710818066,0.4751424874698399,0.040075115421979335
0.42093586650045034,0.5406707200406892,0.03839341345886063
0.4241028131140528,0.5359187193517978,0.03997846753414946
0.44335823763154325,0.52310911822916,0.03353264413929679
0.41770622939393515,0.5404421363450096,0.04185163426105518
0.4041538344928962,0.5609791629374885,0.03486700256961527
0.45747356963197977,0.5039580960869924,0.03856833428102768
0.45762144065929694,0.5011693229270733,0.041209236413629724
0.41824334602663255,0.5414400008536997,0.040316653119667666
0.4262334051529127,0.5342900830696854,0.03947651177740209
0.4467453712380361,0.5154736519547538,0.03778097680721027
0.43442337113987184,0.523904988639873,0.041671640220255025
0.4807543316502082,0.47623018146139334,0.043015486888398485
0.43508718403325086,0.5237075581702367,0.041205257796512504
0.5145693650637673,0.4437171274108769,0.04171350752535611
0.41180212156571755,0.561363841497305,0.02683403693697775
0.39465728674480094,0.5123770274715925,0.09296568578360656
0.4296092966229667,0.5289773249305884,0.041413378446444875
0.43017393989627145,0.5280649138926995,0.041761146211029145
0.497896935250943,0.4595419751603231,0.042561089588733954
0.5465553950832195,0.4100882339822321,0.04335637093454851
0.42912006059968355,0.529254514211001,0.04162542518931551
0.4652076448770057,0.47987309964331537,0.05491925547967882
0.43450981034425545,0.5238279165254126,0.041662273130332286
0.430451012136977,0.5278899015335763,0.04165908632944689
0.4393139396405546,0.5249281383833583,0.03575792197608714
0.42167449154330594,0.5420804923256936,0.03624501613100046
0.42546261585363254,0.5327233123339369,0.041814071812430395
0.47278201759222516,0.48505735539438055,0.04216062701339439
0.49557222302813664,0.46172223766284787,0.04270553930901543
0.48203292767466316,0.4793940037073862,0.038573068617950686
0.505290869425619,0.45487788438390914,0.03983124619047202
0.44394527108782467,0.5143193180290968,0.041735410883078354
0.44378650593745544,0.4993347784564951,0.05687871560604928
0.4620726518316499,0.4955842449683258,0.04234310320002426
0.46329763029680415,0.49615354344738954,0.040548826255806074
0.44876814184282143,0.510089731142233,0.041142127014945476
0.48762245366719636,0.47159546839695055,0.0407820779358533
0.42861996312609374,0.5294629200609762,0.0419171168129303
0.4571581783416638,0.5011312713931041,0.04171055026523204
0.4261994653085822,0.5320328513491083,0.04176768334230922
0.4288700629889895,0.5295799797001698,0.0415499573108407
0.43211582786057795,0.5260652548859182,0.04181891725350401
0.4422260572061114,0.5145526666872186,0.04322127610667024
0.4220276041640589,0.5367673034256203,0.041205092410320804
0.4320258779157976,0.5286734436923356,0.03930067839186684
0.419328898566076,0.5389265915615333,0.041744509872390534
0.4680482600965917,0.4905376653706286,0.041414074532779725
0.5451572192251084,0.4137152026462343,0.04112757812865732
0.46739689287887565,0.4908233128298009,0.041779794291323495
0.5634199523094101,0.39350466145876456,0.04307538623182521
0.43472713029123633,0.5233779874809259,0.0418948822278377
0.42155356777218644,0.5384122184600633,0.040034213767750265
0.5428006093452615,0.41651064340528715,0.0406887472494512
0.5290435786699459,0.43353167119859204,0.03742475013146186
0.43314626042956483,0.5261268642629221,0.0407268753075131
0.4416448967038285,0.5201594758165754,0.03819562747959601
0.4208267098869537,0.5378667885100921,0.04130650160295411
0.4548685414354784,0.503233493640091,0.04189796492443065
0.4978173232031015,0.45990960745675924,0.0422730693401395
0.4514840035683676,0.5070361023427985,0.04147989408883402
0.46341667564089795,0.4964371788048065,0.04014614555429543
0.41932059824210743,0.537368745613675,0.04331065614421743
0.44913963449355987,0.5113617864599919,0.039498579046448434
0.4153801189663861,0.5427207444040141,0.04189913662959965
0.4172282823014641,0.5420762619106918,0.040695455787844045
0.4588160614935812,0.5035796554540922,0.03760428305232668
0.4234938644608012,0.535891222617219,0.04061491292197975
0.4818728045928817,0.4763958501656354,0.041731345241482684
0.4912493885457033,0.4678132957797767,0.04093731567451983
0.4190532561939144,0.5329073346685055,0.04803940913758053
0.4458022761763319,0.5197048721532078,0.034492851670460414
0.41831475805451845,0.5394730500333785,0.04221219191210282
0.41689207062655104,0.5408178236523391,0.04229010572110999
0.481274833582207,0.4944918342743525,0.024233332143440346
0.44511098983785413,0.5307245653911954,0.024164444770950522
0.427196344857552,0.5339317300718377,0.03887192507061021
0.4587940650620096,0.5063729518062792,0.034832983131711154
0.5418036516731407,0.41146988389053724,0.04672646443632201
0.46111595093936636,0.49649516722379416,0.042388881836839386
0.4527460678340515,0.5054942157287131,0.04175971643723562
0.4431142027556188,0.5162206713885212,0.04066512585585982
0.4076631287655888,0.5501164293287726,0.04222044190563869
0.44584683519279505,0.5122770815255246,0.041876083281680326
0.5006686527747165,0.45790944364919617,0.04142190357608725
0.46973036063405693,0.4848592994336697,0.04541033993227311
0.4434338143646606,0.5154116082919965,0.041154577343342914
0.41925722006144617,0.5379829900991908,0.04275978983936281
0.45424857503220223,0.4016016725209466,0.1441497524468513
0.4556358242021599,0.5046089906460149,0.03975518515182501
0.4510217658820277,0.5075291231605669,0.04144911095740523
0.45389377129219294,0.5038391116838649,0.042267117023942265
0.42088977125902927,0.540725067168999,0.0383851615719715
0.4593189383402217,0.4945418890553083,0.04613917260446998
0.42151612477187506,0.5365653144265662,0.04191856080155869
0.4976957445154521,0.46662737784739766,0.03567687763715013
0.5368911270521893,0.4307439806213584,0.032364892326452156
0.45022190572880416,0.5080608929078113,0.04171720136338452
0.4197964902372813,0.5383482837465998,0.041855226016118935
0.44110629731919565,0.5182896546814575,0.04060404799934692
0.4789548423565846,0.480430434862046,0.04061472278136938
0.40886133803426017,0.565767172209301,0.02537148975643882
0.48851927971214587,0.4709879562273787,0.040492764060475465
0.41342209430308474,0.5471047174891626,0.039473188207752606
0.43179935856504364,0.5275254374263988,0.04067520400855768
0.44171938532547445,0.5207420112188182,0.03753860345570734
0.42949460742586726,0.5307488333588952,0.0397565592152371
0.5052342355801492,0.4521176969180635,0.04264806750178717
0.4841375495268284,0.4748673035337022,0.040995146939469394
0.442387980799612,0.5163670756916556,0.041244943508732056
0.45852238757227604,0.4994004348241811,0.04207717760354277
0.4907326338128057,0.46775649890288656,0.04151086728430784
0.4237958385708522,0.5375883045379536,0.03861585689119419
0.4571912480275395,0.5034576250112492,0.03935112696121098
0.46003354136801394,0.49928464650605947,0.04068181212592678
0.4635806598403657,0.4953223671335124,0.04109697302612166
0.5521204681428288,0.4057782051683859,0.042101326688785225
0.44474106434049,0.517569509615165,0.03768942604434494
0.4167607362713534,0.5490361690928095,0.03420309463583693
0.42122394719407097,0.5375350702844083,0.04124098252152071
0.4244857763037184,0.5332062545078116,0.04230796918847015
0.4427946865455832,0.5166916276634971,0.040513685790919546
0.4398865233429224,0.5168953718317661,0.043218104825311326
0.4988687590782596,0.45914576363838144,0.04198547728335908
0.5408685656216864,0.4181240567223208,0.04100737765599289
0.4975724284835311,0.4600884602174459,0.042339111299022715
0.41869371425282725,0.5417697141041091,0.0395365716430637
0.4751557426147509,0.48432163603202255,0.04052262135322672
0.4658560667587545,0.49600542274967896,0.038138510491566524
0.5060170435076998,0.4538387906314927,0.040144165860807664
0.41306905432053365,0.5424087636899426,0.04452218198952353
0.4396719663813928,0.518153282510041,0.042174751108566146
0.41539446958330234,0.5436355993541243,0.04096993106257323
0.4205729265874272,0.5373772314627387,0.04204984194983438
0.42800855127177734,0.5361434851229134,0.03584796360530911
0.4390517670975375,0.5309060666380208,0.030042166264441686
0.4286972773464412,0.5292674105795169,0.04203531207404192
0.4316958546413471,0.5317068017465506,0.036597343612102234
0.4752704638137344,0.48418224716956343,0.040547289016702355
0.45488351879158573,0.5049181901160704,0.04019829109234359
0.42023277292691846,0.5383664780320533,0.041400749041027966
0.4241167110249311,0.5379004880725466,0.03798280090252219
0.4777225918457745,0.4826636287187402,0.03961377943548548
0.45981107923009723,0.49812177907974275,0.042067141690160216
0.44179808054690795,0.5164896212468943,0.04171229820619772
0.4290616040437203,0.5289550146210165,0.04198338133526321
0.48606941656406777,0.4743939394610598,0.03953664397487257
0.44832104514390986,0.5095169493068167,0.0421620055492734
0.4430291149202712,0.5148446433286701,0.04212624175105855
0.4445916726801819,0.5131765930114356,0.04223173430838264
0.44956437647240455,0.5087260867150302,0.04170953681256545
0.45901380008511106,0.5008677251312128,0.040118474783676104
0.42790740733737276,0.5303327388365286,0.04175985382609849
0.450130930850314,0.5085325126560476,0.04133655649363848
0.5401106936270514,0.41967152932202195,0.04021777705092674
0.5539982335292509,0.3847269715155298,0.06127479495521939
0.43942591846541973,0.5349019985188294,0.025672083015750895
0.47508138392156635,0.48378027819268166,0.04113833788575206
0.4938915239739582,0.47400510563945253,0.03210337038658933
0.41737070982037194,0.5421168347031796,0.04051245547644836
0.45427175505907375,0.5051998668568891,0.04052837808403727
0.4338675396630944,0.5247906162566247,0.04134184408028124
0.4596419718211581,0.4995771325604703,0.04078089561837139
0.4426056621891973,0.5152696469403517,0.042124690870451245
0.48992045451028177,0.4733974064403126,0.03668213904940552
0.4944843175615944,0.46620185455062807,0.03931382788777754
0.4298179536741551,0.5309807581111221,0.03920128821472278
0.4214887108782028,0.5360004348649119,0.04251085425688509
0.49035173427245304,0.47167189276846877,0.03797637295907817
0.5118978857821872,0.46092109190831676,0.02718102230949613
0.4670502178231395,0.4310293120801777,0.10192047009668304
0.46898170859890564,0.4912041237617302,0.03981416763936426
0.4310448854150679,0.5283028888335122,0.04065222575141974
0.43124494007992165,0.5264149879743338,0.04234007194574467
0.4836644181703147,0.4758145967775041,0.040520985052181276
0.41917641838964126,0.5424286115993402,0.03839497001101873
0.4366115617949715,0.5217735686994274,0.04161486950560096
0.42938612374803437,0.5317341048000314,0.03887977145193428
0.44303222010594323,0.5223804522277906,0.0345873276662661
0.4481077819367039,0.5108362588804001,0.04105595918289584
0.42215887650478023,0.5375681595250275,0.04027296397019252
0.46423520826193854,0.49401624648497133,0.04174854525309012
0.4616370686779265,0.4960296132063982,0.04233331811567544
0.5613671372638264,0.396995685846118,0.041637176890055465
0.42823556882795183,0.5338226210398704,0.03794181013217775
0.42201370125917786,0.5368921444913226,0.04109415424949941
0.43588889519846447,0.5108646118549424,0.053246492946593255
0.4386174660743164,0.5199821235303925,0.04140041039529106
0.47509863952781206,0.4844323350363688,0.040469025435819234
0.4363411272861608,0.526760448198674,0.03689842451516516
0.5447756573851893,0.4147005892233755,0.04052375339143513
0.4007838192615917,0.5567266883838115,0.042489492354596904
0.4799775728024314,0.4836247799851852,0.03639764721238329
0.4360362746689274,0.5234263662237488,0.04053735910732388
0.4450296102083211,0.51254016792526,0.04243022186641881
0.48006367732211713,0.47590629135412243,0.04403003132376034
0.4255989787878603,0.5352422764947541,0.03915874471738575
0.4798284386010382,0.4508278153536894,0.06934374604527235
0.5138054741996803,0.44552635290717113,0.040668172893148564
0.43273486813631123,0.527007233954535,0.04025789790915378
0.4162544962758662,0.5416587552041509,0.04208674851998281
0.4444164508899624,0.5216835202267807,0.0339000288832568
0.42429038474991276,0.5352920740799438,0.04041754117014343
0.43065071173041436,0.5156301887219968,0.053719099547588814
0.420691406046614,0.5411780961958836,0.038130497757502387
0.45255525932510343,0.5053533393091136,0.04209140136578295
0.4650491683373528,0.495842662990532,0.03910816867211518
0.4911263457828673,0.4688291510681797,0.04004450314895289
0.4109539013263509,0.5540195161520061,0.03502658252164323
0.42543959057614517,0.5346080777425625,0.039952331681292204
0.42367670940033314,0.5357627381381663,0.040560552461500296
0.4157383277989582,0.5413682224228215,0.042893449778220426
0.3961069860161171,0.5523411393069004,0.05155187467698233
0.4401203507489231,0.5188508068500174,0.0410288424010596
0.41725745463505115,0.5414017404091042,0.04134080495584458
0.4681691181093979,0.48972228010353575,0.042108601787066366
0.42750291001419133,0.5325410192214357,0.03995607076437307
0.41929611478202217,0.5517776647350874,0.028926220482890536
0.4249590104031922,0.5335455801225281,0.041495409474279696
0.5345093107010046,0.42524510184115166,0.04024558745784371
0.4476034793183346,0.48899696350444893,0.06339955717721639
0.41947317980958143,0.5370539531510895,0.04347286703932895
0.4197773016365049,0.5383600213419277,0.0418626770215674
0.4413909324045019,0.5181077263396471,0.04050134125585106
0.4715641018760398,0.4883740240321797,0.04006187409178044
0.4382385346958933,0.5224739352632595,0.03928753004084713
0.4608435977260014,0.5003890355153741,0.03876736675862444
0.4267136535350338,0.5319948379583489,0.04129150850661746
0.39944653388202345,0.5405907572097376,0.059962708908239015
0.49988442028530594,0.46066893241492746,0.03944664729976682
0.43559268628917625,0.5230410390443192,0.041366274666504645
0.4199342027966308,0.540228429427336,0.0398373677760331
0.417164225391374,0.5416278808812863,0.04120789372733971
0.4325507641436271,0.5255159251390518,0.041933310717321266
0.44641065005116976,0.5110458676756601,0.04254348227317006
0.4805444592428659,0.4806814117543739,0.03877412900276004
0.40449756532202336,0.5130053270921396,0.08249710758583668
0.43306227062092284,0.5283149222887913,0.038622807090285934
0.47177330727668076,0.4866601498438134,0.04156654287950556
0.42081539097239834,0.5373193182689863,0.04186529075861544
0.4731109806188486,0.48518487520902615,0.041704144172125285
0.46985693732570927,0.4905183994543421,0.039624663219948876
0.4083036352206887,0.5400434915412315,0.05165287323807978
0.4359341915666311,0.5237963408717243,0.04026946756164461
0.4149995906461714,0.5437550516423574,0.0412453577114714
0.45979111577326115,0.4998693502270219,0.04033953399971699
0.44359104370705604,0.5162819318234964,0.04012702446944733
0.4246972145442788,0.5336997680366329,0.04160301741908825
0.5178910379653501,0.4441682427267976,0.03794071930785235
0.5584519709681465,0.4029753190983045,0.03857270993354895
0.41790544756648806,0.5490282610896404,0.033066291343871436
0.4217165714165608,0.5406219750208436,0.03766145356259547
0.450670801219535,0.5072158301380693,0.04211336864239577
0.43268268854878134,0.5254072473057251,0.04191006414549367
0.4191105642283809,0.5392479468745405,0.041641488897079
0.47511739787898905,0.48844053698384204,0.036442065137168966
0.43640141906462626,0.523772816811118,0.03982576412425567
0.43382366453655163,0.5249181016809764,0.04125823378247167
0.4560136577027171,0.5017763071401885,0.042210035157094206
0.4449806792839884,0.5152875978235008,0.03973172289251079
0.44945641660333346,0.5093756256083759,0.04116795778829054
0.4536286479123838,0.504934239634804,0.04143711245281221
0.42490408817431147,0.5317029388295985,0.04339297299609
0.4328320059549953,0.5263904228353077,0.04077757120969687
0.4258348387633611,0.5346630994996254,0.03950206173701373
0.5321007240450109,0.43092284727635743,0.03697642867863175
0.42614005494431106,0.5332954593677172,0.04056448568797176
0.4295350961077855,0.5287817731181328,0.04168313077408149
0.4297292637609406,0.5290751065213115,0.04119562971774796
0.5124324161723327,0.4477058078180842,0.039861776009583
0.48817887462432424,0.46942987208318904,0.04239125329248682
0.505237845661445,0.45197607486696795,0.042786079471587087
0.439672611976717,0.5186810494685162,0.04164633855476662
0.48997317677930957,0.4657996950355172,0.04422712818517328
0.4461794288340668,0.5118325589171946,0.04198801224873848
0.5303197658156046,0.4277441701992855,0.041936063985109864
0.4326944892836434,0.5267626561005561,0.04054285461580046
0.5447141839842562,0.4133274301117291,0.04195838590401465
0.45875778803666956,0.5009618783850632,0.04028033357826692
0.41784866282872324,0.539841034171613,0.04231030299966355
0.4414925724032982,0.5225209429795776,0.03598648461712409
0.43652085674992447,0.5222273419780353,0.04125180127204023
0.47018423719021296,0.48814917872479524,0.04166658408499173
0.5024314945499576,0.45568445932220963,0.041884046127832926
0.4423525337296665,0.5156162533813804,0.042031212888952986
0.4176610986028628,0.5459123094797416,0.036426591917395806
0.42057370679055434,0.5377894944963202,0.04163679871312541
0.44230076934464824,0.5152687186499709,0.0424305120053811
0.4202802123484847,0.5396842267369663,0.04003556091454889
0.5240869644881395,0.43797596599378336,0.037937069518077245
0.4517789012174921,0.4958278823703277,0.052393216412180095
0.523524490828456,0.43673240579861283,0.039743103372930966
0.4335603957358211,0.5266021270246637,0.03983747723951503
0.43612667996948395,0.5226898400321128,0.0411834799984033
0.4259924524876759,0.5324783688106466,0.041529178701677584
0.42005645607878245,0.5386686284429185,0.04127491547829919
0.4221416738126923,0.5375529380700452,0.0403053881172625
0.44219606802212486,0.5154658483159901,0.042338083661884865
0.41974066752213396,0.5433754268140335,0.03688390566383224
0.42306918825115725,0.5358056431863727,0.04112516856247004
0.46023283629020295,0.495531698282912,0.04423546542688498
0.5104238057533415,0.4473639466406207,0.04221224760603783
0.41640582584810465,0.5429194441143768,0.04067473003751889
0.47082089268704497,0.4879784370029832,0.04120067030997203
0.4598704511405374,0.4985653572947814,0.041564191564681205
0.47957343699519184,0.4781006818442272,0.04232588116058089
0.4245189081755412,0.5376149028818927,0.037866188942565944
0.5163963594150381,0.443194881249837,0.04040875933512483
0.42970283396982417,0.529866443263955,0.040430722766220714
0.464232254141186,0.49402172477046813,0.04174602108834598
0.41889417659241734,0.5400834185425769,0.04102240486500543
0.4489644091024557,0.5050886609369152,0.045946929960629074
0.575810848759163,0.3777141120528412,0.04647503918799555
0.5755708489276845,0.392495333776969,0.03193381729534633
0.46719948119740823,0.492783591620248,0.04001692718234386
0.4451761866184005,0.5127417909518739,0.042082022429725516
0.4579167353217324,0.5012336342862207,0.04084963039204694
0.42433110843063276,0.5345328838628786,0.04113600770648883
0.4258411403727995,0.532253739042063,0.041905120585137595
0.4706880028837072,0.4874116163386259,0.041900380777666744
0.446731642474463,0.5182894315598046,0.03497892596573263
0.4695850749937061,0.49106229731514184,0.03935262769115206
0.4437032714148742,0.512197380876923,0.044099347708202716
0.4634348213815277,0.5004808049321169,0.03608437368635553
0.4172221275670369,0.5410252152564335,0.04175265717652942
0.47115995118349013,0.4875911126705013,0.0412489361460089
0.43052832641439137,0.5279774610026521,0.04149421258295645
0.4134647410341693,0.5479297903651545,0.038605468600676214
0.43299765685789104,0.529573249455542,0.03742909368656703
0.5599161148475316,0.3997868663978553,0.040297018754613154
0.4129207619127164,0.549097372025938,0.03798186606134543
0.4108928466422069,0.5530883503598854,0.03601880299790759
0.47892466752665375,0.4811466477195304,0.03992868475381599
0.4275079616409748,0.5312827057071797,0.041209332651845426
0.43152110635711144,0.5328250170718044,0.03565387657108426
0.4187618764502937,0.5394515720430134,0.041786551506692894
0.4627493390780342,0.49654011416278104,0.04071054675918467
0.4629267730588043,0.4951747008259429,0.041898526115252896
0.4168225348733323,0.5452117735634718,0.03796569156319564
0.4656308257362536,0.4937793230590052,0.04058985120474121
0.41806566117267574,0.5401356033156698,0.041798735511654514
0.4571810217710493,0.5018598812128313,0.040959097016119446
0.4612691765116789,0.49644168635484265,0.04228913713347842
0.43169270044114516,0.5264296017669727,0.04187769779188219
0.4353390769927415,0.523889187251326,0.0407717357559326
0.4635779987388412,0.49652911205064804,0.03989288921051053
0.4693126477211237,0.4912607902756319,0.03942656200324429
0.42045033081329203,0.5417236128064276,0.037826056380280304
0.5501870458617558,0.40809380948579516,0.04171914465244896
0.4242585258968841,0.539629257030814,0.0361122170723021
0.46633429088200534,0.49279829545767734,0.04086741366031712
0.448006717390045,0.5103725977708035,0.04162068483915171
0.4281589449256703,0.5396657488212918,0.032175306253037786
0.40995437821424524,0.5585837113408323,0.03146191044492232
0.479957368685941,0.47850230878528366,0.04154032252877511
0.4344003537440349,0.5305060497151829,0.03509359654078216
0.42785297006480405,0.5313025697133915,0.040844460221804144
0.464026643591557,0.49368113176536854,0.04229222464307454
0.4649849613843899,0.4945705646920716,0.04044447392353842
0.4557816793322575,0.5040424062506321,0.040175914417110666
0.07915858836237803,0.27450234805879525,0.6463390635788271
0.41638985229439174,0.5457118744748438,0.03789827323076457
0.5506922909385059,0.41499946312888186,0.03430824593261233
0.5313567782797816,0.4205186120642107,0.04812460965600769
0.4747521726074821,0.4851194496860355,0.04012837770648233
0.48392028953475963,0.4740943223199543,0.04198538814528615
0.4785203240325382,0.4793581474358115,0.042121528531650326
0.4161314588415429,0.5420763604668152,0.04179218069164169
0.4921896545671381,0.46583381759923614,0.041976527833625814
0.4428612385446733,0.5151961317245681,0.04194262973075864
0.4590899412137101,0.49751495214482333,0.043395106641466584
0.49203363624821334,0.46622343076201805,0.04174293298976886
0.5050203401009307,0.46491651455804783,0.030063145341021592
0.47915354740676375,0.48845600418873747,0.03239044840449875
0.45625069628337295,0.5036612781256755,0.04008802559095155
0.44602619970816304,0.5154221865816174,0.03855161371021937
0.5404788203147093,0.4136366300274083,0.045884549657882565
0.4407559008483582,0.5178146203852922,0.04142947876634967
0.45078089260791177,0.5074820632608071,0.04173704413128084
0.44060315911877407,0.5214898592403127,0.037906981640913356
0.4698626054183971,0.48940517056152794,0.04073222402007483
0.5235924236819176,0.43416018772365383,0.04224738859442868
0.4164718636078048,0.5435169469167542,0.04001118947544084
0.45459206982851513,0.5034110568444511,0.04199687332703376
0.42328914658828865,0.5352551282170485,0.04145572519466281
0.4267382267499607,0.5319422209998762,0.041319552250163226
0.48109712564196044,0.4774254478204592,0.04147742653758052
0.4417490234884021,0.516923205823963,0.04132777068763482
0.44289251121429496,0.5159302956396609,0.04117719314604417
0.4300794810513297,0.5332927888137575,0.03662773013491279
0.4192077734032152,0.5389332961339143,0.0418589304628706
0.4802064060761303,0.4776876351275625,0.04210595879630701
0.4163146000531321,0.5434520707784897,0.04023332916837809
0.4194421642083718,0.5384728840386422,0.04208495175298576
0.43373736100755705,0.5260148621273215,0.04024777686512153
0.5166548818717762,0.444263571618959,0.03908154650926465
0.44847143326227146,0.5098803521113875,0.041648214626340864
0.45419141033169996,0.5021806158462684,0.043627973822031665
0.4218131822335963,0.5375680552767529,0.0406187624896506
0.44895903815314414,0.5116782855861443,0.0393626762607117
0.4491190273029961,0.5070722895731087,0.04380868312389527
0.5545157177308767,0.40700277839524024,0.03848150387388286
0.5218724430790262,0.4374096526770271,0.040717904243946515
0.41680016932513203,0.541951355519912,0.041248475154955784
0.43532300707320837,0.5224811136590661,0.04219587926772569
0.4167673172421613,0.5416768466002928,0.04155583615754596
0.4466584730948548,0.5130643025616572,0.04027722434348801
0.4395882764409937,0.47148830471063635,0.08892341884837023
0.5592043349107692,0.4103871492342085,0.030408515855022494
0.4875256141147189,0.47001099150341663,0.0424633943818641
0.42370692780172386,0.5356112161563004,0.04068185604197594
0.5010305917060532,0.46005022890280123,0.038919179391145566
0.4312466480132233,0.5276108390681372,0.041142512918639344
0.5008989252748506,0.46286461070583235,0.03623646401931739
0.4478370952649788,0.5075241398036089,0.04463876493141238
0.5048141318871536,0.4534860133687053,0.04169985474414093
0.45623573268673173,0.5047821001029558,0.03898216721031251
0.5294752839792518,0.4372999064773715,0.03322480954337677
0.5117622206876756,0.44819670734907835,0.040041071963246036
0.5259711404238341,0.4321135314567611,0.04191532811940461
0.47592504480001135,0.4817219736152255,0.0423529815847631
0.4630534406494416,0.4952352887013779,0.04171127064918034
0.4377879122115889,0.5234993837901878,0.03871270399822356
0.4384075136920337,0.5029822631411979,0.05861022316676842
0.47363494845302045,0.4833308006055783,0.043034250941401314
0.4283380717077871,0.5326077199618147,0.03905420833039821
0.49585234595086863,0.4653684784634101,0.0387791755857214
0.40915605358083157,0.5473902981607368,0.04345364825843188
0.5033774322192573,0.45431341134131037,0.0423091564394321
0.4243783640426317,0.5358785690328268,0.0397430669245416
0.45986816966394767,0.49827610424071167,0.04185572609534066
0.44952621887261995,0.5090250519479327,0.04144872917944757
0.4870081007994394,0.47125315906283566,0.04173874013772484
0.43284143489214283,0.5319433660253654,0.035215199082491704
0.42919841634644607,0.5296624110605226,0.04113917259303125
0.48468324211510166,0.47118418619633134,0.04413257168856686
0.43474149584708044,0.5252905652500635,0.03996793890285609
0.4142371214200739,0.5425833324019196,0.04317954617800649
0.488547682364155,0.4701310551560216,0.04132126247982336
0.4503718003611676,0.5094012493249158,0.04022695031391638
0.42701690357109195,0.5316169752249362,0.041366121203971686
0.4289353616713475,0.5299126323474351,0.04115200598121764
0.43509934565309943,0.5237236037721175,0.041177050574782936
0.47517022804864406,0.48280460877792614,0.04202516317342978
0.46810449385676556,0.4902929476726687,0.04160255847056581
0.44484653192498186,0.5172727054730039,0.03788076260201432
0.41679493515970595,0.5372341154132577,0.04597094942703629
0.5311182010797311,0.4281295427193374,0.04075225620093136
0.4529827541458121,0.5121391417569446,0.034878104097243214
0.42657414712422276,0.5320697769493887,0.04135607592638839
0.43384761148330964,0.5298210243383071,0.03633136417838303
0.536162855330241,0.3569792065149498,0.10685793815480926
0.4235563621134323,0.5369047109697146,0.03953892691685321
0.4532468311313782,0.5060576611707396,0.040695507697882244
0.43823233646768445,0.5208548147275344,0.04091284880478094
0.44619957481592043,0.5141888859593344,0.03961153922474519
0.43947902107622694,0.5186917960925113,0.04182918283126183
0.4281191117484551,0.530599825338664,0.04128106291288093
0.4668111524976666,0.4919462219208232,0.04124262558151013
0.4522018821172181,0.5078091358084027,0.03998898207437917
0.4823542390773352,0.4699349653521123,0.04771079557055245
0.43709033131993363,0.498982480203288,0.0639271884767781
0.44912879219469115,0.5096442026874919,0.04122700511781697
0.4260341087290859,0.5361274198485526,0.03783847142236115
0.4524371186528339,0.5065459729166476,0.04101690843051841
0.5304762680352939,0.427827346287974,0.041696385676732194
0.41946887491020685,0.5389883698337289,0.04154275525606411
