0,1,2
0.44929558064791103,0.50259450503118,0.04810991432090982
0.46666604628384256,0.49680860540667693,0.036525348309480905
0.4671582937922801,0.4970980657354805,0.035743640472239886
0.4661816863896709,0.4967979889919579,0.03702032461837144
0.44615195899240334,0.5037627977442765,0.05008524326331997
0.457369384386277,0.4995451190425699,0.04308549657115326
0.4664653793557219,0.4986671260487223,0.03486749459555596
0.4671052227828803,0.4970092902850559,0.03588548693206398
0.46718740307150003,0.4973512712153671,0.03546132571313265
0.4671811049657756,0.49717122424353805,0.03564767079068665
0.46704656440502784,0.49778470333080216,0.03516873226416947
0.46469009542247347,0.5005937701722114,0.034716134405315124
0.46163623364491985,0.4980001806809259,0.040363585674154254
0.4671433050832901,0.4970666762180319,0.03579001869867763
0.46224403490122074,0.4977951097291713,0.0399608553696082
0.46708540033952156,0.4969866184957648,0.035927981164713886
0.4630656056912885,0.4975291206302199,0.03940527367849172
0.467143319905693,0.49754784038722444,0.03530883970708229
0.4635841500160648,0.5016468200528931,0.034769029931042285
0.4635005789430721,0.4973950442645966,0.039104376792331114
0.44841121399276823,0.5139109243046429,0.037677861702589424
0.4618876727509864,0.5031714560133242,0.034940871235689064
0.44771295290716945,0.503185359031961,0.049101688060870015
0.4529720054226349,0.5012070350165917,0.0458209595607731
0.46689482401501686,0.4980595099664997,0.0350456660184835
0.45709872272985685,0.49964652040661633,0.04325475686352668
0.4410733687469145,0.5055958927901358,0.05333073846294968
0.45717263848366974,0.5071184159444855,0.03570894557184568
0.467110770668553,0.4970163367921251,0.03587289253932181
0.4652635715712796,0.49693252574761293,0.03780390268110777
0.4557586071546621,0.5001512028693468,0.044090189975991304
0.4560567701968653,0.5000386103986129,0.04390461940452143
0.46376417611551474,0.49731663952906086,0.03891918435542408
0.45747809618886864,0.49950445454272224,0.04301744926840959
0.4669611702988757,0.49794690610477815,0.03509192359634614
0.46719140314620494,0.4972590575426041,0.035549539311190606
0.45400901038647073,0.5096311521211588,0.036359837492370074
0.43272955676748,0.5084201249571001,0.05885031827542083
0.4631079102651555,0.497515849157454,0.039376240577390725
0.463926451541455,0.4972695993406425,0.038803949117902595
0.4650511232160147,0.5002340021487202,0.034714874635265396
0.4671051464309952,0.49700919568809315,0.03588565788091135
0.4282431276216874,0.5098274416353021,0.06192943074301063
0.44409413428263594,0.5045145802166714,0.051391285500691795
0.349502407218469,0.5184805323020246,0.13201706047950612
0.46537193916701564,0.4969108047187296,0.037717256114254416
0.46710423763744735,0.49700807450182377,0.03588768786072904
0.4669662051999425,0.49793796886007774,0.035095825939979966
0.46002257381904627,0.498568114982532,0.041409311198421374
0.4496281887474056,0.502469727669247,0.04790208358334756
0.46343113063456565,0.49741607930862414,0.03915279005681031
0.4660382680747954,0.49680959391824675,0.03715213800695832
0.4611659264078719,0.49816263577309355,0.04067143781903447
0.45568901429143027,0.5083070025482138,0.03600398316035565
0.4553620404815686,0.5003011508850319,0.044336808633399734
0.465829569756142,0.4994149235761248,0.03475550666773318
0.45745938434045563,0.4995114511318119,0.0430291645277324
0.4582367045194586,0.5062530193461879,0.035510276134353834
0.46307949707928114,0.5021095301495514,0.03481097277116767
0.46487758170959936,0.4970182523200087,0.038104165970392005
0.4666563469080942,0.49841441704753886,0.03492923604436694
0.4648827115893474,0.4970170376508544,0.03810025075979787
0.42651451067319907,0.5103473079920446,0.06313818133475617
0.4557904432244192,0.5001391743514005,0.044070382424180564
0.4651822469403086,0.5001006971549611,0.034717055904730516
0.435483464456236,0.5075164237466722,0.0570001117970924
0.46606488733228807,0.4968070844308831,0.03712802823682908
0.46675247931567104,0.4968236880806713,0.036423832603657835
0.4671830516723334,0.49718088768744223,0.03563606064022398
0.4625767172292515,0.49768564856618985,0.03973763420455874
0.4469584960318104,0.5034651611518249,0.049576342816365
0.4664237762670298,0.49871980051705067,0.03485642321591976
0.4669811550466589,0.49690585119382213,0.03611299375951869
0.4657287458928905,0.49952541110931614,0.03474584299779312
0.4638414772228448,0.49729410810058133,0.03886441467657399
0.4655971065200554,0.49966736013947893,0.03473553334046552
0.46278345166409135,0.4976187815398504,0.03959776679605798
0.45969096976020596,0.5050494204723537,0.03525960976744078
0.46405582750923907,0.4972328327276383,0.03871133976312281
0.4671346577755265,0.4975739232102665,0.03529141901420712
0.4568601034162218,0.4997360893312958,0.043403807252482454
0.46616364153085427,0.49903524801324495,0.034801110455901035
0.42982438179455,0.5093408636387557,0.06083475456669378
0.46433301739085,0.4971564996495504,0.0385104829596001
0.46711603011588226,0.49762525474910135,0.03525871513501621
0.4494092004304361,0.5025519023719696,0.04803889719759463
0.46627454249402256,0.49890338178569715,0.03482207572028002
0.46309240416410397,0.5020978061692686,0.03480978966662774
0.46552081897225717,0.49974854237943955,0.03473063864830331
0.4671787200362856,0.49740967575702105,0.035411604206693585
0.4627747220433917,0.4976215858570071,0.039603692099601295
0.4670411313391568,0.49779584693139606,0.035163021729447
0.4357071188124481,0.5074417532717534,0.05685112791579922
0.4662222409901654,0.4989660029753282,0.034811756034506654
0.46719017899468035,0.4973203889518766,0.03548943205344323
0.4641105143641617,0.5011533824479708,0.03473610318786703
0.46703778184517786,0.49694360658676784,0.03601861156805407
0.4600306382883326,0.5047642812920142,0.03520508041965249
0.46717252516389907,0.49713767477893034,0.03568980005717096
0.4660546494286621,0.49916172875041026,0.03478362182092732
0.467030815031586,0.49693831332143934,0.036030871646974535
0.45627817575447605,0.499955100731963,0.043766723513560854
0.44771098573132884,0.5031860902478418,0.04910292402082955
0.45186347687666056,0.5016269197346492,0.04650960338869017
0.46691789353186186,0.49687444198728403,0.036207664480854405
0.46182384128580084,0.4979362466132022,0.040239912100997186
0.4595625424517148,0.49873456714014835,0.04170289040813686
0.45358732899186804,0.5009737167161464,0.045438954291985856
0.45978803204734,0.49865277777563705,0.041559190177022705
0.4464332217374783,0.5036591834797751,0.04990759478274637
0.4591105436985504,0.4988995640339198,0.041989892267530124
0.46237128955834395,0.49775298400096796,0.03987572644068769
0.463226285861402,0.4974789672543832,0.03929474688421495
0.4642712065397254,0.497173214028086,0.0385555794321884
0.46705331715541865,0.4969562219931181,0.035990460851463096
0.46585003937555247,0.4968313283304044,0.03731863229404314
0.4455552008923905,0.5039819743729143,0.050462824734695454
0.4603836987783098,0.4984386578891044,0.041177643332585515
0.4664734075739532,0.49865687626009597,0.03486971616595057
0.4665471764637533,0.49679629972085076,0.03665652381539597
0.4645658033774506,0.49709530001402474,0.03833889660852437
0.42969671340310717,0.5093805355022398,0.060922751094653636
0.4595374121597038,0.5051777899392025,0.03528479790109409
0.46719001590394216,0.497322733037228,0.03548725105882999
0.461962851087234,0.49788922693672044,0.04014792197604576
0.45010905990015676,0.5126318405180581,0.03725909958178503
0.4533146584130351,0.5010771184808485,0.045608223106116494
0.4649550022821516,0.5003307758234389,0.034714221894409925
0.46565647147088685,0.4996036508208773,0.034739877708235514
0.45632278872479914,0.4999382847461762,0.04373892652902502
0.4640201935507339,0.49724289112011055,0.038736915329155346
0.4663196088535124,0.49679187901484456,0.03688851213164273
0.44665098340319886,0.5035788286899432,0.0497701879068577
0.46072155004688486,0.5041788517880357,0.03509959816507997
0.4633972950100996,0.5018192176185788,0.034783487371321205
0.4450493255692365,0.5041670424506826,0.05078363198008149
0.4566686100937755,0.5075244232844008,0.03580696662182358
0.4644919282563798,0.5007873359632428,0.03472073578037733
0.4529999809986946,0.5011964295532142,0.04580358944809078
0.46717831161798207,0.4971589816319139,0.035662706750103745
0.4633223048800575,0.4974493367001021,0.03922835841984055
0.46710206325193193,0.49700542704567924,0.035892509702388734
0.4659452904929495,0.49681950025238625,0.03723520925466401
0.46704781998188677,0.49778210764027114,0.0351700723778422
0.4671371850061938,0.49705571664915804,0.03580709834464849
0.42702100401839144,0.5101963029668513,0.06278269301475788
0.4565128933638538,0.4998666736522957,0.043620432983850266
0.4671405773575774,0.49706168277483964,0.03579773986758296
0.45910948822368947,0.5055338510334981,0.03535666074281233
0.4550473590373711,0.5004202649843126,0.04453237597831616
0.4657588844270508,0.4994925535465518,0.034748562026397256
0.46462053167977524,0.5006620074621008,0.03471746085812319
0.46699035824327445,0.49789415859565184,0.03511548316107384
0.4638961406693804,0.5013558367273027,0.034748022603316685
0.4595364442860829,0.4987440570263647,0.041719498687552085
0.46186454665200216,0.5031917052122559,0.03494374813574139
0.46510846595158717,0.5001758954799664,0.034715638568446054
0.4475126883951007,0.5032597553829914,0.04922755622190721
0.4582597774273547,0.4992133138205488,0.04252690875209612
0.44474327219064297,0.5042786731249702,0.0509780546843873
0.46456785007841306,0.4970947749456294,0.03833737497595756
0.4560307818451945,0.5000484184001509,0.04392079975465466
0.46237875855444477,0.4977505210819338,0.03987072036362192
0.46331902005986486,0.49745034599771915,0.039230633942415945
0.4545048156271988,0.5006258218944796,0.044869362478321954
0.4663300002965032,0.4967916522194048,0.03687834748409194
0.46557150763016364,0.49687406578816057,0.037554426581675314
0.46278315438683804,0.4976188770089681,0.03959796860419363
0.46674182928659236,0.49829372597851934,0.03496444473488782
0.4632176704886216,0.5019837347583036,0.034798594753074744
0.46122225609736117,0.49814302555278905,0.04063471834985014
0.46542064788398874,0.4998540467215302,0.0347253053944811
0.46621692786842844,0.4967959128893679,0.03698715924220403
0.4648912432759573,0.4970150215838901,0.03809373514015302
0.45681056656128527,0.4997547022891609,0.04343473114955425
0.4643615193023266,0.49714885536287357,0.03848962533479942
0.4623772472406668,0.49775101935396576,0.03987173340536732
0.466607379042295,0.4968014702364643,0.036591150721240875
0.46495914352273654,0.49699916234028735,0.038041694136976514
0.4655251542178166,0.49688219140981055,0.0375926543723726
0.43141281237884616,0.5088416759762855,0.05974551164486892
0.4539192959471397,0.5008478232644655,0.04523288078839482
0.4671001858672138,0.4970031799374785,0.03589663419530788
0.45896678071759134,0.49895230966451326,0.0420809096178959
0.4671886653156273,0.4972189226880508,0.03559241199632211
0.4626555872363445,0.5024917011383409,0.034852711625314954
0.45390050405307114,0.5008549496368115,0.04524454631011771
0.4626689327020541,0.5024797510064036,0.034851316291541604
0.4629125607541863,0.497577513860648,0.03950992538516608
0.4670962767169612,0.4976746511865999,0.03522907209643895
0.4654295709540121,0.4968997392993616,0.03767068974662628
0.4528230705162914,0.5012634903994447,0.04591343908426365
0.4610161147142367,0.49821497763249456,0.04076890765326864
0.4671592932447859,0.4971004576964799,0.0357402490587339
0.4634928245671125,0.4973973854877677,0.03910978994512008
0.4671733952087413,0.4974363872990213,0.0353902174922377
0.4662975403000495,0.49679247638163276,0.03690998331831754
0.42642646276403795,0.5103734462120953,0.06320009102386687
0.4664902196764696,0.4967931411915506,0.03671663913197949
0.3989313515061569,0.5167851599485223,0.08428348854532046
0.4631445291720666,0.5020504033140347,0.034805067513898454
0.43757576077897087,0.5217611726301912,0.0406630665908385
0.44234315666419527,0.5051447883068754,0.05251205502893011
0.4666183360411866,0.49846637658101833,0.03491528737779522
0.4622736661539943,0.49778527359616437,0.03994106024984187
0.4532570141783869,0.5102172302078557,0.03652575561375754
0.459468373356471,0.4987688313543335,0.04176279528919529
0.46027286916478105,0.4984782659420706,0.041248864893148114
0.45712247219901014,0.4996376142401628,0.0432399135608268
0.4669665278469464,0.49793739396795306,0.03509607818510069
0.46585039915151377,0.49939188917322785,0.03475771167525814
0.4494474171393965,0.5025375676169463,0.04801501524365677
0.4590647427292009,0.49891635491757136,0.04201890235322741
0.4666186445899676,0.4984659585624516,0.03491539684758065
0.46363172547649734,0.501602709345249,0.034765565178253216
0.44071712406452407,0.5057215179735707,0.053561357961906156
0.45338864906538023,0.5101149167367081,0.0364964341979126
0.4654446499377862,0.4998288748735264,0.03472647518868772
0.4671093844720784,0.4976423596542573,0.035248255873664605
0.46652796114550815,0.4985864421270518,0.03488559672744049
0.4594079862792051,0.5052857360080206,0.035306277712774135
0.4670785223284287,0.49697952518841776,0.03594195248315367
0.4632703997935008,0.49746532153715545,0.039264278669343525
0.4671882982759431,0.4973427885440582,0.035468913179998694
0.43586591921761825,0.5073886210458852,0.05674545973649625
0.4666002765543729,0.4984907414543737,0.034908981991253016
0.4574578167413743,0.49951203732832306,0.043030145930302736
0.4569277088599247,0.4997106973744788,0.04336159376559665
0.46526288396401844,0.4969326672027883,0.03780444883319307
0.462985054121768,0.49755451815355617,0.03946042772467633
0.4668307709945562,0.4968433309776642,0.03632589802777962
0.4557345581086825,0.50016029021861,0.04410515167270777
0.4671909856587824,0.4973063345519197,0.03550267978929792
0.4644914024586211,0.49711454610688977,0.03839405143448911
0.3980347003913682,0.516932139480577,0.08503316012805424
0.46085322876728,0.504066383968155,0.03508038726456424
0.45744090454315717,0.49951836207655126,0.04304073338029129
0.4601397278580946,0.498525993017018,0.04133427912488694
0.46658813223566564,0.4985070161054589,0.03490485165887561
0.45158017548201085,0.5017340743233933,0.04668575019459556
0.45786670771363425,0.4993594215142419,0.04277387077212375
0.44653144493857766,0.5036229530823124,0.0498456019791095
0.46590916922249836,0.4968237962177046,0.03726703455979738
0.46355284245703177,0.49737931474291974,0.03906784280004833
0.46719071043182636,0.49731174129791417,0.03549754827025949
0.45978327768584515,0.4986544983949246,0.04156222391922986
0.4667065322274694,0.49834426298818113,0.03494920478434929
0.46357898858378593,0.49737147881162874,0.03904953260458513
0.4640893210235825,0.4972234272090329,0.038687251767384356
0.4494866716835552,0.5025228409392538,0.047990487377190985
0.4572549977497026,0.49958794642297044,0.043157055827326894
0.4612366273759017,0.49813802876968427,0.0406253438544141
0.444921256162543,0.5042137859502551,0.050864957887202404
0.46667403102962235,0.4968097555343008,0.03651621343607699
0.4670367122384411,0.49694278006294945,0.036020507698609545
0.45004835947493055,0.5023118365895032,0.047639803935566646
0.46715088344511474,0.4975234939681042,0.035325622586780805
0.4557747611766759,0.5001450992624948,0.04408013956082936
0.41827802740935366,0.512644491186202,0.06907748140444481
0.45769143483123875,0.5066979453405641,0.035610619828197757
0.4639184016495506,0.49727190917887304,0.03880968917157608
0.4671748614970315,0.49714575020947743,0.03567938829349101
0.46123653479914006,0.49813806094960505,0.04062540425125519
0.4547311632574105,0.5005400400486715,0.04472879669391771
0.4666009619768333,0.49680082117630064,0.03659821684686616
0.4559810147921798,0.5000672036636261,0.04395178154419407
0.4648064319969628,0.49703528620887555,0.03815828179416146
0.4575099604199466,0.49949254277293054,0.0429974968071225
0.4654267142434303,0.49984769096522164,0.03472559479134837
0.46257499019915993,0.5025637650345156,0.034861244766323886
0.45127856454276477,0.5018480646809353,0.046873370776299876
0.4649108081794632,0.49701041778488675,0.038078774035650305
0.4642162582380297,0.5010526878305339,0.034731053931436474
0.45406939547842884,0.509583920294642,0.03634668422692973
0.4620575066897149,0.49785739125343875,0.04008510205684658
0.4506397476161112,0.502089146315692,0.04727110606819674
0.4481418870003816,0.503025721891411,0.048832391108207876
0.4574388502745189,0.49951913038602885,0.043042019339452314
0.46055017018630656,0.49837938124586684,0.04107044856782611
0.46646311954867087,0.49679216762349004,0.036744712827838755
0.46126365739125824,0.49812863769766574,0.04060770491107642
0.461026948350148,0.5039175401130619,0.03505551153678927
0.466066602793757,0.49914799367464785,0.03478540353159477
0.46391813884376215,0.5013351607139411,0.03474670044229708
0.4666423856324285,0.49843361239700523,0.034924001970566484
0.4632722036785317,0.4974647647126997,0.039263031608768734
0.46716926181716634,0.4974548376088401,0.035375900573993854
0.4577746290196367,0.4993937368840192,0.04283163409634407
0.45021222570324476,0.502250183535525,0.04753759076123063
0.4453377391379735,0.5040616135095459,0.050600647352480106
0.46646337115777764,0.49866968553355645,0.034866943308665646
0.4448188882248827,0.5042511166005585,0.05092999517455879
0.46022905270362124,0.4984939556013754,0.04127699169500327
0.4671901597034809,0.49732067237080585,0.035489167925713425
0.4665591156261414,0.4967971672079598,0.0366437171658989
0.44296308996431033,0.5179209668673986,0.03911594316829057
0.4660981395164359,0.4991115999233766,0.03479026056018729
0.45068071864690273,0.5020737000393148,0.04724558131378235
0.4656643264859967,0.4968586085809572,0.03747706493304621
0.4645308609996521,0.4971043006926378,0.03836483830770996
0.44703315808007976,0.5149383009305986,0.0380285409893225
0.46718881689550823,0.4972203570312033,0.03559082607328826
0.46666173749595075,0.49680800350259646,0.03653025900145269
0.46611157565245215,0.4968030613054754,0.037085363042072834
0.3891892479070119,0.5181603124464454,0.09265043964654211
0.4611515486105892,0.4981676474293863,0.040680803960024145
0.4520340700944553,0.5015623599945663,0.046403569910978694
0.44255572871993043,0.5050687735273984,0.052375497752671474
0.4627947143099197,0.4976151660916084,0.039590119598471564
0.45823749113406403,0.49922158043538306,0.042540928430553016
0.4659061124106595,0.4993299034622549,0.034763984127085604
0.45611562725809973,0.5000164020679703,0.0438679706739296
0.46287641415506703,0.49758902779268577,0.039534558052246996
0.461998840053387,0.4978771050089736,0.04012405493763907
0.44676906749791734,0.5151341329176586,0.0380967995844236
0.4643664702106159,0.5009086307407561,0.03472489904862736
0.46534338493233307,0.49691641514591794,0.037740199921748985
0.4645230411990239,0.5007571101549989,0.0347198486459773
0.4671733979769628,0.49714061976492036,0.03568598225811698
0.4646567356863811,0.4970722058897095,0.03827105842390947
0.46471003117904597,0.4970588998802015,0.03823106894075252
0.4429491512167729,0.504927721318982,0.05212312746424591
0.43157844554093067,0.5087890318958875,0.05963252256318098
0.4670306463876641,0.49693818778139814,0.03603116583093737
0.46140617474344364,0.5035906669940803,0.035003158262476866
0.4670120528011545,0.4978533115030543,0.03513463569579134
0.45210471582191,0.5015356174814548,0.04635966669663552
0.4653968385116913,0.4998789515437219,0.03472420994458681
0.46703277908697416,0.49781271178523134,0.035154509127794296
0.44830423330965935,0.5029652002363636,0.04873056645397649
0.4534382168753471,0.5010302641293901,0.04553151899526258
0.4666462288316109,0.4984283415413838,0.03492542962700526
0.4671906459403476,0.4972425630951925,0.03556679096445989
0.4653797589938918,0.49989677774952423,0.034723463256583695
0.4643070149702868,0.5009657974271473,0.034727187602565095
0.4670507093496012,0.4977761042781999,0.035173186372198725
0.45604457669611004,0.5000432120810571,0.04391221122283279
0.46695270006655354,0.4968905819384026,0.03615671799504362
0.4668036701826991,0.49683577794392886,0.03636055187337225
0.46274675324071657,0.4976305822895587,0.0396226644697245
0.4391827207759906,0.5062577555305089,0.05455952369350132
0.4607166133109829,0.5041830624682531,0.03510032422076421
0.4662908391137152,0.4967926882157,0.03691647267058463
0.4478957711008572,0.5031173673197106,0.048986861579431655
0.46141013684388216,0.4980779101090586,0.04051195304705947
0.4579498133484983,0.5064875116104741,0.03556267504102848
0.46594370891645337,0.4968196833183758,0.037236607765170585
0.46365447229894446,0.5015815869826237,0.03476394071843218
0.4659994376997843,0.49681352154072717,0.037187040759488955
0.46605701576712116,0.49915901223528136,0.03478397199759783
0.4645888153865841,0.5006930133655231,0.03471817124789369
0.44664679285163633,0.5035803761038227,0.049772831044540965
0.4637369885756286,0.4973246157383752,0.0389383956859964
0.46584959080520155,0.4968313877522464,0.03731902144255204
0.4668873300456095,0.49807170966847053,0.03504096028592004
0.467185369292209,0.4973678974797966,0.0354467332279944
0.4661279294203322,0.49680177094135775,0.03707029963831049
0.4642181433963893,0.5010508874503362,0.03473096915327386
0.4630919397402241,0.50209822811709,0.03480983214268519
0.44462202827535574,0.5043228247227136,0.05105514700193135
0.46657216408685626,0.49679820206739816,0.03662963384574574
0.46712022802544034,0.49761415569628575,0.03526561627827428
0.4671687704180182,0.49745693005172115,0.035374299530260646
0.43179010875829577,0.5087215967599513,0.059488294481753565
0.4629732787320382,0.49755824460840753,0.03946847665955437
0.4665332208679467,0.4967953789595513,0.03667140017250171
0.4671886990474712,0.49733865123883014,0.03547264971369814
0.4671497143852001,0.4970791926333354,0.03577109298146464
0.45842770319102805,0.4991510974794455,0.04242119932952684
0.44027660569388244,0.5058762812477786,0.0538471130583397
0.464841125350196,0.4970269371851104,0.038131937464693434
0.46363983416705207,0.5015951821362509,0.03476498369669707
0.4671769276378519,0.49741912726538373,0.035403945096764575
0.4643595304211378,0.4971493874736229,0.038491082105239154
0.4538819397322617,0.509730459992472,0.036387600275266926
0.46264501091545573,0.49766345610196194,0.03969153298258254
0.46618369761542244,0.49901165244502366,0.03480464993955365
0.4612796865132542,0.49812307306216624,0.040597240424579434
0.46168896318992364,0.5033450592517329,0.034965977558342735
0.46080850989361444,0.49828794042278235,0.04090354968360356
0.4358209369442986,0.5074036810467975,0.056775382008903995
0.4627660331443751,0.5023926491929567,0.034841317662667765
0.4560165872856741,0.5000537759101653,0.04392963680416061
0.45987830836154614,0.49862013934482746,0.041501552293626114
0.4320275073793261,0.508645748037367,0.059326744583306217
0.4607965076613501,0.49829217319402397,0.04091131914462559
0.4581370980183853,0.5063345351547416,0.03552836682687261
0.46606315690664296,0.4991519564779903,0.03478488661536679
0.44390104510172906,0.5045845211354295,0.05151443376284066
0.43047284812801623,0.5091383206613038,0.06038883121067911
0.45803048207897845,0.49929846794510935,0.042671049975911854
0.4608417387185391,0.49827622991309395,0.040882031368366656
0.46708820618853086,0.49769371727893397,0.03521807653253508
0.46253138015820083,0.49770043547188797,0.03976818436991148
0.46613026636688065,0.4990742838677728,0.034795449765346945
0.4671409627220409,0.49706237723031566,0.03579666004764331
0.4534821838427125,0.5100421459358494,0.03647567022143788
0.46440229633332997,0.5008740872195381,0.034723616447132004
0.4436329775899101,0.5046814418444576,0.051685580565632466
0.4496380360401991,0.5024660305828532,0.047895933376948
0.46134801494365263,0.5036409780314262,0.035011007024920784
0.4550864101783336,0.508784444794908,0.03612914502675832
0.4503056829789767,0.5022150029974238,0.04747931402359923
0.46678786905161973,0.49822609930181744,0.03498603164656235
0.46677036927926446,0.4968276135634068,0.036402017157328805
0.4064329265218381,0.5153967821318515,0.07817029134631101
0.45792303408604246,0.49933844604557703,0.0427385198683804
0.46583947263849357,0.4994039816398408,0.03475654572166575
0.4667389783841538,0.49829784769820135,0.03496317391764476
0.4571688367992931,0.49962023192769167,0.043210931273015576
0.45102924144783385,0.5019422163142513,0.04702854223791488
0.4610690094632149,0.498196466481133,0.040734524055652234
0.46336253418284884,0.5018511447602263,0.0347863210569258
0.45829827711951393,0.5062025746038931,0.03549914827659245
0.45630245677798764,0.499945947993425,0.04375159522858761
0.4671799384562232,0.49716591094332596,0.035654150600450824
0.46599736775339523,0.49922711617882326,0.034775516067781155
0.458674062192211,0.5058937685301763,0.03543216927761194
0.4670639927131776,0.49696562040333914,0.03597038688348311
0.4133990884148458,0.5138591810816173,0.07274173050353672
0.462946456674123,0.4975667456001601,0.039486797725717324
0.46352458667360963,0.49738780788855086,0.0390876054378397
0.44251121064261195,0.5050847045468783,0.05240408481050979
0.4596044111666464,0.5051218208554045,0.035273767977948345
0.4650949952832065,0.5001895715907109,0.03471543312608215
0.4604407823022841,0.4984183018938649,0.041140915803850917
0.45239397771949524,0.5014260793734857,0.046179942907019156
0.4586231490521885,0.4990788528807601,0.04229799806705175
0.4665856735426572,0.49679937200587015,0.03661495445147264
0.46529018476078116,0.4969270852423201,0.03778272999689901
0.4466548050271874,0.5035774174702776,0.049767777502535845
0.45464867432651784,0.5005712984916623,0.04478002718182013
0.4442974190983465,0.5044408309525661,0.05126174994908773
0.4494343797604361,0.5025424581101333,0.04802316212943019
0.46622356089039846,0.49896443243117466,0.03481200667842733
0.46672269244073855,0.4968178012878276,0.03645950627143352
0.4433402926181716,0.5047870224973257,0.05187268488450285
0.459141249560178,0.4988883141360798,0.04197043630374208
0.4514669869579184,0.5115975146275371,0.036935498414545354
0.4670519938911487,0.49695510053259623,0.035992905576255056
0.4650850267476112,0.5001996818019763,0.03471529145041255
0.4571716535705497,0.49961917610623063,0.04320917032321955
0.4663605178876446,0.4967911955141848,0.036848286598170396
0.4637803189481627,0.5014643418458073,0.03475533920602974
0.4565634095562242,0.49984765743151804,0.04358893301225783
0.4525533586217033,0.501365700225973,0.04608094115232365
0.4671557519809639,0.497092179609035,0.035752068410001475
0.4401581741868514,0.5059177782124807,0.053924047600667414
0.46704395972499924,0.4977900633854824,0.03516597688951802
0.4000490760135079,0.5165962217896781,0.08335470219681473
0.4409226118956291,0.505649106103918,0.05342828200045312
0.4499711458871499,0.5127363111512746,0.03729254296157535
0.4640911714369475,0.4972229089764177,0.038685919586635135
0.4660799085119763,0.49680573646036047,0.03711435502766291
0.45433950800747636,0.5093723262662719,0.03628816572625179
0.4668023010306968,0.49683541889425575,0.03636228007504786
0.46435856106097484,0.5009162468783672,0.03472519206065845
0.4503970696154317,0.502180589481928,0.04742234090264036
0.4463024228307209,0.5154793577681028,0.03821821940117577
0.46656546281186245,0.49679765910935225,0.03663687807878566
0.4670373261727009,0.4978035691130097,0.03515910471428916
0.46308961941190735,0.4975215814800702,0.03938879910802234
0.46126366004747055,0.50371383081523,0.03502250913729985
0.46386679960841565,0.4972867755763698,0.03884642481521475
0.43862457546713424,0.5064508118134792,0.05492461271938657
0.45971080813709003,0.49868074639888715,0.0416084454640227
0.4497915534975796,0.5024083728046608,0.04780007369775956
0.4602044566183506,0.5046177087167597,0.03517783466488955
0.46703927697817116,0.49779961844381004,0.03516110457801845
0.4666238985624264,0.49680325582487866,0.03657284561269445
0.46680626366718386,0.4981984726287271,0.03499526370408907
0.46256087940140755,0.5025763633088205,0.0348627572897716
0.46717514579793173,0.4974280350076772,0.03539681919439092
0.4648352788992549,0.5004502782335376,0.03471444286720744
0.4317637275037685,0.5087300115744279,0.05950626092180306
0.46604551431048624,0.4968088957396225,0.03714558994989102
0.43861601879972556,0.5064537629893187,0.05493021821095541
0.4615890949268801,0.5034319867479687,0.03497891832515174
0.4429939137445233,0.5049116429472938,0.052094443308183025
0.46287637799342796,0.4975890393270953,0.039534582679476606
0.42020470989270914,0.5121344136957907,0.06766087641150083
0.44508954044705584,0.5163719298084906,0.03853852974445297
0.4386358252830311,0.5064469313850106,0.05491724333195861
0.46656921444031524,0.4967979600647548,0.036632825494930285
0.46607950102834916,0.4968057723661726,0.037114726605478175
0.4662272945723943,0.4967953661282581,0.03697733929934731
0.4654882694012471,0.4968888398260831,0.03762289077266954
0.46617264436677813,0.4967985743078797,0.03702878132534181
0.460195360614198,0.5046253903448134,0.03517924904098901
0.44424892068609245,0.5044584362606697,0.051292643053238225
0.42540832361406816,0.5106732666415916,0.06391840974433986
0.46680624764728657,0.4981984968520235,0.03499525550069004
0.4493707946989108,0.502566305456985,0.048062899844103765
0.4670165425958296,0.4969280951307945,0.036055362273375954
0.46526629922278295,0.500014402193288,0.0347192985839293
0.4533998310467196,0.5010448206307656,0.04555534832251462
0.4671910905622369,0.4973040034791083,0.035504905958654555
0.4475844703013708,0.5032330992752267,0.04918243042340245
0.45146453304079387,0.5017777915243244,0.04675767543488142
0.4671901480044563,0.497235237124745,0.03557461487079871
0.4552645525615764,0.5003380415496786,0.044397405888745224
0.4641720813350264,0.5010948249756147,0.034733093689359305
0.46618935043324256,0.4990049827848547,0.034805666781903014
0.43967751916711995,0.5060857079726594,0.05423677286022086
0.4492284230999096,0.5026196755229683,0.04815190137712204
0.4519676324547265,0.5015875058019662,0.04644486174330751
0.4653221398620828,0.4999566812159085,0.03472117892200849
0.46537065080878975,0.49691105606452574,0.03771829312668482
0.4668084399209278,0.4968370451996014,0.036354514879470966
0.456077293542758,0.5079978017006233,0.03592490475661892
0.4507285521505643,0.5121612751909554,0.03711017265847948
0.4648311543755761,0.4970293284063841,0.03813951721804016
0.4426071932923974,0.5050503490639823,0.052342457643619916
0.4671129784854838,0.4976331767860744,0.03525384472844177
0.4555796601583422,0.5083938598511426,0.03602647999051453
0.4646828711085951,0.5006008718137263,0.03471625707767829
0.4667231051755377,0.49832066603986086,0.03495622878460158
0.45821360769645475,0.49923044189946447,0.042555950404080695
0.46608796034565275,0.49680503460675246,0.03710700504759479
0.4656179691766735,0.4968661886484925,0.03751584217483428
0.4634472177134663,0.5017732868947063,0.034779495391826565
0.4651035092305821,0.4969666016084717,0.037929889160946445
0.46283187696934636,0.4976032572230975,0.039564865807556096
0.4497874888149814,0.5024098999111759,0.047802611273842624
0.46003195303094646,0.49856473852968625,0.041403308439367646
0.46354441833261784,0.49738184417581954,0.03907373749156249
0.46718518371794815,0.49736928150296467,0.03544553477908689
0.4663726206430097,0.49679110371076135,0.036836275646229356
0.46381402043606335,0.4973020858681197,0.03888389369581686
0.46610677153962043,0.4991015980048324,0.034791630455547555
0.46469600470435357,0.4970623848839874,0.03824161041165871
0.45219254877188664,0.5110404432757187,0.03676700795239455
0.4668789272951641,0.49685908771239395,0.036261984992441695
0.46718963855709006,0.4973277680847618,0.035482593358148344
0.43283575995393186,0.5083858228964333,0.05877841714963508
0.4500817212715908,0.5126525579411266,0.037265720787282255
0.465541687380255,0.4968792633686064,0.03757904925113852
0.46570119004002813,0.4995553319486954,0.034743478011276016
0.46701162495295856,0.49692475448070683,0.03606362056633472
0.45630183575725836,0.4999461820730636,0.04375198216967767
0.4588010636321163,0.49901325611661995,0.04218568025126372
0.4661718076959218,0.49902565343024113,0.03480253887383698
0.4667261030708379,0.4968184362244881,0.03645546070467367
0.42843013541080094,0.5097704416570312,0.06179942293216771
0.4655544717135188,0.49687702179804427,0.0375685064884368
0.43199871010642243,0.508654960804534,0.05934632908904422
0.40517752320921246,0.515648692669272,0.07917378412151545
0.46035740315851004,0.5044883517426544,0.03515424509883599
0.4541852606906445,0.5007469692191308,0.045067770090224606
0.4540837242118644,0.5007854701543764,0.0451308056337593
0.4669965743867482,0.4978826105643265,0.03512081504892492
0.44372311793635183,0.504648874660067,0.051628007403580506
0.46713283365974934,0.4975792112865124,0.03528795505373833
0.4518402999994366,0.5113112899223348,0.03684841007822774
0.46718620428696706,0.49719958008678283,0.03561421562625002
0.4666494031382585,0.49842398056751525,0.034926616294226276
0.4662737788519316,0.4989043019828411,0.03482191916522756
0.464721045975458,0.4970561717454845,0.03822278227905786
0.4125482908680003,0.5140595121751974,0.07339219695680319
0.4647572114489001,0.500527622114368,0.034715166436731455
0.46437317587094507,0.5009021707277064,0.03472465340134807
0.45285931195550605,0.5012497535798031,0.04589093446469058
0.46536043850509007,0.49991690415044626,0.03472265734446405
0.46028446764011294,0.49847411566848876,0.0412414166913987
0.46568059438011755,0.49957762171983033,0.034741783900052205
0.4657845293127131,0.4994644829340632,0.03475098775322372
0.4671343055772194,0.49705084747426115,0.035814846948519594
0.45948089567949724,0.49876427148537905,0.04175483283512389
0.45819552596119384,0.4992371524143488,0.042567321624457616
0.4632714008986744,0.4974650125039056,0.03926358659742005
0.43217154165266225,0.5085996190130857,0.05922883933425148
0.45222757148485737,0.5014891018433696,0.04628332667177291
0.46042251761852954,0.5044331680658455,0.03514431431562419
0.46111058595505094,0.49818193954528595,0.040707474499663075
0.46317154324724413,0.5020258009450239,0.03480265580773168
0.4629190728025577,0.49757544290083877,0.039505484296604006
0.46024540133099867,0.504583114853015,0.035171483815987
0.44750249790214325,0.5032635386788846,0.04923396341897291
0.4589025219199086,0.49897592427400794,0.04212155380608355
0.46147579560883506,0.49805526418778917,0.0404689402033757
0.46612690473751406,0.496801849927536,0.03707124533495041
0.46495683520205655,0.49699969596907856,0.038043468828864356
0.4585038391483983,0.4991229324763085,0.042373228375293205
0.46652165615313745,0.4985946553032483,0.034883688543614615
0.46394827226148827,0.49726335091928375,0.0387883768192276
0.46690915860354065,0.49687077027972093,0.0362200711167386
0.4491523571134094,0.5026481750754528,0.048199467811137334
0.4612230276327528,0.5037488736002531,0.03502809876699354
0.4656730516930239,0.4968572141798668,0.037469734127109
0.4483068452916733,0.5029642260635528,0.04872892864477341
0.46645933807568013,0.4986748204761445,0.03486584144817565
0.45949290685484956,0.4987598987508316,0.041747194394318766
0.46627486482593106,0.49679324893327553,0.03693188624079357
0.4209209331801079,0.5119404859430262,0.0671385808768651
0.4281566733236944,0.509853743124919,0.061989583551386215
0.45810881359638955,0.5063576626248054,0.03553352377880437
0.46006705013673194,0.5047336147293938,0.03519933513387483
0.4655127155411256,0.4997571222533395,0.03473016220553441
0.4671883485180455,0.4973422829996193,0.035469368482335506
0.4671464848535332,0.49753785371924386,0.03531566142722266
0.4670218681427097,0.49783429412351854,0.035143837733771825
0.46112684839784307,0.5038316964602892,0.035041455141867274
0.4632855450830644,0.5019217028652726,0.03479275205166245
0.4550512632878196,0.5004187865544473,0.044529950157733346
0.46701178849305414,0.49692486417312576,0.03606334733382043
0.4617766783815726,0.4979522687865272,0.04027105283190054
0.4656854855003634,0.4995723338885533,0.03474218061108313
0.4646370189788333,0.4970771720958129,0.038285808925354145
0.45383107432278025,0.5008812795083717,0.04528764616884844
0.4638917613289828,0.497279571359937,0.03882866731108033
0.4618753159919597,0.49791879935169087,0.04020588465634963
0.4670264912441068,0.4969351320168005,0.036038376739092735
0.45403884248508064,0.5008024893353913,0.045158668179528155
0.44243860248256806,0.5051106746197205,0.052450722897710675
0.46699247255386,0.4978902440877125,0.03511728335842769
0.4671416811955204,0.4970636814826759,0.035794637321803484
0.4669583828469758,0.49689346936286327,0.036148147790161206
0.4667123744427613,0.49681593937686697,0.03647168618037204
0.4671813484770371,0.49739469280066656,0.035423958722296416
0.46641394305326134,0.4987321467368588,0.03485391020987989
0.46099591027748926,0.49822205704350064,0.04078203267900973
0.4643750102675245,0.49714525119371633,0.03847973853875896
0.46346953369497873,0.49740442891256137,0.03912603739245982
0.45382674022768527,0.5008829231433182,0.045290336628996376
0.44547231613376875,0.5040123432554474,0.0505153406107848
0.4601704291128353,0.498514973832127,0.04131459705503793
0.4655873772556577,0.49687134451290765,0.0375412782314349
0.46492034876997745,0.4970081827136336,0.038071468516388866
0.4666128505387728,0.49847379840823797,0.03491335105298892
0.45405758353614256,0.5007953826644439,0.04514703379941312
0.45292986472183744,0.5012230098570445,0.04584712542111824
0.46156785098802283,0.4980236140342598,0.04040853497771742
0.4660581735133582,0.4968077029538555,0.037134123532786376
0.4606403493135549,0.5042480574909836,0.03511159319546082
0.4555373471135243,0.5002348399542149,0.04422781293226062
0.454579735937234,0.5005974251917685,0.044822838870997125
0.4610532546887826,0.5038949530806549,0.03505179223056321
0.4590450291543512,0.4989235858468991,0.04203138499874954
0.4652848442231884,0.49999526821350654,0.03471988756330509
0.46404607562878736,0.4972355801233599,0.03871834424785259
0.4427437229696871,0.5050014316640287,0.05225484536628429
0.4551208858118351,0.5003924247613543,0.04448668942681088
0.46242199285318836,0.4977362858381532,0.039841721308658214
0.46657022085081085,0.4967980421007406,0.036631737048448576
0.46351708053424745,0.49739006840429684,0.03909285106145604
0.46677110413869327,0.49825096570237687,0.03497793015892979
0.4564614890888001,0.49988602985522224,0.043652481055977195
0.4531427789502264,0.5011422908752028,0.04571493017457029
0.46091353961903886,0.4982509672589159,0.04083549312204527
0.46645939910082346,0.49679205894671385,0.03674854195246269
0.4649427198356697,0.5003430871310592,0.03471419303327093
0.4644760156895071,0.497118564258344,0.03840542005214917
0.4612990435673763,0.5036832888764924,0.035017667556130685
0.4604879553462667,0.49840150332906424,0.04111054132466921
0.4526334255445694,0.5013353622167749,0.046031212238655576
0.46512106618571286,0.5001630883936755,0.03471584542061182
0.4665584660111021,0.49679711807732124,0.0366444159115768
0.46191381145846705,0.5031485544170384,0.03493763412449405
0.45693622961928715,0.5073091459799886,0.035754624400725216
0.46496444970227563,0.4969979371766742,0.03803761312105034
0.4661301965062272,0.4968015970802082,0.0370682064135648
0.4614087995104394,0.49807837196519406,0.04051282852436668
0.4670050644519755,0.4969204312427578,0.03607450430526661
0.4552499808349574,0.5003435565463754,0.04440646261866699
0.4641152580349871,0.5011488774490673,0.03473586451594596
0.4568258360141976,0.4997489642947129,0.043425199691089086
0.46296707606018295,0.502211419196244,0.034821504743572845
0.4572947441785415,0.5070196928986961,0.03568556292276274
0.4667826541778324,0.4968304907919713,0.03638685503019635
0.46039728470722757,0.4984338103677997,0.041168904924972764
0.4667862960831353,0.4982284447532361,0.03498525916362875
0.4665344606866625,0.49679545677081577,0.036670082542522006
0.467164963960947,0.4971149877970473,0.03572004824200584
0.46644183627496744,0.49679162463650756,0.0367665390885247
0.46505821923451207,0.4969766397478344,0.03796514101765395
0.4458662965474294,0.5038678295158715,0.05026587393669855
0.45671782013600193,0.5074848875015718,0.035797292362426354
0.4661399124108984,0.4990630305949782,0.03479705699412388
0.4657564645604311,0.4968444256345325,0.037399109805036405
0.4659830620965047,0.49681526947998894,0.03720166842350607
