0,1,2
0.4773070686877702,0.4791491468282964,0.04354378448393355
0.42794407709160565,0.5309930641124115,0.041062858795982746
0.5612691720503602,0.397973396191693,0.04075743175794678
0.4074151592654791,0.5566270562040927,0.03595778453042825
0.4424190102185391,0.5196092978517174,0.03797169192974342
0.4804652456672318,0.4792493420489267,0.04028541228384136
0.4398978790453682,0.5198942876419439,0.04020783331268771
0.5119827026491388,0.44598179588008124,0.04203550147077984
0.44528120741890775,0.5239010423926991,0.03081775018839324
0.41586829378726614,0.5434195215082993,0.04071218470443446
0.41835724662033535,0.5404120242803283,0.041230729099336325
0.5001495174010677,0.45940185044503173,0.04044863215390069
0.5894489384197805,0.3684612828130447,0.04208977876717481
0.4472521377855321,0.5134593214143632,0.039288540800104715
0.40427204923556287,0.5625684021300075,0.03315954863442964
0.40368317140068927,0.5556183041550337,0.04069852444427682
0.46009937939850454,0.497517737732607,0.04238288286888851
0.40808010336173633,0.5522982129129156,0.039621683725348016
0.41168435518064,0.5492926634397023,0.03902298137965771
0.4601692191037664,0.49819064571728455,0.04164013517894889
0.4535878012730943,0.5042143683732699,0.04219783035363571
0.44614101154424196,0.5135371287776863,0.040321859678071774
0.49631503770694063,0.46267090708407,0.04101405520898913
0.5148221151066641,0.44415648122216167,0.04102140367117407
0.4032487689250518,0.5567699886552419,0.03998124241970607
0.40630317195879884,0.5605653586373871,0.03313146940381422
0.4604450688903604,0.49813443367215693,0.041420497437482544
0.47386114196516704,0.4848139672970883,0.041324890737744605
0.41711560992879443,0.5428815005906966,0.04000288948050896
0.4378142569775145,0.520931331666897,0.04125441135558848
0.4169054724655272,0.5495277764643074,0.03356675107016544
0.46120764563257566,0.49682683958329404,0.04196551478413039
0.42117411208903605,0.5374688100497772,0.04135707786118664
0.45656701539535754,0.5006298742739087,0.042803110330733876
0.41587727725543094,0.5554565262672527,0.02866619647731658
0.4139226331225541,0.5464796323825484,0.039597734494897306
0.47014954247569823,0.4910740724097433,0.03877638511455833
0.5578135340432883,0.4025746982999233,0.03961176765678849
0.4221189203419161,0.5374946416380151,0.04038643802006873
0.4341694879741275,0.5244316326701922,0.0413988793556802
0.40994486940832164,0.5517132726617867,0.03834185792989195
0.4248368652748261,0.5395582033990988,0.0356049313260749
0.42788326652198033,0.5367802098189502,0.03533652365906919
0.42431313328744014,0.5398946675602838,0.03579219915227632
0.4361173229699245,0.5147453814872965,0.04913729554277885
0.44669837571543736,0.5119968225524432,0.041304801732119645
0.4266261882304645,0.5337710439358229,0.039602767833712436
0.4199221271436315,0.53491137876166,0.045166494094708326
0.40462004160916915,0.5580123768123214,0.03736758157850927
0.4941807250535792,0.46363403560313765,0.042185239343283026
0.4556908654829163,0.50273022521446,0.04157890930262345
0.44073866394093425,0.5177764898533994,0.04148484620566644
0.4281771696352782,0.530492763210983,0.041330067153738895
0.4412957050741536,0.5177175772107295,0.040986717715117
0.4260713562505073,0.5367698266094149,0.037158817140077655
0.4240612702756632,0.5417380797787464,0.03420064994559018
0.42399512933802075,0.534792440225857,0.04121243043612241
0.4139569080634138,0.5451659836479881,0.040877108288598196
0.44652759564604466,0.5140717799572955,0.03940062439665989
0.4690811126609247,0.4931580707041368,0.03776081663493866
0.46502398248122406,0.4927331612573477,0.042242856261428326
0.48907528378211473,0.4714141322008229,0.03951058401706245
0.474806592787758,0.4858226932120389,0.03937071400020309
0.45373288982786064,0.505033838746434,0.04123327142570531
0.5434845189370536,0.41695540906321465,0.03956007199973172
0.42949344820809776,0.5351405784612725,0.03536597333062992
0.45115106435160934,0.5075924490017875,0.0412564866466033
0.4299969052409128,0.5299802967927342,0.04002279796635309
0.5106467774336536,0.45264684645296704,0.03670637611337919
0.41092491352914934,0.5477068243392221,0.04136826213162852
0.4097508671708398,0.5489423281352528,0.041306804693907496
0.41046550099273155,0.5500152431729111,0.039519255834357114
0.5146273965715504,0.44369535539296956,0.041677248035479814
0.4059583862410466,0.5555495783036213,0.03849203545533216
0.4502974466050854,0.4881353391319225,0.061567214262992276
0.3668513631621879,0.5876472543826367,0.0455013824551754
0.5882692874880988,0.3689944554151345,0.04273625709676676
0.4220892113973781,0.5368838409038715,0.041026947698750496
0.43216750107253277,0.5309958334695435,0.03683666545792337
0.5033066825880478,0.4576918346854806,0.03900148272647152
0.4479040979000568,0.512850740904293,0.03924516119565042
0.43498025448227634,0.5237376946763578,0.04128205084136576
0.4112592465834779,0.5459643534197474,0.042776399996774524
0.4324913009560042,0.5251381085530008,0.042370590490994904
0.4956633842474801,0.46345394977824445,0.04088266597427536
0.4241059784518486,0.5398190189316188,0.03607500261653294
0.5441495396808642,0.41398044121838073,0.041870019100755114
0.4886835157637337,0.2982787997803668,0.21303768445589938
0.3930448271678339,0.5655317070412103,0.04142346579095604
0.4071511205545716,0.5522029602484827,0.04064591919694582
0.4466084417864226,0.51166719859925,0.04172435961432736
0.4205748061688001,0.5462193465362497,0.03320584729495014
0.42668829552861587,0.5360005942711865,0.03731111020019758
0.4315125704041915,0.43410164713992383,0.1343857824558847
0.43109618365047275,0.5273211676468934,0.041582648702633826
0.4849148956558918,0.47325169016376095,0.04183341418034725
0.4170145550745843,0.5421224966388929,0.040862948286522746
0.5297419233262498,0.4286366653573863,0.04162141131636406
0.5439371636035,0.421262299541154,0.03480053685534583
0.5722151905759669,0.38533406685214644,0.04245074257188673
0.5725515395778193,0.3853145906205444,0.042133869801635956
0.4307058635450807,0.5279671701418982,0.041326966313021234
0.3937268510282637,0.5661106299725941,0.04016251899914205
0.428160464386075,0.5307819125729876,0.0410576230409376
0.44156366035943095,0.5187973129193258,0.039639026721243364
0.408959620628825,0.558172929493045,0.032867449878130034
0.5129400093578087,0.44692468099518734,0.04013530964700413
0.49093956484648377,0.4674554950472196,0.04160494010629667
0.45339252020792714,0.5044326466224803,0.04217483316959245
0.5751221931472047,0.38953343929910034,0.03534436755369481
0.4288439633000595,0.5318918849705887,0.03926415172935153
0.45303565186210376,0.5052793644157711,0.04168498372212524
0.42003034916866705,0.5434131245680199,0.036556526263313134
0.4109985242093265,0.5479746896568324,0.04102678613384142
0.4079920263088568,0.5565932052918764,0.03541476839926681
0.40988455808756896,0.5470974787260989,0.04301796318633202
0.4463607402902015,0.5154594236410807,0.03817983606871784
0.45395659516989345,0.5058130224244746,0.04023038240563182
0.4034103621027555,0.5496637886456904,0.046925849251554116
0.5172437212293479,0.4411624096311593,0.04159386913949292
0.42166373165783233,0.5398455580825074,0.038490710259660006
0.4958455704069576,0.46195987086930373,0.04219455872373857
0.4892449897476392,0.46860515615713416,0.04214985409522673
0.40489802349758763,0.5579076856336311,0.037194290868781406
0.425845816410157,0.5333486459874679,0.04080553760237511
0.43743521231074234,0.5199728669690474,0.042591920720210216
0.47212903063896755,0.485709123479753,0.04216184588127942
0.4856012735189493,0.4703701076145414,0.04402861886650921
0.41502850517489936,0.5432720376243884,0.04169945720071233
0.4308818051301817,0.52982048346311,0.03929771140670836
0.43749401299763213,0.5246580871866873,0.03784789981568058
0.5314307418718129,0.43255611753251005,0.03601314059567703
0.44344648474040727,0.5167180779085229,0.03983543735106989
0.45334841417731303,0.5040751731093394,0.04257641271334757
0.41324534752606673,0.5518966408889506,0.034858011584982446
0.4113938200753945,0.5470147047525442,0.04159147517206139
0.45081624258530373,0.508766071612571,0.04041768580212527
0.41130402724784865,0.5508055627685327,0.03789040998361841
0.4761926723696309,0.4887717594681367,0.03503556816223225
0.4426471984841818,0.5158761064032504,0.04147669511256798
0.40630586110141603,0.5543687080195442,0.0393254308790397
0.41279341790801904,0.5468635104214398,0.04034307167054127
0.414748837398086,0.5450648312260606,0.04018633137585316
0.4236091083844118,0.5353565687295949,0.0410343228859934
0.45579832053172775,0.5069358883185028,0.03726579114976923
0.4259060033187659,0.53333078533891,0.040763211342324475
0.43402686136238017,0.5270703342815795,0.038902804356040356
0.39871359513429677,0.5627181129051375,0.03856829196056551
0.4592056550045803,0.501366292156455,0.03942805283896449
0.44986798905176467,0.5095641123362107,0.040567898612024735
0.434665258374589,0.5240043929555982,0.041330348669812604
0.40916621549216114,0.5529138823504437,0.03791990215739523
0.3940160785854655,0.570595447963522,0.03538847345101252
0.4755712199170398,0.4824963733078314,0.04193240677512884
0.5494047905297345,0.416184515942658,0.034410693527607526
0.4099213915743452,0.5499162649756033,0.040162343450051444
0.4123193287166938,0.5502895241749938,0.03739114710831242
0.4015353381353915,0.5481431493843179,0.05032151248029077
0.38863735640073843,0.5713687630145207,0.039993880584740765
0.42576363627205926,0.539655860941892,0.03458050278604863
0.41397634203929395,0.549070782718834,0.036952875241871776
0.4485404608728785,0.5120990521546336,0.039360486972487896
0.4611486258731989,0.49821928465686366,0.040632089469937294
0.44256858071792354,0.5208161539210301,0.03661526536104636
0.45768149739484576,0.5052453238604857,0.03707317874466856
0.4173371163947168,0.546381137234322,0.036281746370961133
0.5568488361558348,0.4024658068904192,0.04068535695374629
0.4552779971185729,0.5036153724417003,0.04110663043972647
0.4120341991334838,0.5488612888005947,0.03910451206592148
0.41900618421084596,0.5370791277293046,0.043914688059849286
0.43185977553924815,0.5253669899220114,0.042773234538740386
0.42592478257009464,0.5333184209412744,0.04075679648863107
0.43276153505463655,0.5266436662745344,0.0405947986708288
0.3977009789191054,0.5598477747479901,0.04245124633290448
0.3936410849083766,0.5301052619927942,0.07625365309882894
0.42281607683536515,0.5370299892015651,0.040153933963069904
0.42579572358870205,0.5325652502622786,0.04163902614901932
0.5392465795784358,0.4236643420639595,0.03708907835760446
0.45319342511153426,0.5049035626653199,0.04190301222314592
0.4148322638857241,0.5515350794093533,0.033632656704922693
0.4202870264618723,0.5483725838248222,0.0313403897133054
0.5826196641435444,0.37821486214184685,0.03916547371460862
0.526700599486293,0.4316281387674131,0.041671261746293826
0.46472168666098806,0.49542946624529216,0.03984884709371985
0.47090804767607186,0.49034702983571926,0.03874492248820878
0.42451545033580235,0.5377212866649654,0.037763262999232564
0.4564932881115473,0.5045591515841443,0.038947560304308175
0.449422773067546,0.5086572370129423,0.04191998991951152
0.5247155944152917,0.43944641152088687,0.03583799406382155
0.4932722071295152,0.46690973667731717,0.03981805619316754
0.43265226414607455,0.5291783499182084,0.0381693859357169
0.44912362860807725,0.5136766451046398,0.03719972628728284
0.43443978238227265,0.532885099113623,0.032675118504104275
0.37215564093242864,0.5455368859703903,0.08230747309718091
0.4092190236393414,0.5526290789921612,0.038151897368497514
0.423429793680735,0.5396863426357092,0.036883863683555874
0.4063978935486769,0.5529448730613453,0.040657233389977634
0.44729901597600363,0.5122058658968784,0.04049511812711778
0.43005238133519313,0.5248461985983904,0.045101420066416424
0.44507697698004745,0.5131726560482606,0.04175036697169183
0.4951163092889642,0.4651098925228624,0.03977379818817335
0.462901683506518,0.497408308758451,0.03969000773503085
0.46254773783061404,0.5028723867485958,0.03457987542079008
0.5031918910156791,0.4536811376087923,0.043126971375528476
0.42317281316769023,0.535402416857095,0.041424769975214715
0.45701849832365976,0.5028569787167191,0.04012452295962126
0.416790667233265,0.542121587537475,0.0410877452292601
0.42636126570915245,0.5339952350580928,0.03964349923275464
0.4387371364580893,0.5201188930377368,0.041143970504173545
0.4427709384828222,0.5155228588641149,0.04170620265306301
0.41300394072091623,0.5483026379767159,0.03869342130236772
0.42328816099589617,0.5371326971565987,0.03957914184750528
0.42583421917251923,0.5424636527343752,0.03170212809310536
0.42636839039817487,0.5340167645219118,0.03961484507991341
0.4326979736892584,0.5253506750889178,0.04195135122182391
0.4377462242459485,0.5235873448793328,0.038666430874718674
0.4510075972865253,0.5078969471235196,0.04109545558995512
0.43014203423663333,0.5224839715043388,0.0473739942590277
0.43253784087313646,0.5281101732693821,0.039351985857481446
0.40973315171510655,0.5481924735150938,0.042074374769799534
0.415594781576711,0.5426326562049342,0.04177256221835517
0.40406916146816246,0.559746654700413,0.03618418383142472
0.4484854937911528,0.5099617510808413,0.04155275512800578
0.47683954865774475,0.48395593192231073,0.039204519419944496
0.4633498832475663,0.49878391796001326,0.037866198792420404
0.41493027898019114,0.5510802012803729,0.03398951973943602
0.4260058556150118,0.5311864715568126,0.042807672828175686
0.520066846016536,0.44437525489095436,0.03555789909250952
0.42090480984859285,0.5391908002631299,0.039904389888277166
0.5386422499183338,0.41887581228186505,0.042481937799801
0.43909402692034516,0.5268646557705304,0.03404131730912416
0.44812982542282664,0.5123408816025745,0.03952929297459889
0.48013143849360035,0.47824889750448724,0.04161966400191242
0.438993720730762,0.5213094832775301,0.039696795991707674
0.45843014190582015,0.5002220264064687,0.04134783168771105
0.43510196417919045,0.5245570574825095,0.040340978338300214
0.4839590372113757,0.4759610276157596,0.04007993517286448
0.40357596693784825,0.5564620380351696,0.039961995026982125
0.378563188900939,0.5826938694345578,0.038742941664503414
0.46345129158964804,0.501722285071012,0.034826423339340024
0.43684702917319795,0.5226301117535621,0.040522859073239804
0.40551949031510703,0.5481944267288226,0.046286082956070486
0.44472224262393556,0.5154870902116339,0.03979066716443077
0.41721638416457724,0.54230098455617,0.04048263127925265
0.4413635751284456,0.5175786425649107,0.041057782306643795
0.5027316928267803,0.46111382022102254,0.03615448695219707
0.43741849523879023,0.521801899185504,0.040779605575705626
0.4616712699356743,0.49677603934980424,0.041552690714521445
0.4391676841863945,0.5193544924247754,0.04147782338883018
0.3627453635981841,0.5835175115717604,0.053737124830055515
0.5404743255899185,0.4125878105454117,0.04693786386466987
0.4096904629209466,0.5500568027320484,0.040252734347005104
0.42628090729407503,0.5376364657135386,0.03608262699238641
0.5554170659163634,0.40677382474958945,0.03780910933404733
0.4066304820937984,0.5541935278002703,0.03917599010593139
0.41468452577952164,0.5437660513133603,0.041549422907118064
0.46067162023199754,0.49686221763002514,0.04246616213797736
0.5120127155229124,0.44720208671196265,0.04078519776512521
0.4008978286865724,0.56368346803829,0.03541870327513777
0.4962578751280853,0.4636299170852788,0.04011220778663611
0.4365818778019922,0.5326278208694802,0.030790301328527645
0.40257132081753816,0.5559968295342792,0.041431849648182834
0.5868814687967309,0.3685595037598876,0.044559027443381576
0.41397761690874696,0.5500267686309271,0.03599561446032611
0.44891989423257667,0.5099308717680785,0.041149233999344996
0.4114975821946043,0.5479269453263096,0.04057547247908575
0.4475567793045946,0.5148458239779065,0.037597396717498864
0.5241552988524497,0.4355997215407722,0.040244979606778135
0.5457933803612516,0.4134833767203908,0.040723242918357404
0.4555458971107465,0.5108950061113567,0.03355909677789668
0.4720602666041865,0.4753923990834218,0.052547334312391676
0.42908489653667387,0.5278236418234887,0.043091461639837465
0.627539864000695,0.33251004972748643,0.03995008627181862
0.5082101374659297,0.4438403911907533,0.04794947134331708
0.42405001231509,0.5346043886539775,0.04134559903093242
0.41619798409808756,0.5409385469155111,0.042863468986401476
0.4187372706768852,0.5408197437832397,0.04044298553987519
0.41957647620722915,0.5412917028794153,0.03913182091335584
0.42065562513618343,0.5380185125627877,0.041325862301028846
0.4624758367944195,0.49624038720296376,0.04128377600261677
0.4121608963207148,0.5489830765705925,0.038856027108692445
0.4355804269328552,0.5320707339124009,0.032348839154743916
0.4183893768516502,0.5412532591238335,0.04035736402451641
0.4683152322702965,0.49016300191459894,0.04152176581510447
0.5894782476197644,0.37246612475694774,0.03805562762328776
0.45381593053891567,0.5061214886807229,0.0400625807803615
0.40616394028293085,0.5537557590957418,0.04008030062132735
0.4127094235121121,0.5452648876291438,0.042025688858744234
0.4828334696450085,0.47855020450733987,0.03861632584765137
0.457600065942587,0.5007986354026992,0.0416012986547137
0.428668006392114,0.5323811658678305,0.03895082774005524
0.43160106988793745,0.5272659105779757,0.04113301953408696
0.4481610723580464,0.5147158645797236,0.037123063062230025
0.5106216066693595,0.44997261395147453,0.03940577937916592
0.5303913860114452,0.42935066239866615,0.040257951589888825
0.5494539373487048,0.40818780432656604,0.04235825832472907
0.45042651741100087,0.5081240828811583,0.04144939970784101
0.4190945892668607,0.5397363646380424,0.041169046095096876
0.4074032090691509,0.5525047393721016,0.0400920515587472
0.4258813912215127,0.5328560059383999,0.041262602840087474
0.5598478280196362,0.40087276197315574,0.03927941000720796
0.4321832837022562,0.5291995518262159,0.03861716447152793
0.4641060327017731,0.49375121958590773,0.0421427477123193
0.45423409796402836,0.5063412117373685,0.039424690298603286
0.49030598181085056,0.4678003047219568,0.04189371346719275
0.5033816081001297,0.4567464772626148,0.03987191463725565
0.4128289392725153,0.5432596160452815,0.04391144468220318
0.43400889499100287,0.5260242660575172,0.0399668389514801
0.41986568270157093,0.5389604188541013,0.04117389844432762
0.4186105241257438,0.5414064569446888,0.03998301892956746
0.4814456250838236,0.47962166172481896,0.03893271319135737
0.4578460812610206,0.5031234384485636,0.03903048029041593
0.5272795306875483,0.4300709037194757,0.042649565592976016
0.41708629665374997,0.5442011115231262,0.038712591823124066
0.41911724189966476,0.5434039010128647,0.03747885708747068
0.4311792365400203,0.5293865437280154,0.03943421973196432
0.4005339415933231,0.5576543497697068,0.04181170863697027
0.4463836921729252,0.5137904190633322,0.039825888763742615
0.4132117356391431,0.545454296234682,0.04133396812617494
0.42130039055977103,0.5366044151230104,0.04209519431721859
0.4132920370458962,0.5481015838363891,0.03860637911771468
0.45908872993459177,0.5007043758882853,0.04020689417712278
0.4252128746525307,0.5334594248493033,0.0413277004981659
0.49738981316188297,0.4662946293213258,0.03631555751679133
0.408065521876763,0.5523686803796163,0.03956579774362054
0.46999533650216635,0.48877909386412366,0.04122556963371006
0.4377889858600839,0.5232231376680346,0.03898787647188139
0.5075507715910719,0.45356487887603786,0.03888434953289028
0.4117709627547176,0.5523222493638348,0.03590678788144742
0.5719024870915589,0.3861030483196419,0.04199446458879936
0.5150242241808063,0.4445598440046473,0.040415931814546106
0.419404491368213,0.5425645039513001,0.03803100468048685
0.45603544890524983,0.502849876795924,0.04111467429882624
0.4112224588131742,0.550404126328124,0.03837341485870192
0.4327720164333116,0.5255194745461723,0.041708509020516295
0.4455420426360007,0.5144248276278223,0.04003312973617689
0.4412768501081987,0.5219103787531428,0.03681277113865851
0.5079972421877189,0.4501658188088652,0.04183693900341582
0.5285106011339334,0.4301273853088957,0.041362013557171
0.47219879541286763,0.48660059232987185,0.041200612257260225
0.47153632193203865,0.4867881789523936,0.04167549911556779
0.4222776890228318,0.5370420563911489,0.04068025458601919
0.40969808909499755,0.5499260011962106,0.0403759097087921
0.42283699122853374,0.5372261931433694,0.03993681562809689
0.44308718205995445,0.513136964221848,0.043775853718197456
0.43743065218390254,0.5259997259738717,0.03656962184222561
0.4900398579030588,0.46922736742693133,0.04073277467000949
0.4605588753426083,0.4540751215683639,0.08536600308902789
0.48110180621218845,0.48039859554293574,0.03849959824487585
0.4139242535092644,0.546713714495777,0.039362031994958746
0.45352895288549755,0.5044454372868575,0.042025609827644944
0.4421170453832599,0.5205014544583502,0.03738150015838986
0.4854838307809532,0.4744504757870187,0.040065693432027955
0.47228224948822384,0.48353624443149995,0.0441815060802761
0.42903768924296465,0.5358909565716489,0.035071354185386615
0.44436268055036837,0.5137906750566753,0.041846644392956225
0.4388565276665048,0.519706266686685,0.04143720564681026
0.42992368000779607,0.5304684137675462,0.03960790622465805
0.41203734346170395,0.5472766872087361,0.04068596932956018
0.4136654459729193,0.5453919315319262,0.04094262249515481
0.4266294557189558,0.5348015851114521,0.038568959169592215
0.4628884483007489,0.4976995660962871,0.03941198560296385
0.45115997867539065,0.5072733319033103,0.04156668942129897
0.4228956005412206,0.5353929632848476,0.041711436173931866
0.46134590168394585,0.49938403590082714,0.039270062415226965
0.4534296312582624,0.5066930850968174,0.039877283644920075
0.4342614781036302,0.5278882414752205,0.037850280421149386
0.4891290639722263,0.47248900272253064,0.03838193330524306
0.48497168608317637,0.4782215366245575,0.03680677729226587
0.4094222755495115,0.549989972005359,0.04058775244512936
0.41627524072060507,0.5449361933704745,0.03878856590892028
0.4562932591451372,0.5011088806008142,0.042597860254048645
0.4970856405654826,0.4615044757696264,0.041409883664891074
0.5723173131112339,0.3870825852107605,0.040600101678005575
0.5874750580141124,0.3834989463659832,0.029025995619904318
0.5061381784498172,0.45364360405929016,0.04021821749089245
0.41299760131911584,0.5459967993489546,0.04100559933192977
0.4198202078047248,0.5381679894468071,0.04201180274846815
0.4008376241268599,0.5549815993324542,0.04418077654068596
0.4323430671619414,0.5268232948667119,0.04083363797134707
0.4026276721969836,0.5560523180301139,0.04132000977290247
0.470651586399061,0.4879049920296457,0.04144342157129318
0.4246764724385519,0.5340734681391103,0.04125005942233762
0.40799515919962664,0.5463370410823543,0.045667799718019084
0.4154154020366593,0.5438268304770794,0.040757767486261406
0.46300606140235834,0.4936611103561674,0.04333282824147439
0.41335132093482,0.5461940309993975,0.04045464806578248
0.4096699841005204,0.550775153936127,0.039554861963352665
0.40836434659607873,0.5507764312455246,0.040859222158396984
0.5579950019436833,0.4033618038449011,0.038643194211415724
0.5008528692535055,0.4573869255560983,0.04176020519039623
0.4213003892551721,0.5415377696295013,0.03716184111532655
0.5179249444409963,0.44339219159155635,0.03868286396744722
0.3956722436429778,0.5625911762141456,0.04173658014287656
0.4132237558011987,0.5457373192990378,0.041038924899763476
0.40909383795129667,0.5474812752261092,0.043424886822594044
0.42200828743799623,0.5429502459051447,0.03504146665685906
0.4452172924706563,0.5124997813229564,0.04228292620638726
0.41000264563462047,0.5483406133294039,0.041656741035975595
0.5088739969558135,0.44962019184850577,0.041505811195681024
0.43122931449805596,0.5285578090166693,0.04021287648527462
0.417289085175851,0.5418396948824243,0.040871219941724636
0.45966805523040827,0.498268276628774,0.04206366814081778
0.4593407935707305,0.5003277835420665,0.0403314228872029
0.5032635627226506,0.455700596285867,0.04103584099148242
0.4363596069302175,0.5211411840110359,0.04249920905874647
0.5048093862135352,0.4553137963577144,0.039876817428750336
0.442031698822339,0.5242016733024986,0.033766627875162374
0.3965121436939191,0.5645420653494257,0.03894579095665508
0.5180527776231044,0.44201855044909244,0.039928671927803056
0.43742694608460414,0.523446990955928,0.03912606295946786
0.4235676992656833,0.542384017337707,0.034048283396609716
0.4659526257148813,0.4931263649463596,0.040921009338759314
0.41119328530586746,0.5489949296247247,0.03981178506940762
0.4603896651402585,0.49851599765720656,0.04109433720253505
0.40802374887012577,0.5575706228632125,0.03440562826666189
0.41181888411794254,0.5474496885961564,0.040731427285901414
0.42631655326430645,0.5354612852908388,0.038222161444854574
0.4224427777341237,0.5375799601866679,0.03997726207920823
0.44164620823057016,0.5181048704137046,0.04024892135572562
0.42911819652484784,0.5318265519354881,0.03905525153966413
0.512464936818731,0.4462447306234403,0.04129033255782883
0.4348424279086355,0.5199017955878298,0.04525577650353494
0.4209001181614654,0.5377648949283397,0.041334986910195014
0.43149353874203866,0.5302116514021531,0.03829480985580868
0.463113776527114,0.4907511940319354,0.046135029440950506
0.3676608475829089,0.5639122334371669,0.06842691897992426
0.5460491649795012,0.41317288599520036,0.04077794902529869
0.5012439994116372,0.45597688853703516,0.04277911205132757
0.5110652005707862,0.4475199217964275,0.04141487763278613
0.5084573695934341,0.4511500200160548,0.04039261039051115
0.4370143905282111,0.5239246515684911,0.03906095790329767
0.4793689380404561,0.47877556161958357,0.041855500339960244
0.4574238892382389,0.5014261856596589,0.04114992510210198
0.48306281589070954,0.48526562631540854,0.03167155779388187
0.4151421120138856,0.54787778362344,0.03698010436267434
0.47802510221283134,0.4823878820714858,0.039587015715682766
0.46867470349592477,0.4910983629486999,0.040226933555375384
0.46871225123963256,0.49003140841749554,0.04125634034287183
0.4105155584899802,0.5531114191873245,0.03637302232269512
0.4458220772270175,0.5149234886630601,0.03925443410992242
0.4583027467696019,0.5004978145466805,0.041199438683717456
0.584500699991645,0.3748947758923547,0.040604524116000226
0.415700622026363,0.5437795426708902,0.04051983530274652
0.4548402274106187,0.5034814226153831,0.041678349973998045
0.42491082784077366,0.5393600559801124,0.03572911617911421
0.41630720682021344,0.5421659975726346,0.04152679560715184
0.4834042549964103,0.4794917961355024,0.037103948868087266
0.4928086026843163,0.4649074403960408,0.042283956919642963
0.5013858783919167,0.4550652151292801,0.04354890647880305
0.40621274057373524,0.5546801402603742,0.03910711916589043
0.4610097921001673,0.49967367987106487,0.039316528028767825
0.4573670624169275,0.5042880578776342,0.03834487970543837
0.4845612783290338,0.4745874863000754,0.040851235370890984
0.4615822238892496,0.49232977919240234,0.04608799691834803
0.4782473515694578,0.4846936624231785,0.03705898600736382
0.44967074982931904,0.5153689247842024,0.034960325386478655
0.44400486614621776,0.5168462664914306,0.03914886736235143
0.4473557925474126,0.5107672534303389,0.041876954022248496
0.40690927899038276,0.5544836378793895,0.03860708313022762
0.46459553247481744,0.4984890067805322,0.036915460744650304
0.534274511068759,0.42522351380268175,0.04050197512855905
0.44747399311317854,0.5108050926424,0.041720914244421495
0.41443647194207245,0.5455765860468819,0.03998694201104539
0.4092781677123552,0.54921499178791,0.04150684049973476
0.4053017913078876,0.5359826209659388,0.05871558772617322
0.5085284080240068,0.44975717011824895,0.04171442185774404
0.4277766766212352,0.5330866541918667,0.039136669186897934
0.4518875179993763,0.5078469936779787,0.04026548832264493
0.46616858521282406,0.4937351860475441,0.04009622873963201
0.5307107443720752,0.4269126038834109,0.04237665174451359
0.4922911936255478,0.4737322674133776,0.0339765389610746
0.4934374288597135,0.4705014523607274,0.03606111877955926
0.40700519604646473,0.5500741524522679,0.042920651501267344
0.4275493343059136,0.5320044308729278,0.040446234821158396
0.5288028541982257,0.4349163286254561,0.036280817176318106
0.4587543814233928,0.4998655740605765,0.04138004451603084
0.4099543947525888,0.5499246773583855,0.04012092788902576
0.3767338558194042,0.5450704166650361,0.07819572751555977
0.45980162409184405,0.49858174313569836,0.04161663277245759
0.4454426732135369,0.5136866634306019,0.0408706633558611
0.48500470130501716,0.4729384751076126,0.042056823587370375
0.45609524907663995,0.5018817074586994,0.04202304346466062
0.4177547995449424,0.5299788677802365,0.0522663326748212
0.529368373517332,0.4316285481486409,0.0390030783340272
0.4275430555992174,0.5290499387150709,0.043407005685711764
0.4157464355727697,0.5532798483472564,0.03097371607997399
0.41341662052350964,0.552883908337272,0.0336994711392182
0.4841664924962834,0.478089312397451,0.037744195106265484
0.4903513291056294,0.47325532732123654,0.036393343573134014
0.4188638738943553,0.5430601948053844,0.03807593130026022
0.5165260075382071,0.44102385300601826,0.04245013945577467
0.4629171452721744,0.4951474052857947,0.041935449442031036
0.5143057207255509,0.44541612130043834,0.040278157974010784
0.4227717687383056,0.5367400002134399,0.04048823104825457
0.4479646244506076,0.5097057068260028,0.04232966872338965
0.48611291022556985,0.47914081670780134,0.034746273066628676
0.44199716634889546,0.5216368810094384,0.03636595264166622
0.49717104510116195,0.46272116621788345,0.04010778868095454
0.5206165470080231,0.4388736448015541,0.040509808190422936
0.4179455345484359,0.5405554629175606,0.04149900253400361
0.4169435446299329,0.5490673473952858,0.03398910797478099
0.5052888670812777,0.45320446350031574,0.04150666941840667
0.4437095908418476,0.5183955207882397,0.03789488836991285
0.41722009555165906,0.5447596135949802,0.03802029085336081
0.42058331012686845,0.5467298060060257,0.032686883867105596
0.5494798406755109,0.40870522273845034,0.04181493658603869
0.4709263281099094,0.48890071185064415,0.040172960039446516
0.5851998332653521,0.3671542443051948,0.047645922429453286
0.4163539247085066,0.542691687061682,0.040954388229811234
0.5124859551826979,0.44652244604483166,0.04099159877247041
0.4810209146600219,0.47678818751459084,0.04219089782538707
0.4301030900404254,0.5287832327623021,0.041113677197272325
0.4299625061706715,0.5290978117362201,0.04093968209310833
0.4259401644791874,0.5362579238966658,0.03780191162414672
0.41733124873165134,0.542637435536174,0.040031315732174645
0.3988969489363327,0.5664574902659927,0.0346455607976745
0.42873817411138276,0.5335349125990689,0.0377269132895483
0.40880507481404726,0.5556364618839047,0.035558463302048156
0.40784416061330014,0.5536875709511798,0.03846826843551999
0.41199662260028586,0.5483697825999442,0.03963359479976998
0.4373114467841414,0.5220898249130693,0.0405987283027893
0.45878841881251375,0.5026390877273496,0.038572493460136734
0.43315743965658055,0.5251951189902163,0.04164744135320329
0.4809252246015022,0.47918159813210914,0.03989317726638878
0.5221945149876952,0.43778203250365466,0.04002345250865006
0.4155801443480385,0.5407797795639461,0.043640076088015387
0.44924053541343895,0.5113916717044164,0.0393677928821449
0.44350601104718435,0.5185571030215771,0.03793688593123863
0.4230982019258861,0.5369335691975314,0.03996822887658232
0.4267276774383989,0.5332661082668342,0.040006214294766786
0.42361987264956397,0.5361426275450638,0.04023749980537233
0.4201772810007487,0.5384542844407955,0.041368434558455874
0.4600675138346319,0.49799661972928416,0.04193586643608399
0.4252632046129344,0.53688507757029,0.03785171781677568
0.46720095111746573,0.49887242932894776,0.0339266195535864
0.4215104167209804,0.5370112512971789,0.041478331981840734
0.5029620452507831,0.4564562599774309,0.04058169477178597
0.40292218719505113,0.5577302001879696,0.03934761261697924
0.4326608401523713,0.5249034590518649,0.042435700795763864
0.4561410545519111,0.49919092372240403,0.04466802172568489
0.45521134939145136,0.5034881442506258,0.04130050635792284
0.42655081506231296,0.5330595819279645,0.04038960300972262
0.4845887825895791,0.4746966290506378,0.04071458835978326
0.47274154102050286,0.48755305128764875,0.03970540769184843
0.4373019545138861,0.5271594508436056,0.035538594642508164
0.43827270107359245,0.5231726801869268,0.038554618739480705
0.4464552604662177,0.5215806099949799,0.03196412953880256
0.422205676087603,0.536494129709291,0.041300194203105996
0.41040667738147696,0.5499361011651468,0.039657221453376044
0.45117503201803977,0.5073653366037496,0.041459631378210716
0.482278749575659,0.47621336128133374,0.04150788914300721
0.42949873488941087,0.5300728597045217,0.04042840540606756
0.5144125299751257,0.4479460269726835,0.0376414430521907
0.40612172629225773,0.5566792855497641,0.03719898815797812
0.39202365021332636,0.5663294516842766,0.041646898102397065
0.40697797305211003,0.5574883517230631,0.03553367522482695
0.4522651139853001,0.5103929568022897,0.03734192921241016
0.4125916669078898,0.5476655797022927,0.039742753389817295
0.4070965229343675,0.5541426985112304,0.03876077855440215
0.411618196373752,0.5489831270365179,0.03939867658973011
0.4146152733880278,0.5456920350242049,0.03969269158776723
0.43122645373875096,0.5355245247683663,0.03324902149288277
0.4576379933272646,0.3398150252941963,0.20254698137853897
0.4580523463767361,0.5033317109673171,0.038615942655947005
0.5578600534778105,0.406360268134746,0.03577967838744346
0.4352447810412445,0.5234642471985254,0.04129097176023006
0.41647717949569596,0.542358939697597,0.041163880806706916
0.44362038973033974,0.5166904003167888,0.039689209952871306
0.44195378440127403,0.5185573553068793,0.03948886029184646
0.49225226434123537,0.44477932925384817,0.06296840640491638
0.4202947156326567,0.5363229580710028,0.04338232629634039
0.5222357731020705,0.4356927924815971,0.04207143441633244
0.479477323174121,0.4783411728249768,0.04218150400090216
0.47302840745794555,0.4815011320374659,0.045470460504588694
0.41054740201266876,0.5502943126022812,0.03915828538505035
0.43375535659571396,0.5235298842130293,0.042714759191256946
0.4199673424922504,0.5402910145130276,0.03974164299472183
0.43392163721097177,0.5250013667539161,0.04107699603511225
0.43008725728905156,0.5284509828302446,0.0414617598807038
0.46180601084795686,0.49853637400060624,0.03965761515143708
0.40898509475310296,0.5499037212441322,0.04111118400276458
0.5032312919788334,0.46230729126101616,0.03446141676015057
0.4290535512991379,0.5307055679148471,0.04024088078601488
0.4672295786424221,0.49236754594544846,0.040402875412129384
0.4877611424302411,0.4718727089266833,0.04036614864307557
0.4657529330690265,0.488973880310998,0.045273186619975626
0.42994191644944124,0.5310101981453984,0.03904788540516044
0.4325802099711309,0.5307136241790176,0.03670616584985142
0.4576883619071319,0.5066116278373088,0.03570001025555928
0.5082795085439491,0.449385967111406,0.04233452434464474
0.4562723788814738,0.5021815567617808,0.04154606435674535
0.41587581473247454,0.5454916163533889,0.03863256891413655
0.45652688519622325,0.5022066771711541,0.04126643763262286
0.4306737421182786,0.5310747382191409,0.038251519662580696
0.5162560387616959,0.45034834154227327,0.03339561969603057
0.45156016258285275,0.5081152187976459,0.0403246186195013
0.5390585192235149,0.41944969072621985,0.04149179005026535
0.5484438839615355,0.4081080555771656,0.04344806046129869
0.5520826495466313,0.40615850693502464,0.041758843518344045
0.4422337143414857,0.5175461440863509,0.0402201415721634
0.47274955890440146,0.4877576347403849,0.03949280635521383
0.42086207021671274,0.5375848148257035,0.04155311495758386
0.397282155842949,0.5635412989381279,0.03917654521892327
0.40709308199838107,0.5547315556131128,0.03817536238850618
0.44179123166910694,0.5188251711441142,0.03938359718677871
0.48049101462075366,0.4796618191518075,0.039847166227438634
0.4110978759614284,0.5481146625810844,0.04078746145748717
0.47933233561128696,0.4924494338793823,0.02821823050933084
0.4308580895756899,0.5218604462779504,0.04728146414635947
0.4087054380938026,0.5502462524513485,0.04104830945484892
0.47916563106606513,0.4815442379353979,0.03929013099853683
0.40502535106614895,0.5533621933199091,0.041612455613941925
0.4153977993159382,0.5424804419070219,0.04212175877704018
0.4268878700911825,0.5320728736668229,0.041039256241994705
0.41104557303795725,0.5498435104448579,0.03911091651718472
0.40910350409361806,0.5494095071359215,0.04148698877046053
0.4442811821367981,0.5133124442272438,0.04240637363595822
0.5130560616107185,0.4450662910698733,0.04187764731940795
0.48986928898645515,0.47525142690720995,0.03487928410633492
0.5148074846013615,0.443584892789293,0.041607622609345404
0.41420380612057967,0.5457948118071001,0.040001382072320124
0.4255673057319076,0.54033637336059,0.03409632090750244
0.41520696759600884,0.5449583795121498,0.03983465289184123
0.4345270520730942,0.526216395716583,0.03925655221032277
0.41076347956208065,0.5489567168490624,0.040279803588857147
0.46211294934203795,0.497750505039644,0.04013654561831783
0.5654561541272365,0.3946340576982313,0.03990978817453242
0.45747851159812414,0.5031786509547888,0.039342837447087005
0.4122711636162811,0.5474072866045749,0.04032154977914391
0.4169257645569685,0.5432487934468218,0.03982544199620965
0.4769331118712344,0.4809303497478076,0.04213653838095814
0.390015304841576,0.5676274836553291,0.042357211503095
0.4783616961985079,0.4815980081153571,0.040040295686135145
0.41349761648462235,0.5503163400994758,0.036186043415901925
0.543805145809138,0.41648340113159094,0.03971145305927088
0.40409759159865577,0.5546885346381165,0.04121387376322745
0.4252036173367045,0.5351270171077402,0.03966936555555506
0.4969394293680808,0.46114236818008464,0.04191820245183446
0.4413042490811025,0.5209153935425258,0.037780357376371546
0.3726096022842521,0.5498478836136091,0.07754251410213851
0.6151105378648352,0.3416834771734326,0.04320598496173228
0.5125595491007893,0.45042597864708794,0.037014472252122906
0.4313482504595757,0.5321893733900832,0.0364623761503412
0.5207127591757026,0.438236853940522,0.041050386883775616
0.4675623648672039,0.49153236682707724,0.04090526830571905
0.4386888306808125,0.523232992728441,0.03807817659074658
0.4579887619300687,0.5027279396139562,0.03928329845597488
0.43772373472855,0.5241867298861153,0.03808953538533483
0.423785750635604,0.5336134242732761,0.04260082509112027
0.5174971910284043,0.44744572109091785,0.03505708788067798
0.4373186150912421,0.5230207496755316,0.039660635233226306
0.41052378979336235,0.5483430264999856,0.0411331837066519
0.4204857458050199,0.5394223328538698,0.04009192134111023
0.38560314191538336,0.5465735125619892,0.0678233455226274
0.4692357719280833,0.4895422687469422,0.041221959324974286
0.5113397694202959,0.4491813226357901,0.03947890794391419
0.4120310224186672,0.5496499946907496,0.0383189828905833
0.4175400008850797,0.5412218185138189,0.04123818060110155
0.5224054416006113,0.43577328346971034,0.04182127492967828
0.41491243981321707,0.5450483565590694,0.040039203627713696
0.4477019673981378,0.5116399851205099,0.040658047481352086
0.42077447415407065,0.5412647119982756,0.03796081384765384
0.4838475870962544,0.4749502081107604,0.041202204792985156
0.4532735433181185,0.5014803506110401,0.045246106070841396
0.45527818490397476,0.5036592704460119,0.04106254465001346
0.42104248022929036,0.5453466426591085,0.033610877111600886
0.5800827276674136,0.3825303084917439,0.037386963840842564
0.43126017174564674,0.4868515500848261,0.08188827816952692
0.42746007504189293,0.5183407276280183,0.054199197330088766
0.4091979742879911,0.551580515637633,0.039221510074375826
0.4378360695986586,0.5233523266061937,0.03881160379514797
0.518565976876297,0.44126228105435844,0.04017174206934457
0.4165115986079353,0.5419602675997749,0.04152813379228967
0.41255909387957534,0.5477892668931414,0.03965163922728305
0.5147482842606166,0.4431024192093339,0.042149296530049396
0.4342887654610212,0.5256743561739299,0.040036878365049086
0.44933591356237357,0.5105551252333932,0.04010896120423336
0.5309520651332723,0.4304869777990888,0.03856095706763878
0.4137407452609693,0.550056491261321,0.03620276347770954
0.42552199131341956,0.5345826238853613,0.039895384801219104
0.42046270846072326,0.5425061530336623,0.037031138505614486
