0,1,2
0.4171254456347282,0.5452679770005368,0.03760657736473496
0.43226804929861257,0.5293323174620294,0.03839963323935827
0.4260888728851781,0.5351247033144856,0.03878642380033653
0.4231009192849657,0.5401763388383043,0.03672274187672996
0.5185689492749711,0.4419267222878022,0.039504328437226593
0.4214732963533422,0.5415087392740776,0.03701796437258006
0.6200480082395193,0.34707997791993167,0.032872013840548976
0.4515319793683917,0.5073738451181737,0.04109417551343484
0.4225781041086046,0.5139337411611983,0.06348815473019705
0.5201149336704454,0.4399757996755661,0.03990926665398851
0.38264899289317406,0.47693237727821747,0.1404186298286084
0.47243352522659976,0.49384007010663433,0.033726404666765894
0.43888657587288976,0.5214779873336827,0.039635436793427556
0.43594210046645193,0.5249186422242231,0.03913925730932499
0.42769255527729927,0.5392081282274791,0.03309931649522168
0.4136824435092783,0.5437888377247451,0.042528718765976976
0.4299744850217962,0.532839270110982,0.03718624486722207
0.5601111249630821,0.4029492901455029,0.036939584891414634
0.4202452818715556,0.5447595374193357,0.0349951807091089
0.4543118073313406,0.506534119068226,0.03915407360043368
0.5367842547570572,0.43374001415794977,0.029475731084993056
0.45218652019141187,0.507976897731693,0.0398365820768953
0.4555707646315872,0.506830857281648,0.03759837808676482
0.4063710564528,0.5582106972332855,0.035418246313914416
0.4082310869829146,0.5584361340260766,0.033332778991008866
0.49024729376049647,0.47478789228889995,0.034964813950603614
0.5913792760679402,0.3877168420106977,0.02090388192136199
0.5348224564092734,0.42402886850527655,0.0411486750854498
0.4129660141310368,0.5571120774455084,0.02992190842345464
0.5082979289396107,0.4533858368442547,0.0383162342161346
0.4702785852077403,0.4950258665140133,0.034695548278246294
0.4164635314545462,0.5450609891137488,0.03847547943170511
0.46957468575218164,0.49147802368703636,0.03894729056078209
0.473850903751409,0.49508293380104745,0.031066162447543746
0.42287828987019244,0.5395469434273281,0.037574766702479195
0.4613402107488804,0.5035866596635592,0.035073129587560634
0.42519369065746465,0.5381775050480532,0.03662880429448188
0.43727360285598965,0.5122157504905275,0.05051064665348266
0.422543868855061,0.542327993426297,0.03512813771864205
0.44959439456292877,0.5112157411351377,0.03918986430193364
0.42896584463170484,0.5347431294490748,0.03629102591922044
0.4541840391570311,0.5147508744397681,0.03106508640320065
0.413203912044903,0.5529421157640594,0.033853972191037696
0.45620094715551374,0.5042256561100407,0.03957339673444536
0.47484753333203567,0.4876957888499225,0.037456677818042
0.510352838673184,0.45013314173751023,0.03951401958930587
0.4397706376833586,0.5230209910031267,0.037208371313514586
0.47062978278232587,0.49190450052983786,0.037465716687836055
0.41973813785946634,0.5407692858551434,0.039492576285390046
0.45311008052061974,0.5184700524219195,0.028419867057460642
0.4195442347491908,0.5401712236886178,0.04028454156219146
0.47619849378204837,0.48561272389531657,0.038188782322634916
0.46984781897848465,0.5020963792362533,0.028055801785262055
0.4485455555073308,0.5125282094556586,0.03892623503701065
0.5278035092909038,0.43514067489521663,0.03705581581387961
0.43373842556311953,0.53023724200216,0.03602433243472032
0.4103028932698338,0.5499715382487486,0.039725568481417575
0.48210474408900134,0.4844273293004668,0.03346792661053189
0.47865747825707633,0.47842230358040017,0.04292021816252364
0.4539153514283456,0.5144259214921314,0.03165872707952295
0.43734205568918066,0.5260876971416849,0.03657024716913451
0.42266733214850594,0.5413440700104757,0.03598859784101814
0.42400611492116297,0.5484095902072349,0.027584294871602185
0.40735212510771646,0.5542352117999239,0.038412663092359856
0.35889398758201657,0.5468108754715594,0.0942951369464242
0.4319920260811039,0.5296104732952397,0.038397500623656135
0.41527203519101935,0.5452971563222773,0.03943080848670352
0.409480341995636,0.55137389286377,0.03914576514059381
0.4906497918930763,0.469373898717567,0.039976309389356895
0.41981411632145627,0.5440238616807005,0.03616202199784311
0.4477132158161305,0.5195615527041672,0.03272523147970214
0.41088451129161896,0.5523424191345123,0.036773069573868944
0.47672130617488984,0.48619753585779757,0.03708115796731279
0.5014920082458562,0.4634397438835808,0.035068247870563056
0.4732390607087135,0.487837365077902,0.038923574213384354
0.44588712445624157,0.5174150806361929,0.03669779490756536
0.41032970491557236,0.5534517793325847,0.03621851575184328
0.467888413191608,0.4918958982937323,0.04021568851465982
0.4502114201140877,0.5105416709004411,0.03924690898547089
0.43651046866798865,0.524266198224893,0.03922333310711816
0.47577915079225597,0.4863864321702824,0.03783441703746189
0.4455688239451155,0.5152906039631879,0.03914057209169665
0.5593884446805546,0.4048092717987896,0.035802283520655585
0.4181095987827705,0.5436562003290751,0.03823420088815426
0.42926483449849717,0.5357638605194089,0.034971304982093894
0.42213174085740257,0.5400547020920541,0.03781355705054334
0.43853033015404785,0.5248926416784283,0.03657702816752377
0.45613759000900195,0.5070623925569644,0.03680001743403357
0.5149554440992452,0.4375914526945431,0.04745310320621181
0.498818724132536,0.4626587554750892,0.038522520392374915
0.5726350594125164,0.39266068181908265,0.03470425876840101
0.44853993457866026,0.5169040034737339,0.03455606194760573
0.4878279088589415,0.4801483447828602,0.03202374635819808
0.44419001198702535,0.5165127411739381,0.039297246839036466
0.5472496649560884,0.42025049726231944,0.032499837781591996
0.4136045460110969,0.5626272065238085,0.023768247465094473
0.5456700678747782,0.41659648034333074,0.0377334517818911
0.48264949819950925,0.48258702547580057,0.034763476324690394
0.4505029270971051,0.524935521573613,0.02456155132928207
0.41777060681898975,0.5526606748677363,0.02956871831327406
0.45381730983417623,0.5063775742423622,0.03980511592346166
0.5652363974402563,0.405200051145103,0.029563551414640465
0.570981240820538,0.3629375491230547,0.06608121005640709
0.4751762312735775,0.505603392584715,0.01922037614170758
0.4374923756082114,0.5282890606578039,0.034218563733984894
0.4665317120974888,0.49375163563819413,0.03971665226431689
0.4135982281697047,0.5413527452079917,0.04504902662230358
0.4256850822502185,0.5463171488947006,0.02799776885508098
0.42278280245551875,0.540131695432788,0.037085502111693106
0.4397747409701669,0.5215584987205802,0.03866676030925276
0.4270407355261651,0.5343145131089604,0.038644751364874476
0.5910573761728534,0.38309524294788483,0.02584738087926174
0.42638296860887975,0.5342589022875005,0.039358129103619605
0.48879215154872574,0.4726119995568875,0.038595848894386504
0.46628554598669625,0.49634968192270307,0.03736477209060042
0.46504869642639707,0.4955210781024826,0.039430225471120246
0.4798156851244498,0.44966832621355834,0.0705159886619921
0.4896132383483089,0.47332432174034184,0.03706243991134907
0.4165749833359477,0.5488321086856248,0.034592907978427304
0.538486916402512,0.42332325667290954,0.03818982692457856
0.4706352174870689,0.49424793136917555,0.03511685114375571
0.41114482065310465,0.5501098047808272,0.038745374566068136
0.5342353399211686,0.4251702100651427,0.04059445001368882
0.4241168891694467,0.5391410950376411,0.03674201579291234
0.5100900640419155,0.4547941051659529,0.035115830792131535
0.42263047707943496,0.5345669702315203,0.042802552689044523
0.44268559963959964,0.5304450754172885,0.026869324943111998
0.5030076625699166,0.4626122229298877,0.034380114500195826
0.5326233873457684,0.4312250590917489,0.03615155356248261
0.4271382103258969,0.540732635217273,0.03212915445683041
0.5567353036865225,0.4058866431966751,0.037378053116802604
0.5484116366710486,0.40648124904049765,0.0451071142884536
0.4395689407413537,0.5270909388907568,0.03334012036788968
0.5386392186427537,0.4248476567792917,0.03651312457795455
0.45023496142189895,0.5121295481327754,0.03763549044532562
0.4909099968009348,0.47338552129696687,0.0357044819020984
0.44286562351355285,0.5176701425867117,0.03946423389973521
0.4277106168265889,0.5360129741604556,0.03627640901295569
0.44834446572438513,0.5152375786641772,0.03641795561143748
0.4789514413129422,0.46464847157800454,0.05640008710905334
0.467931003373867,0.4602452834391272,0.07182371318700571
0.45261215851333647,0.5074034732498268,0.039984368236836654
0.42204648752469504,0.5450221187362745,0.03293139373903034
0.5008227236794682,0.4605430415666238,0.03863423475390814
0.41939400029286833,0.5446047178549365,0.036001281852195276
0.4752678588321733,0.4869086556699425,0.03782348549788404
0.491485276377251,0.4675532890024533,0.04096143462029565
0.4535072924146919,0.5098504001808833,0.036642307404425
0.419100547680449,0.5409068881769683,0.039992564142582746
0.4446015171891632,0.5159075333984922,0.039490949412344385
0.4210405640055432,0.5474608830680208,0.031498552926436066
0.43727071253650995,0.5233201142062782,0.03940917325721178
0.4785813181565586,0.4843968277381512,0.03702185410529009
0.4400629037135344,0.5223497651998976,0.03758733108656798
0.46699142308146097,0.4955138313253427,0.03749474559319612
0.41900336739227045,0.5200379627669193,0.06095866984081007
0.4356259318619836,0.5273081069152211,0.037065961222795187
0.4522777644636295,0.5090897270676745,0.03863250846869632
0.42718707108366066,0.5392741405639425,0.03353878835239697
0.5049163260869902,0.4572527055328872,0.0378309683801226
0.4494848933426062,0.5172875323562421,0.033227574301151606
0.4725987271615256,0.49135470991212804,0.03604656292634615
0.582915388860493,0.38114683986647624,0.03593777127303074
0.5124230110502787,0.4488801784941776,0.03869681045554382
0.43997217419345874,0.5207989024271626,0.03922892337937857
0.4122259106565247,0.5552379440552923,0.03253614528818288
0.4644602273727554,0.49648135448302405,0.03905841814422079
0.42491634611407547,0.5392033843661423,0.03588026951978219
0.41317278413550396,0.5629685676623608,0.023858648202135086
0.5334869550742257,0.4275342993871959,0.03897874553857846
0.41641677239544,0.5444789533632698,0.039104274241290184
0.4193934992817738,0.5408708717218004,0.03973562899642559
0.5163961144698794,0.43148748861763503,0.05211639691248569
0.41867863349661594,0.5404696993523377,0.04085166715104654
0.22634988506147322,0.6166264222382793,0.1570236927002476
0.45177643739738954,0.513596747904709,0.03462681469790142
0.40987466911208764,0.5535424946041481,0.0365828362837641
0.44132797224351494,0.5196354409382384,0.039036586818246614
0.5588744582985081,0.3943237398782843,0.04680180182320777
0.5113415370135067,0.442448831507742,0.046209631478751304
0.4763309697827263,0.4858328973797162,0.03783613283755754
0.43740058546613886,0.5298670005861378,0.032732413947723436
0.4919827440675172,0.4741412974057848,0.033875958526697905
0.44174347839406547,0.5231304403407762,0.03512608126515834
0.4386146347424459,0.5387705080869395,0.022614857170614535
0.5190472573099235,0.45587444613075334,0.025078296559323
0.5482902247568222,0.41432887128140783,0.03738090396176997
0.5164469104053662,0.4583920421012811,0.02516104749335278
0.44686370029557315,0.5294655667401085,0.023670732964318295
0.47083568297373046,0.49459286332196734,0.03457145370430199
0.462999555666872,0.4984457335378542,0.03855471079527405
0.549400495175922,0.40539347602390774,0.04520602880017028
0.432997405340291,0.531788589928234,0.035214004731474964
0.4242888441273956,0.5399188805388776,0.03579227533372642
0.43075588414175886,0.46392802168600455,0.10531609417223664
0.4489933428245104,0.5119748567109137,0.03903180046457592
0.44704089527262186,0.50069084262502,0.052268262102358166
0.4006603761998714,0.558362732084895,0.040976891715233776
0.46655418824181377,0.4167755623938912,0.11667024936429508
0.4305805050491696,0.533316963829966,0.03610253112086409
0.4823368987389865,0.47915703762500295,0.03850606363601057
0.48569044529655053,0.4771661130224355,0.03714344168101401
0.5184258209678936,0.44290177520544277,0.038672403826663676
0.5586991810732145,0.397973702064633,0.043327116862152563
0.4503067913288888,0.5238218833006112,0.02587132537049984
0.4232231254515261,0.5370378297087461,0.039739044839727476
0.4824020479837583,0.4853344717195892,0.03226348029665266
0.47033029705802504,0.4918105044152865,0.037859198526688405
0.5077638637015929,0.45912491163031155,0.033111224668095546
0.42142737523851004,0.5399848095676282,0.03858781519386184
0.4419302796098478,0.5185276364537611,0.03954208393639118
0.42880965982978037,0.5355062734213196,0.03568406674890019
0.43555113900782993,0.5259650296702756,0.03848383132189446
0.49197064368174415,0.46891763915726126,0.03911171716099462
0.45217422404125895,0.5122331688375925,0.03559260712114818
0.44778965898262074,0.5074174353243843,0.04479290569299483
0.45865043917793724,0.5194142732813318,0.021935287540730954
0.42446590572309023,0.5370389900461158,0.038495104230793824
0.44828735740940295,0.5158197717138732,0.03589287087672398
0.5106852632460975,0.4506698965725945,0.038644840181307934
0.4545277386256573,0.5120412920812931,0.03343096929304956
0.40619816540395803,0.5622311870070269,0.03157064758901493
0.47464261925591733,0.4871581572005291,0.038199223543553644
0.4714048880027519,0.493532610993216,0.03506250100403202
0.46237663300148024,0.49877967811468066,0.03884368888383913
0.5031799564773869,0.46543050835451566,0.03138953516809741
0.4245485581169411,0.5367309939260387,0.03872044795701996
0.4162627596406305,0.5536894445642431,0.03004779579512642
0.4129514516411208,0.5548565104265635,0.032192037932315676
0.4730664614510168,0.493864091079672,0.033069447469311196
0.5302469928517803,0.4313412407928436,0.038411766355375895
0.4238852710294868,0.5381739942678446,0.03794073470266886
0.46642363208056603,0.4947460931001091,0.03883027481932481
0.4979198017999722,0.4641347998727461,0.037945398327281527
0.5175255867448061,0.4290252593046688,0.053449153950525324
0.4949873022507623,0.47220010467393636,0.03281259307530145
0.4163242793411656,0.5457036140289578,0.03797210662987664
0.46860306885687175,0.48806472279840113,0.04333220834472725
0.451468234049248,0.5123724585098365,0.03615930744091551
0.48496613173400016,0.46000520763576686,0.05502866063023308
0.43022591013381106,0.5326972298141388,0.037076860052050256
0.4250995061909753,0.5349431822681935,0.03995731154083131
0.4098323898945433,0.5482941701379846,0.041873439967472205
0.5412520939878929,0.4193694673536114,0.03937843865849584
0.4276584461672028,0.5468766663111879,0.025464887521609216
0.42165055530083806,0.5510213664771478,0.027328078222013996
0.452907285449626,0.5073595936578439,0.039733120892530116
0.4327768999553125,0.528491128242813,0.038731971801874675
0.42652384581224756,0.5410591929738814,0.032416961213870985
0.4259733020021957,0.5335219099152574,0.040504788082547004
0.4203965322094946,0.5468840111615595,0.032719456628945924
0.41978890199866786,0.5494859133057369,0.03072518469559519
0.4491652203414932,0.5170525783696144,0.03378220128889261
0.47574233745397504,0.49194589020733714,0.03231177233868783
0.45256917058492446,0.5074409825454866,0.039989846869588716
0.45887503802055146,0.5147286348579307,0.02639632712151775
0.42441165028896644,0.5385646204800892,0.037023729230944435
0.46119846749496934,0.5027689407245453,0.03603259178048558
0.40868841068206274,0.5612733489357651,0.030038240382172034
0.4932172092547275,0.4718105531932366,0.03497223755203591
0.4233407989773404,0.5377045875887007,0.03895461343395894
0.4220334615768747,0.54209634175496,0.03587019666816543
0.43211344028649756,0.5332741872111598,0.034612372502342746
0.42168776501558747,0.5509329511535771,0.02737928383083528
0.5443831627169239,0.43204748437977497,0.02356935290330095
0.4079121139473121,0.5534791396283888,0.038608746424299005
0.4894669511942402,0.4818382476282241,0.028694801177535475
0.559521660877599,0.40668764954420245,0.03379068957819826
0.44831749781986874,0.5262337677824286,0.025448734397702705
0.5213456716490016,0.43646347017290194,0.04219085817809633
0.4951028095113434,0.47756857979161643,0.027328610697040092
0.4738826722813222,0.4917272673520309,0.03439006036664681
0.2291482673995033,0.5040677943881782,0.2667839382123188
0.41308300117876756,0.5419604189723821,0.04495657984885043
0.4043989549771507,0.5623424539767494,0.03325859104609969
0.4340347462727993,0.5278677699953087,0.03809748373189187
0.5001582478959363,0.4812013844004892,0.018640367703574332
0.5531268509682347,0.40253606996099456,0.044337079070770676
0.4330955709391725,0.5327333767883886,0.03417105227243893
0.4837349499330643,0.4935785509553658,0.02268649911156982
0.4880969598525215,0.47266874777727846,0.03923429237019987
0.45339300046639697,0.5150253413990526,0.03158165813455024
0.42816956973150516,0.5319685555238646,0.039861874744630016
0.4274096465583116,0.5347329733756964,0.0378573800659921
0.4184459325563569,0.5452245834206558,0.03632948402298724
0.4484845582407113,0.5128449252233218,0.03867051653596695
0.45937798095713916,0.4964426833651038,0.04417933567775718
0.4820704291441963,0.48559188293186106,0.032337687923942884
0.42508068099157903,0.5386511669589201,0.03626815204950078
0.45699615900658536,0.507233143887853,0.03577069710556149
0.4153498490840497,0.5468984061760963,0.03775174473985359
0.5084410183778266,0.45465910755342553,0.03689987406874784
0.4226599918409456,0.5447414103719911,0.03259859778706312
0.4121048808476847,0.5187072081059095,0.06918791104640576
0.41806805637328825,0.5516777438598642,0.030254199766847293
0.5261685788422539,0.4361160129655544,0.03771540819219169
0.4630376486823065,0.46827738062377333,0.06868497069392017
0.4599652490726875,0.5036438332421148,0.03639091768519728
0.4835824817913939,0.47922219631045276,0.03719532189815335
0.4512033739687483,0.5088148476387706,0.03998177839248107
0.4326012733943758,0.5304670652634944,0.03693166134212983
0.47852727137877915,0.4833449221862247,0.03812780643499596
0.42116657215481695,0.5425916283381226,0.03624179950706046
0.49537683691757656,0.47262764479805947,0.03199551828436388
0.4255747118789806,0.536249428599629,0.038175859521390416
0.4150541331562505,0.5515825548062403,0.033363312037509356
0.4235673176485765,0.5375960352577651,0.03883664709365851
0.40771103112134327,0.5521615130775515,0.04012745580110526
0.4723927347126261,0.4920004340054008,0.035606831281972985
0.4510915867990428,0.5201410547628468,0.02876735843811026
0.5042107116130635,0.455898083120386,0.03989120526655047
0.40554105402416957,0.557763215554528,0.03669573042130242
0.4279199664644463,0.5326858585435017,0.03939417499205181
0.437695780204325,0.5282429676606473,0.034061252135028024
0.440150940396062,0.5197059756482703,0.04014308395566769
0.5795655514696717,0.38947357256300563,0.030960875967322676
0.42895215190609354,0.531986681981435,0.03906116611247129
0.417271844775911,0.5446090416226407,0.03811911360144838
0.4738248528851442,0.49075312969699936,0.03542201741785634
0.4165264193910459,0.5481215498953619,0.03535203071359216
0.42572655304401136,0.5437254160055645,0.030548030950424382
0.42414602067413876,0.5431758826177759,0.032678096708085365
0.4386607635946709,0.5279471458946428,0.03339209051068663
0.39680411956971,0.5477783338047822,0.05541754662550778
0.4568219919301486,0.5079646170323331,0.03521339103751819
0.47493620269396325,0.485311985793065,0.039751811512971746
0.4128371551884591,0.5485234863385767,0.0386393584729643
0.49351158005869183,0.4704108122324385,0.0360776077088696
0.4278577865693762,0.5324101423803255,0.03973207105029838
0.415581068980215,0.5501200837531436,0.03429884726664117
0.46874242893479356,0.49261967208480806,0.038637898980398315
0.5526548053978304,0.4197070052552455,0.027638189346924216
0.42397921350580564,0.5383828270479969,0.03763795944619765
0.41143367708220147,0.550816440955267,0.03774988196253158
0.42185177344901414,0.5390824123421835,0.039065814208802424
0.40834144665764505,0.5517012550022182,0.039957298340136935
0.4136402386417004,0.552110594374815,0.0342491669834843
0.4436068725849226,0.5205666514607734,0.035826475954304056
0.5287351809919962,0.4340773072147051,0.037187511793298544
0.452361843924773,0.516655450780017,0.030982705295210092
0.4474396356517534,0.44240072253722595,0.11015964181102049
0.4191278764403978,0.5419074494354198,0.038964674124182606
0.4780646197408736,0.49166010590274434,0.030275274356381943
0.42691410796344387,0.5378563330804318,0.03522955895612434
0.4180626073300943,0.5443102222789563,0.03762717039094948
0.4221711673714278,0.5400612431179039,0.03776758951066839
0.427796161043665,0.5328053651258392,0.03939847383049563
0.44704332828716287,0.5066247392009493,0.046331932511887955
0.46187552024050904,0.5044044675459286,0.0337200122135623
0.4210931861410537,0.5394884789087023,0.039418334950244
0.3910505054325823,0.5597961909642566,0.04915330360316103
0.42550724543918106,0.5410358471900519,0.03345690737076697
0.4415224498535739,0.519779686790742,0.038697863355683926
0.48187448004126987,0.489873966935952,0.02825155302277794
0.5751882007595801,0.3985105965988008,0.026301202641619052
0.4794034948667426,0.4892527382145129,0.031343766918744555
0.44367198409109226,0.5163223371198671,0.0400056787890406
0.4495979280754868,0.5108133754759341,0.039588696448579305
0.4155118889683037,0.5450057827145709,0.03948232831712524
0.4517618364813034,0.5087803521838652,0.03945781133483125
0.4527256254677997,0.5143332654211047,0.03294110911109567
0.4363013776846729,0.5250923546082797,0.0386062677070475
0.45035311635511677,0.5176256014000418,0.03202128224484131
0.42467906258259003,0.5371054709525263,0.038215466464883455
0.42676261923189607,0.540114578008531,0.033122802759572946
0.442755974648064,0.5187670171239697,0.038477008227966486
0.46260473101875016,0.4985426311710783,0.03885263781017156
0.5006958012413742,0.46056157937672587,0.03874261938189989
0.4230255993229581,0.5376589345215361,0.03931546615550572
0.44391325401049003,0.5264902662357563,0.029596479753753572
0.42740624867142235,0.5477800736372295,0.024813677691347878
0.42523291233823085,0.5366038341972734,0.03816325346449557
0.4970627834776971,0.4699572734702128,0.032979943052090094
0.4191434882602021,0.5445070451624944,0.03634946657730353
0.41020950830715147,0.5514628559078603,0.03832763578498815
0.4282520026120919,0.5336083259425611,0.038139671445346864
0.4277322891458282,0.5415679071650945,0.030699803689077185
0.486148447833599,0.48360682438893565,0.030244727777465466
0.45162853036404055,0.5094316844987269,0.038939785137232404
0.4539165075567269,0.5091826236901322,0.03690086875314077
0.39667216844038095,0.5634489610823854,0.0398788704772336
0.5006685557708603,0.46352336698278274,0.03580807724635668
0.4119287203716928,0.5618516889369877,0.026219590691319426
0.23639218945000898,0.5860928509925175,0.1775149595574736
0.4225000518172676,0.544268790206758,0.03323115797597446
0.44847744122972744,0.5133881556433021,0.038134403126970404
0.4541589452310517,0.4136359631956375,0.13220509157331126
0.4782225094787956,0.4907470762765496,0.031030414244654726
0.404746609852255,0.5255996373540245,0.06965375279372056
0.4290911664912028,0.5337199414079977,0.03718889210079916
0.4185274769995559,0.5469475306260059,0.03452499237443825
0.42899833677073673,0.53801042289232,0.03299124033694308
0.43864562435342297,0.5251950110953416,0.036159364551235786
0.45488068699034123,0.5061525133933046,0.03896679961635417
0.409721286176592,0.5595263238355487,0.030752389987859497
0.48743931284527303,0.47196289566625127,0.04059779148847572
0.45986409006823925,0.5016363101998107,0.038499599731949906
0.4649102082618231,0.49794480000558716,0.03714499173258953
0.3982709213514351,0.5576630665938729,0.044066012054691864
0.4629737544280273,0.5073228689609696,0.029703376611003262
0.4675539139307019,0.5015403135359289,0.03090577253336917
0.4303787573047807,0.5326078110996214,0.03701343159559772
0.4581766916925773,0.5026846156817167,0.0391386926257058
0.5523871415060243,0.4135821959375694,0.03403066255640608
0.4524210803959422,0.5115998995235455,0.03597902008051254
0.3237153559002771,0.3598735887545461,0.3164110553451769
0.5026562978813108,0.45951162013994645,0.03783208197874273
0.42758765614662586,0.5330437497221261,0.03936859413124804
0.41990486928698884,0.5416897685212417,0.038405362191769474
0.5699963248440406,0.39482989335082613,0.0351737818051331
0.5812671285758948,0.39191710305463245,0.026815768369472616
0.4080374666260821,0.5545334959048441,0.037429037469073556
0.5640168634872953,0.38279972567695647,0.053183410835748055
0.44850556188390783,0.5192870950516197,0.032207343064472475
0.42648792259862306,0.5341272924905223,0.039384784910854766
0.5507731443711629,0.4076969342187736,0.04152992141006368
0.5027133949708649,0.46221939269239576,0.03506721233673932
0.5516145073600769,0.4137184912398499,0.034667001400073436
0.42661015006151976,0.5417671981931775,0.03162265174530276
0.4705097929808934,0.49151933001629006,0.03797087700281629
0.4213840477113518,0.538137543601697,0.04047840868695144
0.4966162276971296,0.46668519699683586,0.03669857530603471
0.4306620251569107,0.531137373143195,0.0382006016998945
0.48159095571521826,0.4910384074833117,0.027370636801470134
0.49616987131520945,0.46330853937409483,0.04052158931069583
0.4732185258647781,0.4861010895782416,0.04068038455698032
0.4416594874897341,0.5184700363687267,0.03987047614153921
0.42453427862596205,0.5230735280467631,0.05239219332727502
0.4067892792931789,0.548729689631341,0.04448103107548015
0.5143070198502292,0.4477226383578614,0.03797034179190938
0.4776449361519241,0.49172235810949627,0.030632705738579655
0.4279053149260984,0.5353168681964582,0.03677781687744335
0.41504989829516375,0.5509090749662225,0.034041026738613527
0.48606278762821553,0.4740155760487798,0.03992163632300463
0.42193122704483044,0.5555270795571992,0.022541693397970405
0.4570960542762394,0.503656702918005,0.039247242805755464
0.5298719258721211,0.4329177949258122,0.03721027920206679
0.45005759085166663,0.5182739787588851,0.031668430389448256
0.4235235285717078,0.5421216508084623,0.034354820619829717
0.5146576272588426,0.4467085496340165,0.038633823107140884
0.4196962186626114,0.5429538325485703,0.03734994878881829
0.4187166580231823,0.5448644095723647,0.036418932404452986
0.50734573469292,0.4549605868511203,0.03769367845595972
0.441373173773001,0.5245412190776302,0.03408560714936889
0.46282844911079996,0.49948391376230106,0.03768763712689896
0.42677400543347255,0.5370750260437637,0.0361509685227638
0.4176507146716746,0.550792255328041,0.03155703000028438
0.43892885306121177,0.5206751247902835,0.04039602214850458
0.4485349305309112,0.513976377702375,0.037488691766713794
0.5057368729250059,0.4485338464653253,0.04572928060966898
0.4306476455134678,0.5334239244520277,0.035928430034504716
0.5095233649565041,0.4655526388031815,0.024923996240314286
0.4313866073756182,0.5302193546921177,0.03839403793226395
0.4196430851349458,0.5419592773258984,0.038397637539155455
0.4382224121523071,0.5367968674881868,0.02498072035950623
0.4117884541816769,0.5479026587334492,0.04030888708487427
0.44304699325801095,0.520595360813769,0.03635764592822014
0.42874687163701436,0.5458551985530398,0.025397929809945877
0.4527523243864609,0.5077470759088692,0.039500599704669986
0.4672783519725413,0.49634501217411797,0.036376635853340895
0.5855414953950533,0.27864053070192635,0.13581797390302028
0.4252305004544367,0.5384399245401381,0.0363295750054253
0.42166591270977455,0.5383323871173028,0.040001700172922455
0.4485230587499126,0.512765419361486,0.03871152188860105
0.5385751826748257,0.42627269349572006,0.035152123829454
0.4763492020447348,0.4848990949032964,0.038751703051968844
0.4482028496830688,0.5146778271215542,0.037119323195377155
0.41836415414279254,0.48637966225462254,0.09525618360258487
0.5110615111297847,0.4635115323225235,0.02542695654769177
0.443115293674971,0.5261375863684123,0.03074711995661682
0.46140798386776666,0.5026941845555627,0.03589783157667074
0.4418148096087809,0.5294209444628647,0.02876424592835455
0.4403764605546227,0.5214025545654092,0.03822098487996813
0.446807922593849,0.5201366644644998,0.033055412941651194
0.45296466155788606,0.5099489729723324,0.03708636546978142
0.45600233513504834,0.5140163732689351,0.02998129159601651
0.43422944327544305,0.527640765944349,0.03812979078020782
0.4154706109160872,0.5451956211731899,0.03933376791072258
0.42787027391042964,0.5339305090498792,0.038199217039691286
0.4447066684187327,0.51552729295748,0.0397660386237871
0.4601443848559341,0.5023554936904585,0.03750012145360734
0.48290318516751346,0.4819677920691692,0.03512902276331775
0.44115249286584934,0.5192834614269735,0.03956404570717738
0.5225791072711291,0.4518831841481046,0.025537708580766247
0.5405452093599625,0.4268275314594484,0.03262725918058884
0.4155771445534388,0.5484612044926137,0.03596165095394746
0.47942255743508116,0.4815037589949969,0.03907368356992188
0.44565513065633866,0.5143800247920546,0.03996484455160674
0.42889983814880805,0.5358601183410061,0.03524004351018575
0.482726795935775,0.47438772018450365,0.042885483879721305
0.4570279977002396,0.5029074920703168,0.04006451022944369
0.41490732193783625,0.5463755789102812,0.03871709915188245
0.4164097664636054,0.5444925685817059,0.039097664954688756
0.5344028389079774,0.42931078262657146,0.036286378465451026
0.503998280612734,0.4570253977918717,0.038976321595394554
0.47555289961503094,0.4879031245323558,0.03654397585261319
0.4829166507257321,0.48865104156651895,0.028432307707749117
0.42699766169839626,0.5395125263064491,0.033489811995154814
0.43648298004885855,0.533328873566472,0.030188146384669497
0.444902797845073,0.5310173841103532,0.024079818044573986
0.43702075268110435,0.5245884332651304,0.038390814053765446
0.5197482993532305,0.4552687646852862,0.024982935961483183
0.408464657131653,0.5529815118469316,0.0385538310214154
0.4228660041721137,0.5394060368660893,0.03772795896179689
0.45371282737184676,0.5057634005915725,0.04052377203658058
0.4295707279683805,0.5310208098465152,0.039408462185104
0.5804317114513059,0.38890108711466465,0.03066720143402949
0.4129563094326854,0.5484200323126999,0.03862365825461462
0.41121085258976964,0.5658690542339928,0.022920093176237322
0.4270220315636831,0.5336922698404573,0.03928569859585949
0.42116140648650024,0.5390891412122503,0.03974945230124987
0.4602096351970041,0.500613459752517,0.03917690505047894
0.4907933907455358,0.47553521428938395,0.033671394965079995
0.4405662940754293,0.5249220871759895,0.03451161874858107
0.44392421484053723,0.5163914019506435,0.03968438320881932
0.41665432079749853,0.5546896210139488,0.028656058188552793
0.5568236807265534,0.40584830922847187,0.03732801004497483
0.41228595074986996,0.5494038928402769,0.03831015640985308
0.4454208526443787,0.5000806163003111,0.05449853105531034
0.43724803879836777,0.5366255527746117,0.026126408427021026
0.47889517247956037,0.42656245470438936,0.09454237281605027
0.45072413306990416,0.5106765970368635,0.038599269893232334
0.4415150790495297,0.5256919897882742,0.03279293116219592
0.41809159400105816,0.5459929632159873,0.03591544278295429
0.4264219687965164,0.5424705262393172,0.03110750496416642
0.43015846206033215,0.5346532059498462,0.035188331989821575
0.41383998399603567,0.5458075558805582,0.040352460123406084
0.41824536544108426,0.553133743257027,0.02862089130188865
0.44190055426783414,0.5202056041517074,0.03789384158045849
0.4758728364717258,0.488037381281483,0.036089782246791116
0.4237915187473568,0.5365313245017833,0.039677156750860275
0.4777248957897915,0.48591387332899716,0.03636123088121125
0.4730612175791105,0.48760751202252894,0.03933127039836057
0.4360515923407694,0.5272177098481946,0.036730697811035974
0.4707939991858712,0.48997726292183,0.039228737892298575
0.44902294733983295,0.5132729203697669,0.03770413229040017
0.4879799781536517,0.47320338478115953,0.038816637065188626
0.48552641471678676,0.46154401405483886,0.05292957122837445
0.41498480541872385,0.5470578046319181,0.037957389949357954
0.45707432416072785,0.5051293188626508,0.03779635697662163
0.4270180491370774,0.5350739166727573,0.03790803419016538
0.46167174839894076,0.5154941073039921,0.022834144297067205
0.4234342499351482,0.5393413255377224,0.03722442452712953
0.42202772274366535,0.5415817165960484,0.0363905606602859
0.41578947315799225,0.5467675240800605,0.03744300276194718
0.41930968669358776,0.5002845307999731,0.08040578250643937
0.418213678902665,0.5432282432172474,0.038558077880087645
0.4185623503980265,0.546313498826209,0.03512415077576466
0.4617999906925071,0.49706424459512055,0.041135764712372284
0.4901120762139369,0.47061433363271643,0.03927359015334665
0.4458729137824855,0.5153585206809153,0.038768565536599034
0.4289307882061487,0.5358776355077665,0.03519157628608496
0.43545301714846546,0.5273451306972621,0.037201852154272366
0.4197430335938777,0.5483453839918332,0.031911582414289166
0.44292386709756354,0.5297260645242288,0.02735006837820769
0.42161811202857946,0.5385138362072418,0.03986805176417873
0.40329123805267725,0.5579191503595833,0.038789611587739824
0.43694405517972923,0.5278651953196585,0.035190749500612066
0.45609064574045594,0.5090053356216366,0.03490401863790744
0.5438788243883589,0.40221768104460404,0.05390349456703692
0.45776987542087083,0.5021733387268315,0.04005678585229783
0.4650330880082505,0.49742117697915456,0.03754573501259496
0.4275482589717959,0.5355354732023961,0.036916267825807814
0.4805777149107262,0.4802269482390119,0.03919533685026194
0.43031706597560027,0.5364295773609686,0.03325335666343105
0.4357120068391398,0.5284985229096637,0.035789470251196484
0.4444274826180491,0.5172775116503564,0.03829500573159449
0.42835816721809167,0.5321619535454114,0.03947987923649675
0.4369655171701301,0.524710791715187,0.03832369111468311
0.45193762278420363,0.5177675269001412,0.030294850315655295
0.47524004839306744,0.4938573841671335,0.030902567439798998
0.4294250222179309,0.5326998090801478,0.03787516870192126
0.32186144804917954,0.4247118850400163,0.25342666691080434
0.4263230410679792,0.5371438307822113,0.03653312814980965
0.4064764177695429,0.5505781168233955,0.04294546540706181
0.5126631289839365,0.4615306624858754,0.025806208530188078
0.4650488374680194,0.49943761949674587,0.035513543035234664
0.47810648424372587,0.48493283722743025,0.03696067852884404
0.4927721656107527,0.4683812865107269,0.038846547878520425
0.45749967259936086,0.5044210702668112,0.03807925713382804
0.42674500989466413,0.551385371628458,0.02186961847687798
0.41443142758696955,0.5462013303838985,0.03936724202913171
0.42683021703822416,0.5338039962719869,0.039365786689789045
0.4309514469581621,0.541262666294531,0.027785886747306913
0.44842467894774546,0.5114275163976748,0.04014780465457973
0.47163146930747124,0.49204703204999245,0.03632149864253633
0.4762803718846494,0.48595419602647066,0.037765432088879745
0.4963141528668198,0.4764682988205482,0.02721754831263203
0.5274031602109014,0.4438228528809536,0.028773986908144998
0.4153064833912526,0.5451160683827303,0.03957744822601715
0.46845174210628004,0.4952531831896565,0.03629507470406358
0.3867918312697203,0.576739116593375,0.03646905213690453
0.5524033386629438,0.4107772337601678,0.03681942757688823
0.4420590708138049,0.5200000236290855,0.037940905557109494
0.41937103883411836,0.5416405081211698,0.03898845304471168
0.43322448683795156,0.5354758829666626,0.0312996301953858
0.4526776686726626,0.5174926309917532,0.029829700335584068
0.48820981561531024,0.4738127538575825,0.037977430527107225
0.4819696325633133,0.480756097335799,0.03727427010088772
0.45423487651702277,0.5051430129809452,0.04062211050203181
0.41185732019938354,0.5524113671879689,0.035731312612647496
0.4325675200059731,0.5350814843525434,0.032350995641483325
0.4420734095499439,0.5245479792775528,0.033378611172503424
0.43114074915742073,0.5319768354915596,0.03688241535101955
0.4172611218792674,0.5201492411993062,0.06258963692142638
0.4828821144593456,0.48087270006267885,0.036245185477975596
0.42539263710761405,0.461035455817523,0.11357190707486287
0.48337425828798036,0.475286153794635,0.04133958791738483
0.43347911647944404,0.5348156626952801,0.03170522082527599
0.4743266252254675,0.48804505240845186,0.03762832236608071
0.48393930271102664,0.4830779167296418,0.032982780559331716
0.42178144803836704,0.54963306678654,0.028585485175092608
0.41718118680292676,0.5463248245265342,0.03649398867053943
0.4644120339389435,0.5045942031127604,0.030993762948296154
0.44073525007826564,0.5214206520965333,0.03784409782520124
0.44612865921570716,0.5149367342826988,0.03893460650159387
0.4258372086739325,0.5359506267120955,0.038212164613971644
0.4087538764393932,0.5563972067437307,0.03484891681687595
0.494815369544293,0.4678186811918455,0.03736594926386169
0.4892207610416018,0.44025470233519975,0.07052453662319837
0.413313521959889,0.5353108830955235,0.051375594944587516
0.47128376890423646,0.48281211514016376,0.04590411595559968
0.4105650306459498,0.554935149747273,0.03449981960677722
0.48495811537672123,0.4800968740527966,0.03494501057048213
0.4227339552759395,0.5391885235048899,0.0380775212191705
0.49060789658971565,0.473609536011582,0.035782567398702385
0.4248590716881765,0.5382436297114102,0.03689729860041331
0.4536996066493853,0.5074735030610582,0.03882689028955662
0.399847402454721,0.5241182752271009,0.0760343223181782
0.5249818825122115,0.43593867733448777,0.039079440153300705
0.45060498038331503,0.5134676476504925,0.03592737196619258
0.4954442288897997,0.46631050336555113,0.03824526774464909
0.41063351177252255,0.5545970652735297,0.03476942295394772
0.44790705313423407,0.5204143348954142,0.03167861197035159
0.4865207471482718,0.4823619362706241,0.03111731658110398
0.419641844171817,0.5307524057538715,0.04960575007431156
0.4494442710671235,0.5109554634248356,0.039600265508041015
0.44071172148360255,0.5343829579735365,0.024905320542860827
0.41895240915307597,0.5450531017751302,0.0359944890717936
0.4446445376930965,0.5233459775231349,0.032009484783768534
0.41053481399271097,0.5554195486791325,0.03404563732815641
0.4461775255769471,0.5157578464027824,0.0380646280202703
0.532948022811021,0.42787894733334997,0.03917302985562885
0.42550750748647426,0.5366271807262976,0.03786531178722834
0.48996507825265423,0.47085647555384424,0.03917844619350157
0.4522244284897997,0.5138129820516886,0.033962589458511785
0.4947669430896095,0.47450949977284335,0.030723557137547236
0.4405467215941501,0.5233151420112314,0.03613813639461843
0.4487460621224343,0.5160781867660591,0.0351757511115067
0.430835393630863,0.5303725582461862,0.03879204812295097
0.3764952914783604,0.5911402966738932,0.03236441184774649
0.43971018389999506,0.5241926722463296,0.03609714385367516
0.42462628278803327,0.5360853641044832,0.039288353107483354
0.47199247457477805,0.4984227981917027,0.029584727233519265
0.41526830994590547,0.5525221887619297,0.032209501292164926
0.41315509124156446,0.5470044112088427,0.03984049754959299
0.43402209530509694,0.5272935627026354,0.03868434199226764
0.4216352822825132,0.5380337101861352,0.04033100753135164
0.45636817932929363,0.5066900797038261,0.03694174096688022
0.4173548827484471,0.5548415616005649,0.02780355565098813
0.534948291319671,0.4247219887430026,0.040329719937326404
0.41046246519233553,0.5517168961811596,0.0378206386265047
0.4232334729679423,0.5467324527480916,0.030034074283966244
0.40927050748969934,0.5522438207548007,0.038485671755499884
0.410789099412628,0.5575758195372699,0.03163508105010204
0.5037641351504079,0.45740038430738983,0.03883548054220265
0.44240668451886345,0.5403291212226924,0.01726419425844415
0.4581964421449282,0.5031746223557757,0.038628935499296066
0.46259306340187345,0.5018212341733473,0.035585702424779236
0.4272286649813608,0.5375869470134813,0.03518438800515804
0.38495113624395483,0.5422434293612582,0.07280543439478705
0.40966371833685633,0.5525531165353192,0.03778316512782434
0.5330179991950266,0.30814563523520505,0.1588363655697683
0.5844534519702576,0.36715135352780254,0.04839519450193989
0.4295161651088398,0.5402227641130412,0.03026107077811904
0.426385486190634,0.5341645543795573,0.039449959429808494
0.4618816754607524,0.4981606857524255,0.0399576387868221
0.4372197796742576,0.5327501242470201,0.030030096078722514
0.4319004881243082,0.5334151556725889,0.03468435620310282
0.47293579629869115,0.4942866837374953,0.03277751996381353
0.437945377694191,0.5283313795961474,0.0337232427096617
