0,1,2
0.5552923125288098,0.4296044794479114,0.015103208023279135
0.44933478375501323,0.48037063561876064,0.0702945806262266
0.4495662054463407,0.5367067749053173,0.013727019648341722
0.49958523066509314,0.49483457084389565,0.005580198491011587
0.4556445376846551,0.5271064634228184,0.017248998892526953
0.5107738167264532,0.48077965154108854,0.008446531732458596
0.4077175735256299,0.44477026807344683,0.14751215840092327
0.4985437915172271,0.43337864865416714,0.0680775598286053
0.43003909800077506,0.5548668287098427,0.015094073289381666
0.5445372098224133,0.4464177017208518,0.009045088456734369
0.4428675382462492,0.5436751686408081,0.013457293112942255
0.49377931170889244,0.4863603874760418,0.01986030081506646
0.45825701862748586,0.5271711773803839,0.014571803992129762
0.45244776442854323,0.5042086628672332,0.0433435727042236
0.5051040233692721,0.4856540390963508,0.009241937534376698
0.48154033598080265,0.5066309718054549,0.011828692213743247
0.48639980508072006,0.4749505056958095,0.038649689223470195
0.5261750151488319,0.44822706766529624,0.02559791718587235
0.4861847247757116,0.49055954773030513,0.023255727493982803
0.46041432245301195,0.4570308487946814,0.0825548287523065
0.5399149229399729,0.42903996620773527,0.0310451108522921
0.5200573937567665,0.47202839895621834,0.007914207287014828
0.48488893915838643,0.49631958211193417,0.01879147872968016
0.5702365650736559,0.4268876984850871,0.002875736441257337
0.22968437691572632,0.22489176108753392,0.5454238619967391
0.3597863891802262,0.619604386839431,0.020609223980341575
0.49011964718349127,0.48982930759064275,0.020051045225866038
0.30908648912836856,0.32532913087003257,0.36558438000159926
0.33429647578692284,0.5200248778833177,0.14567864632975894
0.5652898226635474,0.4180462529647439,0.0166639243717091
0.4899431795087902,0.5020234885257931,0.008033331965417589
0.49935859577387914,0.49146383812183714,0.009177566104282983
0.4924691798163603,0.49988804365671785,0.007642776526921819
0.4922149718443675,0.47931992518140654,0.02846510297422545
0.48628551281897664,0.5044698746892202,0.00924461249180266
0.4712121051076777,0.507185125191122,0.02160276970120014
0.5313939365335874,0.4586838219421897,0.009922241524222334
0.3145799940677472,0.5208954989726687,0.16452450695958545
0.4837671643917328,0.5011455111327433,0.015087324475522983
0.47288529707380333,0.4880651442877786,0.03904955863841732
0.478243261000672,0.4911498660837704,0.03060687291555804
0.49125165133029114,0.5052090387879423,0.0035393098817660335
0.49125194660294474,0.49275411516926493,0.015993938227790206
0.07830900672074226,0.08302480976347434,0.8386661835157838
0.5042441924264855,0.4801056736225728,0.015650133950942183
0.4715934677463035,0.5004565158261484,0.027950016427548654
0.36892289861157734,0.49553231129162806,0.13554479009679526
0.46237050865655166,0.5139811197894532,0.02364837155399475
0.488667766314827,0.5000826505218872,0.01124958316328621
0.44699584654731656,0.49843906679771666,0.05456508665496756
0.5429661429674806,0.4486401735296647,0.008393683502854174
0.4647249979252346,0.5129872430679904,0.022287759006774387
0.46151819817817774,0.4930046784955072,0.04547712332631593
0.4275835751936988,0.4633483503096175,0.10906807449668422
0.47845796805377105,0.5036933561989533,0.017848675747276093
0.5139047232799584,0.47833260561952473,0.0077626711005177144
0.4826072388232432,0.5038509869476584,0.013541774229098956
0.4910834522404106,0.5047338351714885,0.0041827125881007685
0.4729080127243278,0.5191218696156524,0.00797011766002034
0.548762546467412,0.4276268796299675,0.023610573902619832
0.527126244017431,0.4683187888507572,0.0045549671318121845
0.4422540468899609,0.5299947768805205,0.027751176229518264
0.4770459434964977,0.4934088083122658,0.029545248191236616
0.481717615074682,0.5073811920706874,0.010901192854629699
0.4084935838003542,0.5602903585313622,0.031216057668284024
0.4192402990455899,0.4185017041936014,0.1622579967608092
0.22254116388865686,0.3091724837736204,0.46828635233772364
0.43893765512133276,0.4444643318016146,0.11659801307705327
0.46270319465889653,0.5087897436359557,0.028507061705147777
0.47827907489840815,0.45439235509769144,0.06732857000390009
0.5367406314756525,0.4513454740467994,0.011913894477547706
0.5121330210717483,0.4481531520509771,0.0397138268772745
0.4625902152252587,0.4976834079494516,0.03972637682528998
0.36532358007983284,0.5866941804182536,0.047982239501912764
0.4716531979230713,0.49219872283493826,0.036148079241990906
0.48738049514640047,0.49784760822380303,0.014771896629797089
0.24101613296473764,0.2754265664324083,0.4835573006028548
0.4501694661582612,0.5366843826767912,0.013146151164947403
0.500038916554323,0.4813767452203919,0.018584338225284883
0.5696066815812241,0.38633666517492754,0.044056653243848554
0.3244129854499287,0.6641853805996518,0.011401633950420091
0.2779405801401146,0.6061456054970465,0.11591381436283944
0.4250306303188491,0.5582961796621609,0.016673190018990782
0.518680351264723,0.4691395771512463,0.012180071584031093
0.5013654333605476,0.45427552276829625,0.04435904387115675
0.24879179878098406,0.749972635881246,0.001235565337768261
0.40441365543692537,0.5883738079833624,0.007212536579712563
0.5217013266584092,0.46493398386917245,0.013364689472418353
0.5279365428380611,0.46804837847230024,0.004015078689637873
0.2606930497475559,0.7357806068557318,0.0035263433967114882
0.44397172223036935,0.5397481970336503,0.016280080735980553
0.4935386466487823,0.48849113630671537,0.01797021704450259
0.40049948277700914,0.5811160583051612,0.01838445891783017
0.6910843178018503,0.29932193542507635,0.009593746773072594
0.47195008864253457,0.506456072717535,0.02159383863993041
0.4933684356948953,0.39691531113115075,0.10971625317395377
0.4832666175356433,0.501339125229418,0.015394257234938974
0.5029370696323596,0.48362541835933603,0.013437512008303603
0.47523398952148677,0.5093487072792786,0.015417303199233942
0.45403588639801074,0.5291242326128829,0.016839880989105646
0.27760301016140815,0.6372630324074936,0.08513395743109944
0.3732201874901732,0.39647426986032364,0.23030554264950365
0.3924882914768902,0.543649987528092,0.06386172099501822
0.4018638471969159,0.590013163812674,0.008122988990410982
0.45495049921710895,0.536107232438577,0.008942268344313775
0.380991791391297,0.39384504887677674,0.2251631597319271
0.7516111650226737,0.24791491920706632,0.00047391577026058876
0.42206801572792985,0.375562577458743,0.20236940681332802
0.4982852057169113,0.4671568381274713,0.0345579561556182
0.512631990507832,0.4765998888380808,0.010768120654087675
0.4464730019091935,0.5194133182979522,0.03411367979285486
0.328625846239151,0.5730995135094287,0.09827464025142026
0.013924737476097506,0.015147426607838268,0.9709278359160644
0.5046144364739992,0.4420618538465264,0.053323709679474196
0.5608858975335281,0.408957878692783,0.030156223773688602
0.48849059656268307,0.44634236965525087,0.0651670337820655
0.40916132896844476,0.5621108860790668,0.028727784952487807
0.4667937392969627,0.5194595205731433,0.013746740129893204
0.492736879354076,0.4238203708401997,0.08344274980572444
0.39827018584424007,0.5975976994355221,0.004132114720237355
0.47727129466742724,0.5177845938237601,0.004944111508811799
0.4657298639871818,0.5291747644202347,0.005095371592583765
0.46856920312953393,0.48377413706156125,0.04765665980890539
0.48767088613056714,0.5094034699017147,0.0029256439677187965
0.4462316591783028,0.5356334898943518,0.018134850927346284
0.4520661416393745,0.540762876700353,0.0071709816602729005
0.4637869443550571,0.5008315146570779,0.03538154098786491
0.4104335183263406,0.5528444201382917,0.03672206153536787
0.39496508933977326,0.44528559564415143,0.15974931501607453
0.4247986546245974,0.5266175742237603,0.04858377115164218
0.477209128776967,0.4958411528362082,0.02694971838682531
0.47663419440018756,0.4788767440529312,0.04448906154688184
0.3339165392325796,0.40665604341873446,0.2594274173486864
0.506019617294906,0.4722227385879779,0.02175764411711613
0.45061656305489867,0.5221141961570858,0.02726924078801595
0.5105651009044109,0.44827115848677007,0.04116374060881956
0.4570636680091993,0.5296930899320011,0.013243242058799074
0.5062807642508088,0.4585154643091608,0.03520377144002955
0.5139967716381301,0.47025338409645995,0.015749844265409853
0.379299003428972,0.523803332266735,0.09689766430429338
0.49085859036450546,0.4834517281707486,0.02568968146474647
0.47278316410265303,0.5089807909329848,0.0182360449643626
0.5342264350498568,0.4597831722806391,0.005990392669504005
0.26813515690899803,0.7289976981261231,0.0028671449648794444
0.48591729627754754,0.45627936343311376,0.057803340289339686
0.5009495852251434,0.49149730318934287,0.007553111585513751
0.4693052841640965,0.5181782815990242,0.012516434236879323
0.39462843072142034,0.5719290608222674,0.033442508456312504
0.4987504866031022,0.4959228369736665,0.005326676423230378
0.4831343096978247,0.4749983558879838,0.04186733441419069
0.5090052913880159,0.47500781685866283,0.015986891753320725
0.47147124681468505,0.5155216629419176,0.013007090243396897
0.533841175056783,0.46208549405499283,0.004073330888223486
0.4193650365540848,0.5781625352068486,0.002472428239066143
0.3871783457921352,0.6029633598636661,0.009858294344198862
0.4180281118823129,0.4611936209576561,0.12077826716003132
0.4792875677169819,0.48684965939404323,0.0338627728889752
0.4109586518621814,0.5764620611826102,0.012579286955208163
0.4982604196388119,0.47062520770427596,0.031114372656912727
0.4274183230874971,0.45889216113767156,0.11368951577483159
0.4551549991607811,0.5292735317224228,0.015571469116795621
0.35681914876312654,0.6348709456276947,0.008309905609178145
0.48199119850214417,0.49418692955823135,0.02382187193962534
0.36775332018808166,0.6290539616927708,0.0031927181191480107
0.4808435379305814,0.4999705511243407,0.01918591094507854
0.4994980048843553,0.48277743282555197,0.017724562290092567
0.3002094568646204,0.668798877251126,0.03099166588425387
0.34754246790085525,0.6404126361675385,0.012044895931605737
0.4732120386855444,0.5231832649440896,0.003604696370366007
0.5033891067925192,0.48639104837790453,0.010219844829575614
0.2807986273249821,0.6861677045647372,0.03303366811027955
0.4887734831881556,0.4406455176112968,0.07058099920054682
0.4604363066861073,0.519295132389771,0.020268560924122558
0.5284721602883742,0.46301255333277624,0.008515286378850233
0.46385621475047767,0.5195794419390738,0.016564343310449064
0.4975750237615522,0.49489110401121433,0.007533872227233196
0.4796748500551194,0.49882359588135167,0.021501554063528175
0.4214795289327981,0.533178706120439,0.04534176494676338
0.5018706045130896,0.4943908188851405,0.0037385766017693843
0.2587947054797167,0.3519239378035873,0.389281356716695
0.46921595325232207,0.4827078551089236,0.04807619163875445
0.47626651453180846,0.4667944257032501,0.05693905976494183
0.5285083279921501,0.4519738351318589,0.019517836875990825
0.5073842365142619,0.472660006606736,0.01995575687900152
0.5209105412362461,0.47573086242447177,0.0033585963392816823
0.4542983899885143,0.530125564786619,0.015576045224866693
0.5181985760620592,0.46435437634819127,0.017447047589750388
0.50129275562887,0.47285057545013637,0.02585666892099437
0.5030073094734667,0.43769571282551745,0.05929697770101633
0.45883226203402677,0.5289333344847686,0.012234403481204366
0.5138635149875054,0.47258482909530064,0.013551655917193374
0.4748420196138232,0.5142979626084058,0.010860017777771016
0.4824879249571126,0.5143190620018606,0.003193013041025972
0.5161363405610713,0.4808569813312965,0.0030066781076323154
0.5309002269574304,0.4529604254125205,0.016139347630049733
0.3562699906865186,0.6401114494619634,0.0036185598515186827
0.31661935450965506,0.40589041199154274,0.2774902334988015
0.08088044549883747,0.9191192587189059,2.957822543358026e-07
0.4859166081268738,0.5054018015405239,0.008681590332602036
0.4662083640105436,0.5136695466826557,0.020122089306801372
0.4361482395973402,0.5384013362132533,0.025450424189406056
0.5074008223564067,0.48435681384460166,0.008242363798991924
0.487345952673484,0.4802090313519893,0.0324450159745264
0.40467616573672627,0.5841100299110804,0.011213804352193654
0.342231165346335,0.6515233067823154,0.006245527871351374
0.48162903010653485,0.45757528940206926,0.06079568049139616
0.46343436976899627,0.46632321352027034,0.07024241671073345
0.3627753562085047,0.6286105657806089,0.00861407801088594
0.45177644691395225,0.5336681973762286,0.014555355709819593
0.49676708916668977,0.4918080425241366,0.01142486830917424
0.4478566059114075,0.5217082564688434,0.030435137619749284
0.24694218173138457,0.4505519225685858,0.30250589570002967
0.3931321042549852,0.5787507756133752,0.02811712013164031
0.5082273044949039,0.47788163455599675,0.01389106094909942
0.45666424351500323,0.4500161860271502,0.09331957045784713
0.46640246455857487,0.5298160861096919,0.003781449331732462
0.4407830400094929,0.5347724144813473,0.024444545509159546
0.33326426826375916,0.5357901467579285,0.1309455849783127
0.3793865568891217,0.5134701158199535,0.10714332729092453
0.44871642461840233,0.5279043240248404,0.023379251356757814
0.4327816157098765,0.5421034331905663,0.0251149510995577
0.501441649909132,0.48609855010060044,0.012459799990267917
0.49770125612691224,0.49545551657757203,0.006843227295515177
0.523120266830882,0.4470466015789359,0.02983313159018285
0.4661624352919445,0.5192641080681043,0.014573456639950438
0.49523844284986207,0.4977929565418894,0.006968600608248634
0.4810851416576165,0.51106939587292,0.007845462469463065
0.42488574190231015,0.4451595076923303,0.12995475040536014
0.45841445439073886,0.5241657377495119,0.01741980785974916
0.5365433042399658,0.44582777613112423,0.017628919628910594
0.2509914316710617,0.6563009897513888,0.09270757857754953
0.17241976134263104,0.3446193769635024,0.48296086169386687
0.47307309071736275,0.47046336524850596,0.05646354403413217
0.4834022392911122,0.4801695216612284,0.036428239047659135
0.4496429108174248,0.4974991040422272,0.05285798514034753
0.48682889757187137,0.4236796515997486,0.08949145082838053
0.48463936279846204,0.49654202355565813,0.01881861364587916
0.16180087735379925,0.15768363789102102,0.6805154847551802
0.5040147064290228,0.46579380924759,0.030191484323387585
0.4957845439554785,0.4978589874746863,0.006356468569835809
0.35136257306684465,0.6440581210252411,0.004579305907913121
0.4117563685323034,0.5706856440689173,0.017557987398779378
0.48324209755938313,0.5109302640247313,0.0058276384158853205
0.3921548902043546,0.5831040511959501,0.02474105859969564
0.5314255872808156,0.4483496703721711,0.02022474234701308
0.4018729536974027,0.5194102983377018,0.07871674796489582
0.4673454789683531,0.503867792462408,0.02878672856923841
0.4981480705534613,0.4848445298117204,0.017007399634819138
0.21165396986355423,0.3766292986673601,0.41171673146908466
0.469427272498906,0.42640383045761326,0.10416889704348085
0.4650868413290471,0.4932748446257257,0.04163831404522797
0.5106918301831543,0.47108627598882247,0.018221893828023146
0.4959715527811886,0.49897129626686565,0.005057150951946365
0.4652013191697502,0.4707851293995577,0.06401355143069186
0.44967961764023284,0.48419855281830904,0.06612182954145758
0.47727133242184305,0.5097679110648592,0.012960756513297847
0.48984294676477014,0.4907061481169033,0.01945090511832729
0.49057177419049397,0.4942483202256766,0.015179905583828774
0.27743689307157754,0.2794274814482599,0.4431356254801635
0.45360989116103984,0.5152422921055796,0.03114781673338133
0.4705073125662878,0.5035885438513025,0.02590414358240882
0.4211134649974761,0.5743098097413132,0.004576725261211566
0.48469829887776633,0.5101968625850981,0.005104838537134556
0.6488235791326857,0.34367301513919746,0.007503405728117691
0.4584178599262908,0.5240229766459868,0.017559163427722083
0.5621284635569658,0.42609425793031824,0.011777278512716483
0.508155091848433,0.4765612920484139,0.015283616103153565
0.4825020085399771,0.49793832827792556,0.019559663182096704
0.507029873517487,0.48084147835269725,0.012128648129816611
0.5199451812038381,0.4666078999376856,0.013446918858476821
0.48192951258736705,0.5041397148779753,0.013930772534658463
0.4339360958527933,0.5512479721940592,0.014815931953147628
0.4521579661776411,0.5380647923909849,0.009777241431373573
0.5067656412773377,0.4795631066623516,0.013671252060310116
0.4937726147956693,0.4484979818216448,0.057729403382685944
0.4739862392355462,0.5088745837031373,0.017139177061315767
0.4523915670745723,0.5304655359619486,0.017142896963479134
0.4523114144595265,0.48732910078925473,0.06035948475121872
0.4590347652360279,0.5251553765968009,0.015809858167170607
0.44809046859474,0.5267689721929006,0.025140559212359834
0.47766318436705213,0.5043631932155247,0.01797362241742239
0.5325503704910726,0.430402616754969,0.037047012753957956
0.4715593927360259,0.5164275482361559,0.012013059027818138
0.4589719481858548,0.5268808294132358,0.014147222400909612
0.4878375146773613,0.49298017698151936,0.019182308341118903
0.43291284371213523,0.4961891783009425,0.0708979779869231
0.46663333987594,0.5155028533188972,0.017863806805162915
0.456918931349515,0.5120825066436799,0.030998562006804987
0.41596089463842456,0.5089790328371792,0.07506007252439688
0.3255773384801428,0.6735564864609765,0.0008661750588801343
0.26600476671534656,0.7336863303400039,0.0003089029446509696
0.39704416601879783,0.5890261327719866,0.013929701209216428
0.39543725968169113,0.5049956838278749,0.09956705649043412
0.46211843303436945,0.5101616093389741,0.027719957626655765
0.461303322541232,0.43956332929344705,0.09913334816532159
0.43167296767321567,0.5500113605577184,0.01831567176906554
0.49656743111881785,0.49269043201985,0.010742136861331138
0.4294558525851635,0.5610682820931981,0.009475865321638514
0.47376481157864037,0.48018755588106443,0.04604763254029526
0.4383756522956278,0.44628353781729563,0.115340809887077
0.41079029650679705,0.5677590645249269,0.02145063896827584
0.4600462922440944,0.5175085870782761,0.022445120677628782
0.4191209848705274,0.5154588373623148,0.0654201777671578
0.3726671597873401,0.49559162142667557,0.1317412187859847
0.516436320329525,0.4792979413272904,0.00426573834318435
0.5369176112467556,0.45247685900943985,0.010605529743805126
0.4667196196698776,0.4660997817986962,0.06718059853142604
0.45841998997390565,0.516546827851863,0.025033182174230843
0.4882656102615494,0.45350609293934363,0.058228296799106245
0.48984591189523596,0.4980079611842782,0.012146126920486333
0.5723420794418025,0.41409872912015966,0.013559191438038309
0.5371311442240541,0.4297747594114094,0.033094096364536446
0.48231263282574555,0.5007632165547619,0.016924150619492664
0.4564267240430297,0.5292055010230539,0.014367774933915979
0.49337132565149855,0.4967457567138827,0.009882917634618064
0.49914159028411875,0.49157870951752286,0.009279700198358647
0.27589347318497265,0.7211311988887139,0.0029753279263132273
0.5406844634610259,0.45406308312278254,0.005252453416191704
0.3740914843289163,0.6140645861933369,0.011843929477746245
0.4344382922488919,0.5214472002179952,0.044114507533113204
0.21603081557165793,0.3412609156609429,0.44270826876739844
0.39047501083679814,0.5931736124080493,0.01635137675515204
0.4177349336522211,0.472061976424391,0.11020308992338763
0.5883178466701197,0.396683873117495,0.014998280212385666
0.5050090462875289,0.47582516811704967,0.019165785595421835
0.4548344617261663,0.5270278877724438,0.018137650501390216
0.48664265261818973,0.502726881060806,0.010630466321003814
0.4133053550578435,0.5542891079970831,0.032405536945073664
0.45006269729993437,0.5328136172263795,0.017123685473686843
0.5146334883638727,0.46712387521675497,0.018242636419372984
0.3663809318138014,0.540018016474178,0.09360105171202027
0.48132529636504373,0.3909882635800547,0.12768644005490104
0.5111998219544162,0.48533332726002565,0.003466850785557651
0.34431751119010895,0.628661752203099,0.027020736606792987
0.17349872142276657,0.20553643960365187,0.6209648389735806
0.5030230591561253,0.48809291022341506,0.008884030620459858
0.4982612659644438,0.49611920710739194,0.005619526928163627
0.4545302738288073,0.45741956258653715,0.08805016358465502
0.47552686235808034,0.5080155546975227,0.016457582944397864
0.492165970564665,0.37544968435680376,0.13238434507853095
0.48886760287826064,0.45347098609225833,0.05766141102948055
0.48008162255904063,0.48034016065493396,0.03957821678602612
0.47037928788787775,0.5176434803905421,0.011977231721580483
0.5165587792346302,0.4607121636461417,0.02272905711922824
0.5369949100001897,0.45758388379444415,0.005421206205366761
0.39075953081898507,0.49793702490373554,0.11130344427728019
0.42870513697538054,0.5005218645419549,0.07077299848266393
0.39407958205515764,0.5871670859144661,0.01875333203037671
0.41332482744354093,0.5615078816681625,0.025167290888297056
0.36012665051861675,0.630769361272626,0.009103988208758108
0.3643268794997669,0.5567806597506292,0.07889246074960424
0.47891900208688964,0.5020999324799622,0.018981065433148092
0.37536757998277015,0.6105261855993311,0.014106234417899212
0.47096827982136713,0.5115101992751744,0.017521520903458536
0.4641313350900143,0.5238513503072423,0.012017314602742782
0.4729676771041194,0.5005987422420314,0.026433580653849
0.44810881217025245,0.5339656566117357,0.017925531218012804
0.4705337511475118,0.5131270243388596,0.01633922451362928
0.4503532092566297,0.5215400663165705,0.028106724426799505
0.48988461724287535,0.4959307869685541,0.014184595788570774
0.46903067295483436,0.5015685862961816,0.029400740748984557
0.388857506454293,0.37819657215307817,0.23294592139262904
0.483985588134806,0.48355409307889424,0.03246031878629974
0.4697187084077843,0.49495849759173965,0.035322794000475895
0.4645235374798077,0.4710926555441787,0.06438380697601367
0.4869982563661407,0.509328174143344,0.0036735694905158534
0.5181932589528039,0.45453898134329945,0.027267759703896003
0.4754262736322127,0.5070606903392298,0.017513036028557114
0.466197894393534,0.502798225041545,0.03100388056492027
0.5579328464499791,0.4369693963770745,0.0050977571729458005
0.7723070758989183,0.21359265532520086,0.014100268775881811
0.2281736981770836,0.7692931734307432,0.002533128392174453
0.538422492170394,0.4426453751354972,0.01893213269410892
0.4930971596378548,0.49082958745704797,0.016073252905097066
0.48623993161276396,0.507766562411009,0.005993505976227121
0.4961265786722221,0.4786553728840867,0.02521804844369193
0.47756518329252756,0.5091651008447726,0.013269715862699859
0.45830726117407466,0.5286188689619769,0.013073869863948472
0.46355976984410124,0.4888703169979346,0.04756991315796358
0.46123798931011295,0.5343458182951946,0.004416192394693311
0.5239064113005739,0.4732134490689602,0.0028801396304654393
0.443340878759229,0.5541971003546013,0.0024620208861689374
0.40769657455545005,0.5791183951160287,0.013185030328520577
0.5484094645224784,0.44046641244311996,0.011124123034402607
0.4374485828702927,0.5106136402976845,0.05193777683202244
0.32350506321545514,0.34727007855180136,0.3292248582327428
0.5027574582138915,0.48264757172241773,0.014594970063689974
0.4203985278179454,0.5654576628047814,0.014143809377273539
0.45693978053887174,0.531851485456421,0.011208734004708067
0.5191363175604324,0.4710253241946184,0.009838358244949108
0.4803090413582032,0.4999479991286519,0.019742959513145867
0.45140876377302463,0.5367721908438136,0.011819045383161917
0.3889564294948491,0.5933159276647767,0.017727642840373425
0.4568826599367116,0.5140596274537964,0.029057712609491533
0.3902490512794197,0.4401804344657055,0.16957051425487513
0.4034314543108725,0.5823013150562694,0.014267230632857335
0.49139378238055903,0.48745980002258277,0.02114641759685783
0.5042003210972723,0.47752621649559845,0.018273462407129005
0.5277781980752991,0.4684237112448194,0.003798090679881865
0.4737198372717337,0.5056411339063736,0.02063902882189279
0.38482758862853,0.5864843581568802,0.028688053214589296
0.3505713333395115,0.3473350333070876,0.30209363335340034
0.46744074833866406,0.5221682118430289,0.0103910398183066
0.542129084152543,0.4477184302221816,0.010152485625275764
0.43955887789331927,0.5442510775444878,0.016190044562192193
0.41849941642417554,0.5641728263671479,0.0173277572086772
0.3022174404342671,0.6964264579014179,0.001356101664314428
0.36207579124690603,0.630477984778694,0.007446223974400813
0.4956415608658954,0.47731693695951083,0.02704150217459368
0.3263726331758139,0.3055871220460661,0.36804024477812053
0.14004709790891526,0.12312148312879935,0.7368314189622861
0.3890850473180083,0.5895862126936589,0.02132873998833285
0.30471709934360164,0.6777936336894754,0.01748926696692162
0.4957105214958805,0.4900638187398942,0.01422565976422539
0.3970631745938531,0.5881180195514969,0.01481880585464942
0.4397928525618786,0.5279542924171685,0.032252855020952056
0.4563088777213227,0.5271123608152803,0.016578761463397103
0.4095114249872866,0.5767026692348504,0.013785905777863296
0.06812282312394373,0.9318771428727705,3.400328527258893e-08
0.36773909071273236,0.6102759381931334,0.021984971094134876
0.47959474891687126,0.4892306408292406,0.031174610253888575
0.3842734171232937,0.4874973471624026,0.1282292357143039
0.5015110748550816,0.49216865350453043,0.006320271640387945
0.34483413886336417,0.6397887604867273,0.01537710064990809
0.503319755968821,0.49182191728404184,0.004858326747137511
0.4831813832608735,0.4934199566836434,0.023398660055483897
0.3118186202003503,0.6843607962729245,0.0038205835267261603
0.21934843337213253,0.7778698756504434,0.002781690977422334
0.5238465778030297,0.4701237033952453,0.006029718801725591
0.4807443521442819,0.509213425647883,0.01004222220783463
0.4772643870930828,0.5076062053276196,0.01512940757929739
0.4758671815606247,0.49447327418091297,0.029659544258462303
0.3820478302363375,0.5374249075617255,0.08052726220193678
0.503572849624331,0.4905384544192473,0.005888695956421638
0.48282598144128897,0.5068962245022605,0.010277794056450108
0.3233105854972692,0.34186864933142463,0.33482076517130477
0.4066210448365931,0.5833546778195151,0.010024277343891282
0.5218419053379363,0.46049288021062934,0.017665214451433774
0.46513804698152716,0.5301010957724824,0.004760857245991125
0.542548827847475,0.4479718574814681,0.009479314671057702
0.35029907643362557,0.6460042945508244,0.0036966290155493464
0.5299544591802712,0.44486276548670245,0.025182775333026146
0.48625638606607463,0.4906074179975618,0.0231361959363634
0.029945979694005,0.02833684139764599,0.9417171789083484
0.4955634140921004,0.49910465766933093,0.00533192823856882
0.5195397095947666,0.44046007547064464,0.04000021493458944
0.42553795577605824,0.5513646232675552,0.02309742095638591
0.4244010372605949,0.5507596987381638,0.024839264001240875
0.47738113400654764,0.5035113504995924,0.0191075154938598
0.38905342122798947,0.5698393168030661,0.0411072619689439
0.3994310562544783,0.5944773360713855,0.006091607674135816
0.01441763497941579,0.9855823650205846,5.386356592048899e-16
0.4304392936626554,0.5577496034224525,0.011811102914892938
0.47897117989226035,0.5142477690554359,0.006781051052304189
0.48295392508407065,0.4958269786354361,0.021219096280492813
0.4849829763881734,0.45899249504917794,0.05602452856264859
0.5294203791375132,0.461964648143625,0.008614972718861151
0.28941713209469916,0.6988754244157572,0.011707443489543076
0.42349932779455834,0.5643120997320398,0.012188572473402045
0.46241673013238493,0.5120081378523691,0.025575132015246683
0.4329088214791132,0.5239744246568093,0.04311675386407678
0.47130082018377506,0.5129011278923465,0.015798051923877787
0.47827370082632437,0.5168094691473355,0.00491683002633947
0.3795421942981599,0.492086605328335,0.1283712003735057
0.5778386831898015,0.4193080895214633,0.0028532272887347504
0.2593883789655504,0.7313882511372054,0.00922336989724289
0.321333307908926,0.6698327928682614,0.008833899222812663
0.40204725456401313,0.5468935793452829,0.05105916609070406
0.5095478452678843,0.47973233634262125,0.010719818389495166
0.4679967331556151,0.51646033635201,0.01554293049237548
0.4338041597256258,0.5487730915808255,0.017422748693548422
0.43829330285587154,0.5534157714768703,0.008290925667258446
0.47958441720011036,0.5101315859746383,0.010283996825251033
0.47355749612618164,0.5106549686209423,0.015787535252875892
0.5091617782714712,0.4798863027841777,0.010951918944350757
0.48512923994159324,0.503623586262187,0.011247173796220526
0.4859461320203554,0.5036115171536188,0.01044235082602498
0.45072822260375484,0.4993013393586988,0.0499704380375469
0.49598771879127024,0.48394845133656994,0.02006382987215918
0.2597735958659419,0.4336353898915794,0.3065910142424785
0.4403716410215755,0.43136971932982876,0.12825863964859574
0.4620930234493055,0.5041280016584573,0.033778974892236524
0.4927768863455982,0.502413307935703,0.0048098057186982636
0.4840753238924921,0.5041592864487165,0.011765389658791887
0.538559349993738,0.4456666915921047,0.015773958414157806
0.5207776719221051,0.45204691447289236,0.02717541360500347
0.5492571887232173,0.430858585539846,0.019884225736937034
0.45408705837620267,0.5277586015886403,0.01815434003515643
0.45836006876362956,0.5277684390203293,0.013871492216041876
0.4705095801392605,0.5200096372097919,0.00948078265094837
0.5100718434152032,0.48510093431416756,0.004827222270630102
0.4841795906482921,0.48294287213151466,0.032877537220192425
0.3446340183377199,0.35496802761050544,0.30039795405177516
0.49807577817716564,0.4874640493710514,0.01446017245178337
0.42104246861574807,0.5673340935123821,0.011623437871869112
0.4063593797214424,0.5558740998947215,0.03776652038383631
0.4809070563154971,0.5023200948715874,0.01677284881291491
0.5112800161803251,0.4787081556732163,0.010011828146458915
0.5413187276600149,0.4402904453587143,0.018390826981271122
0.4807543118851253,0.5034725342262498,0.01577315388862521
0.5153580274742195,0.4691646607421492,0.015477311783630798
0.47807276808259214,0.49022881361038895,0.031698418307019215
0.45365501968170413,0.44857180589519685,0.09777317442309927
0.29099553413694473,0.3853418659691578,0.32366259989389706
0.5339653830331268,0.45692903004684704,0.009105586920026379
0.2406880349880632,0.25859524790447147,0.5007167171074656
0.5038082603647019,0.49011406611401653,0.006077673521280588
0.5124489088687142,0.4691318752325547,0.018419215898731998
0.4510029712147462,0.46392408889755127,0.0850729398877027
0.4854763188618206,0.49929792926751393,0.015225751870664732
0.48972749434294244,0.49943156798747373,0.010840937669584372
0.444696836607683,0.5457669319759721,0.009536231416344724
0.46955459170961616,0.5187655705399069,0.011679837750476778
0.5234359240771409,0.4537220440715858,0.02284203185127365
0.5046162012730374,0.4858360022749659,0.00954779645199714
0.5083221795957057,0.4501139827274107,0.04156383767688425
0.4772532076085677,0.4737126023595518,0.0490341900318802
0.41626577941917065,0.5394588308491316,0.04427538973169847
0.4966676610677007,0.48965389152941224,0.013678447402886975
0.5654709237372875,0.42784234055021575,0.0066867357124973945
0.5208819970904535,0.46501469932833744,0.014103303581208931
0.463546965144447,0.532179772170298,0.004273262685254805
0.4616370478127886,0.5299553672957853,0.00840758489142606
0.38859741010535087,0.5966420579052731,0.014760531989376761
0.44061068404193204,0.40351878679167824,0.15587052916638997
0.47783201316175655,0.4933722779720611,0.028795708866181935
0.27889144811740935,0.7188265949965966,0.002281956885992219
0.647147288468813,0.34020838069521775,0.012644330835970012
0.6631380887883984,0.33095682130985843,0.005905089901741469
0.5349664287748186,0.4431667056218423,0.02186686560333868
0.5040483846285081,0.48148997635322294,0.014461639018268753
0.48584423219517087,0.5023643949651228,0.011791372839706946
0.5127239903617726,0.46443550139231554,0.022840508245912598
0.4873281714990964,0.4967727250598498,0.015899103441053726
0.5016352230645507,0.45977566447762835,0.03858911245782024
0.3228867188502788,0.6574037574078775,0.019709523741844055
0.5131381271723808,0.47426901407290684,0.012592858754712664
0.4101662258020715,0.4234321214442288,0.16640165275369936
0.33624467819407033,0.6373167791492275,0.026438542656702004
0.42067884683450746,0.5502739862509893,0.02904716691450364
0.5043030349238758,0.4859294779849416,0.009767487091181845
0.5098095351732008,0.467638681940114,0.02255178288668471
0.22269043211671502,0.2892940394475305,0.48801552843575485
0.43282174247827027,0.5553445361689555,0.01183372135277455
0.5374417423416213,0.4503188325316659,0.01223942512671347
0.33928994448997024,0.574168589080115,0.08654146642991457
0.3212909289780141,0.6273986590622095,0.05131041195977669
0.4894695112349329,0.4942333865710367,0.01629710219403129
0.4738560890006715,0.5132529718767712,0.012890939122556547
0.3430172428349667,0.5636257859835276,0.09335697118150582
0.42817536391022487,0.5307615358650805,0.04106310022469467
0.5292588472336397,0.46486736611257506,0.005873786653784529
0.5277036522542609,0.4367184221623204,0.03557792558341889
0.3030162811259706,0.6737881083891146,0.02319561048491609
0.4822893756870025,0.46642258762298766,0.05128803669000981
0.47613254826060697,0.5012839672773787,0.022583484462014795
0.4837240823733102,0.5029005210164631,0.013375396610226976
0.4875032909920522,0.4962960483746281,0.01620066063331955
0.5011134522790093,0.48944474470108873,0.009441803019901975
0.4492774391840046,0.536867936235908,0.013854624580087814
0.46877988101871015,0.5146183905466196,0.01660172843466993
0.49542410860673847,0.4908397513719089,0.01373614002135194
0.41427941981912025,0.5686544425689656,0.01706613761191354
0.5732945631444905,0.42033831732431853,0.006367119531190277
0.09655199593942339,0.1001421349939397,0.803305869066637
0.449028968928932,0.5427502949415385,0.0082207361295293
0.4915495162865856,0.4646317464778753,0.04381873723553955
0.34530784492175487,0.5980836853044456,0.05660846977379883
0.40089810937235554,0.5892688116308537,0.009833078996791
0.5313044673504127,0.4583787795564774,0.010316753093110113
0.4458381364673147,0.5275485012069381,0.02661336232574785
0.40257338002078785,0.5955373950076648,0.0018892249715479878
0.466393704510008,0.5119783333963714,0.02162796209362097
0.4840985054854093,0.5102904028930804,0.005611091621509598
0.4597991777009391,0.5096117609061929,0.030589061392868492
0.0835519824206457,0.25455940521280424,0.6618886123665517
0.39520493518072736,0.6013056915747184,0.003489373244554373
0.5503997401261369,0.43636539876139835,0.01323486111246541
0.573436742248958,0.3935650958233251,0.03299816192771759
0.5213753231647592,0.46558903993232076,0.013035636902920892
0.5321256488864938,0.46361273201612213,0.004261619097384825
0.49622284378063,0.4588813965768643,0.04489575964250558
0.44207906241639267,0.5215348737256686,0.03638606385793824
0.4696805456070726,0.4945821195829215,0.03573733481000621
0.47680182927154463,0.5037842067959838,0.019413963932471693
0.30581186146477,0.25182909093107714,0.4423590476041532
0.4615155682404549,0.5153141692017204,0.023170262557825453
0.04991526705301667,0.05034043806056018,0.8997442948864232
0.48433098994427387,0.48151731616680304,0.034151693888922974
0.44427109881480537,0.5038225192320935,0.051906381953101245
0.4580945739476207,0.5206386243390217,0.021266801713358142
0.25294968595220463,0.2820368142597661,0.46501349978802964
0.47445898078500864,0.5154327251117158,0.010108294103275281
0.4560153948005162,0.5089657402624654,0.03501886493701779
0.3798851097830937,0.5372227072641867,0.08289218295271991
0.4396746170887301,0.54687586344352,0.013449519467749759
0.4894413263500092,0.4901031353527856,0.020455538297205873
0.5023311863735578,0.49189525476430673,0.005773558862135811
0.45855683766198213,0.4453121209397834,0.09613104139823364
0.4413131486628675,0.5297620282290049,0.028924823108128318
0.3893090570597914,0.5926530746302197,0.01803786830998848
0.5028783082029802,0.48393966266378,0.013182029133239273
0.501791139989471,0.49430885886639814,0.0039000011441299087
0.42817173693245786,0.559559838373553,0.012268424693989288
0.47221498427403374,0.5133633586561676,0.01442165706979773
0.44226728534392734,0.5345220824055522,0.023210632250520443
0.47331050210299647,0.5206849893743306,0.0060045085226728325
0.38583074670054646,0.602989045269471,0.01118020802998269
0.44333385492163563,0.5381417586671208,0.018524386411243383
0.41589725413465917,0.5335621603964034,0.05054058546893812
0.5261957351097877,0.46971587638431844,0.004088388505894708
0.4247625887804211,0.5378829058012453,0.037354505418334474
0.5010508881874886,0.4654519428730521,0.03349716893945866
0.4961592649866528,0.49080459919222086,0.013036135821126836
0.42089637405487224,0.5648925936953227,0.014211032249805359
0.48326295677713904,0.35928335823557966,0.15745368498728107
0.16871997814501252,0.15115333093173408,0.6801266909232542
0.5223794172136443,0.4675503461803579,0.010070236605998564
0.4708735409903303,0.5045727968994917,0.02455366211017729
0.38994420321444173,0.5919207775233147,0.018135019262242914
0.47386648131552356,0.49916168172308134,0.026971836961394383
0.4976888770205638,0.4840168108478877,0.01829431213154921
0.45232571477143646,0.34633070394064835,0.20134358128791532
0.7810731171119754,0.21474757309122544,0.004179309796799505
0.5189047787383606,0.4368414217147976,0.04425379954684103
0.46457422950539984,0.5282222870570369,0.0072034834375625904
0.5355541923032723,0.4556376448573168,0.00880816283941161
0.5198684090170661,0.46348552244113045,0.016646068541802794
0.5530181368534017,0.44362644698860354,0.0033554161579950025
0.4960271421543855,0.4450013361020466,0.058971521743567165
0.4908560615846241,0.4547322451217808,0.054411693293595034
0.4854790671085922,0.5118397558939793,0.002681176997428555
0.6143130005655759,0.3659368059311281,0.019750193503295505
0.5763672394075273,0.417110914238262,0.006521846354210421
0.4493812625151306,0.4489605832945823,0.1016581541902867
0.46016062801770974,0.5366258094273508,0.0032135625549396347
0.41106702365330827,0.37303695749974236,0.2158960188469488
0.4297801398248615,0.5565713675192993,0.013648492655838626
0.28585715210855134,0.21038883707380757,0.5037540108176412
0.5042534929011412,0.45858631489162915,0.03716019220723029
0.47509516927925616,0.5187671585224676,0.00613767219827676
0.4599536117476662,0.4251301618271947,0.11491622642513864
0.2909967934982042,0.6905891865189298,0.018414019982866126
0.4932165058089417,0.4521956748224532,0.054587819368604865
0.37209884286029477,0.6241160001912113,0.0037851569484932826
0.5093376190498077,0.44568781698231685,0.044974563967875074
0.46180897995148557,0.5140059398384313,0.024185080210082494
0.5218532666043668,0.45835536217687983,0.01979137121875356
0.4993206281856899,0.4670148437009952,0.03366452811331535
0.4069023631110607,0.5791339121960343,0.013963724692904257
0.4737273196488853,0.5173758106021982,0.008896869748915662
0.4811201464241043,0.501483235511106,0.017396618064790228
0.4248024087350268,0.4630692574915771,0.11212833377339566
0.5127619893291079,0.4825828702011151,0.004655140469777176
0.44332137171438246,0.4936262447570294,0.06305238352858762
0.4136892604679496,0.5729945179709643,0.013316221561086795
0.4866799416421346,0.5003227903967031,0.012997267961161846
0.49998756378295445,0.4862696072441064,0.01374282897293855
0.5120118495568717,0.4521290854213862,0.0358590650217428
0.45736522542083546,0.5395293964228346,0.003105378156329609
0.4002974269690214,0.5955034413176674,0.00419913171331126
0.33822448243567904,0.6451167259094397,0.016658791654881225
0.4958949903044294,0.4976021540230932,0.006502855672476925
0.4902399955027128,0.4787012436413822,0.031058760855905868
0.4889686579984854,0.487357440991528,0.023673901009985898
0.5020713543297971,0.4750884914019787,0.022840154268224343
0.8907123841202295,0.10928642242345102,1.1934563205236496e-06
0.46758527157390106,0.5088142611494009,0.023600467276697675
0.4171576887341892,0.5449604582775529,0.03788185298825815
0.4148900327246196,0.4887310420474685,0.0963789252279126
0.4976419858075241,0.49268339333506506,0.009674620857410837
0.42625568096053995,0.43726297374696743,0.13648134529249242
0.41137662073446213,0.5488779257277309,0.03974545353780658
0.5010646089423229,0.48450420795563137,0.014431183102045574
0.485418624234698,0.5006961662264979,0.013885209538804582
0.26032405190976843,0.2276789022467704,0.511997045843462
0.30466410021980617,0.3082500461062008,0.3870858536739934
