0,1,2
0.45754221017388025,0.5013298850522808,0.041127904773838986
0.45753622615375733,0.5013302001072069,0.04113357373903594
0.4573594973209106,0.5014847019016865,0.041155800777402926
0.45757768356121054,0.5012894696267112,0.04113284681207843
0.45752659964807785,0.501295239374225,0.04117816097769684
0.457602581009424,0.5012792191493894,0.041118199841186344
0.4572347262388031,0.5015947144404983,0.04117055932069875
0.457401686489972,0.5014478774220404,0.04115043608798732
0.4572704442776011,0.5015632042324312,0.04116635148996782
0.4573294090655841,0.5015110938064468,0.041159497127969194
0.45719733759433295,0.5016287498155314,0.04117391259013555
0.4575186935381764,0.5013401167610436,0.04114118970077999
0.45753879364250183,0.501260836512028,0.041200369845470035
0.45737365278425635,0.5014723251055558,0.041154022110187954
0.4575334234592279,0.5012642804604639,0.04120229608030813
0.45741360666606834,0.5014375031610249,0.041148890172906974
0.4575332664061499,0.501269093934095,0.04119763965975499
0.4572267026839731,0.5016022633746766,0.04117103394135046
0.457586280939919,0.5012891329221177,0.041124586137963305
0.45753722071587205,0.5012710581752838,0.04119172110884393
0.456568674300306,0.5023600864858044,0.041071239213889575
0.4575494435227514,0.5013414491774884,0.04110910729976006
0.45753050621242725,0.5013143102947714,0.04115518349280128
0.4575866441350394,0.5013329584053388,0.04108039745962192
0.45718866765592525,0.5016366828923221,0.04117464945175257
0.4576045211807623,0.5012828058522999,0.041112672966937595
0.45755595779054326,0.5012543310986584,0.04118971111079826
0.4574450960700674,0.5014030972366949,0.04115180669323757
0.4573980838884932,0.501451015012632,0.04115090109887476
0.45757664786146757,0.5012728145039057,0.041150537634626796
0.4576077252883942,0.5013017180708593,0.041090556640746595
0.457607914279224,0.5012974719720551,0.04109461374872076
0.457541062670194,0.5012718927684815,0.04118704456132458
0.45760167971355875,0.5012778229346488,0.04112049735179206
0.457189349174797,0.5016360314803362,0.041174619344866915
0.4572981456808156,0.5015386534022453,0.04116320091693917
0.4575927367586549,0.5012127043235736,0.04119455891777147
0.4575460948329522,0.501382119579852,0.04107178558719585
0.4575335213126927,0.5012693117199585,0.04119716696734893
0.4575439545120878,0.5012722528608694,0.04118379262704281
0.4574752934528126,0.5013774981407679,0.04114720840641939
0.4574017351756715,0.5014478350279397,0.04115042979638865
0.45742586175861155,0.5015115394799609,0.04106259876142751
0.45753265663294534,0.5012713424471774,0.04119600091987761
0.4410243067729214,0.4530240723910838,0.10595162083599494
0.4575789627057837,0.5012732143018489,0.041147822992367564
0.4574023128646252,0.5014473320086694,0.04115035512670533
0.45718956485944584,0.5016358330748453,0.041174602065708804
0.45756464946361525,0.5012577182374421,0.04117763229894259
0.45754553850055774,0.5013323049244387,0.04112215657500356
0.45753638965832294,0.5012707898692967,0.04119282047238023
0.4575817910045242,0.5012837532658221,0.04113445572965393
0.4575451295646113,0.5012587995849592,0.041196070850429416
0.4575155921552863,0.5013078281007513,0.041176579743962376
0.45760672688225396,0.5013072557667466,0.041086017350999544
0.4573492829007848,0.5014902270468713,0.04116049005234392
0.4576018397862785,0.5012780612538862,0.041120098959835205
0.4574214138644151,0.5014447160082417,0.04113387012734329
0.4575887393460605,0.5012928185117517,0.041118442142187774
0.4575669221135728,0.5012724575163771,0.04116062037005035
0.45720725402472284,0.501619803390739,0.04117294258453823
0.4575670589434247,0.5012724561659697,0.04116048489060532
0.4573618045370705,0.5015602945855961,0.04107790087733341
0.45760776898675054,0.5013012670301871,0.041090963983062584
0.4574569311715599,0.5013936355971922,0.04114943323124774
0.4575764950989783,0.5013146569900099,0.0411088479110117
0.4575812141615779,0.5012846753482932,0.04113411049012905
0.45752147487770795,0.5013433952989104,0.04113512982338156
0.45732571993553295,0.5015143382775694,0.04115994178689763
0.4575322474127868,0.501266306190219,0.04120144639699398
0.4575276395383606,0.5013053002556339,0.04116706020600571
0.45724152266313933,0.5015885019059032,0.04116997543095755
0.4574608325838206,0.5013964604457227,0.04114270697045654
0.45736752531931396,0.5014736956492498,0.041158779031436166
0.45754239159825805,0.5012720792518246,0.0411855291499174
0.45739069284578887,0.5014527760638794,0.041156531090331544
0.45753225656640784,0.5012675334923001,0.04120020994129203
0.45744117106283744,0.5014437908849979,0.0411150380521645
0.4575465314858093,0.5012724543268078,0.04118101418738295
0.45722230833562455,0.5016062104888641,0.0411714811755114
0.45760586859164426,0.5012860751279848,0.04110805628037086
0.4572875116533895,0.501546476026658,0.041166012319952386
0.4574772154826392,0.5014654080827758,0.04105737643458487
0.45755277797495514,0.5012726459010599,0.04117457612398499
0.457214542305731,0.5016131985653184,0.04117225912895053
0.457543317310561,0.5013307513503484,0.04112593133909071
0.4572673621789077,0.50156488219381,0.04116775562728238
0.4575888556071844,0.5012925594087112,0.04111858498410438
0.4574037057977665,0.5014410696802614,0.04115522452197212
0.4572553819893244,0.501576610620936,0.04116800738973944
0.45753224400770476,0.5012674827691984,0.041200273223096814
0.4571964991991105,0.50162951099083,0.041173989810059666
0.4575775082054014,0.5013100288213459,0.04111246297325266
0.457276796629767,0.5015562618666551,0.04116694150357781
0.4572791699465769,0.5015554567703562,0.04116537328306705
0.4575659083436733,0.5013020411780236,0.04113205047830291
0.4574377311789562,0.5014165326682308,0.04114573615281305
0.45745397003711497,0.5014338816790732,0.04111214828381162
0.4573427229981766,0.5014994005633442,0.041157876438479284
0.4573076761275841,0.5015280782483781,0.04116424562403788
0.457440851542789,0.5014138216791558,0.04114532677805492
0.4576077286378912,0.5012943040442032,0.04109796731790569
0.45753049636346216,0.5013142877249094,0.04115521591162846
0.45757268061116146,0.501337887179051,0.041089432209787564
0.4574818266339582,0.5013781922666201,0.04113998109942185
0.4575367470483366,0.501261828598751,0.041201424352912144
0.4575728868451528,0.501259129251671,0.041167983903176227
0.45759358559736124,0.5013280757421917,0.041078338660447036
0.45756887437520055,0.501258300129092,0.041172825495707124
0.4575267269319717,0.5012987638939319,0.04117450917409638
0.45758061834380565,0.5012615731901726,0.04115780846602184
0.45753280891215553,0.5012650555682112,0.041202135519633004
0.4575343817589909,0.5012698934385025,0.04119572480250678
0.4575513073591905,0.5012726292744849,0.04117606336632476
0.45743043493610464,0.5014228724907985,0.041146692573096624
0.4575838990766391,0.5012786859369456,0.0411374149864153
0.4575271383729856,0.5012878364497527,0.04118502517726166
0.45755816126128224,0.5012573779416274,0.041184460797090094
0.4572334410201225,0.5015958891301571,0.04117066984972059
0.4575518637249239,0.5013158576717769,0.04113227860329903
0.45755863450842577,0.5012726053500416,0.04116876014153301
0.4574733897222108,0.5014691542246743,0.04105745605311519
0.45743629327721036,0.5014471490610006,0.041116557661789024
0.4572784886022738,0.5015560612486618,0.04116545014906439
0.4575354424440783,0.5012626117805361,0.04120194577538556
0.4572236945310456,0.5016329370869631,0.041143368381991056
0.4575906144917132,0.5013304172448639,0.0410789682634228
0.45748788983316635,0.501366521529056,0.04114558863777774
0.4573803485322126,0.5014621052193621,0.04115754624842549
0.45760765687660576,0.501293666200118,0.04109867692327609
0.4575457986196273,0.5012724063302115,0.04118179505016112
0.4575710100881564,0.501297033643558,0.04113195626828581
0.45752699779943506,0.5013014869626838,0.04117151523788104
0.45748684142320856,0.5014047341646295,0.04110842441216194
0.4575889532676671,0.5012888640041514,0.04112218272818151
0.45752841415019196,0.5012817755142692,0.04118981033553865
0.4574656331106843,0.5013737754126061,0.04116059147670987
0.457537929231061,0.5013240922199745,0.04113797854896445
0.45758697688025163,0.501332768238118,0.04108025488163031
0.4573341754572808,0.5015069047895135,0.0411589197532055
0.4575352406044241,0.5012703322466231,0.041194427148952835
0.4574036817749431,0.5014461401466629,0.04115017807839394
0.45758323260908246,0.5012809568205059,0.04113581057041174
0.4571975393639208,0.5016285666936733,0.04117389394240604
0.4573787844358521,0.5014678439198452,0.04115337164430267
0.4573812220268025,0.5015462690862749,0.041072508886922876
0.45760722016472055,0.5012909563558873,0.04110182347939227
0.45737597842076194,0.5014702938983658,0.041153727680872165
0.4574260104651578,0.5014525502843522,0.04112143925048992
0.4576053643083549,0.5013114980232627,0.041083137668382355
0.45736211154988315,0.5014785967169135,0.04115929173320327
0.45752581761293054,0.5013341286497484,0.0411400537373212
0.45719098656344836,0.5016345305459864,0.04117448289056532
0.4575766284817483,0.501294474184591,0.04112889733366056
0.45757334613969797,0.5012592421939706,0.04116741166633148
0.4575482906597695,0.5013427006680206,0.0411090086722098
0.45746742816425195,0.5013843924004957,0.041148179435252404
0.45752956687683993,0.5013119838551634,0.041158449267996604
0.4575932292220768,0.5012687778003866,0.04113799297753663
0.45752952646780576,0.5012782631316934,0.04119221040050076
0.4575586878125942,0.5012726044529017,0.04116870773450441
0.45760791764751435,0.5012978435112887,0.041094238841197034
0.4575327790117697,0.5012651011826195,0.0412021198056108
0.457535208827357,0.501270317759828,0.04119447341281479
0.4576019414765857,0.5013183475420395,0.041079710981374556
0.4575703778181087,0.5012977031978455,0.041131918984045716
0.45758231568135166,0.5012745860052247,0.04114309831342359
0.4575322561209754,0.5012675317667143,0.04120021211231059
0.4571978648957402,0.5016283558889991,0.04117377921526077
0.457589525850387,0.5012904620373401,0.04112001211227298
0.45754429333450913,0.5012590033913907,0.041196703274100195
0.45742026344569225,0.501426228759798,0.041153507794509776
0.45757626115021205,0.5012911859780224,0.041132552871765656
0.4575672863484572,0.5012724541069329,0.04116025954460991
0.4576061055114513,0.5012867638857402,0.04110713060280853
0.45755346944211245,0.5012726491124415,0.04117388144544623
0.4575327850055913,0.5012650919526179,0.04120212304179077
0.4575445372390348,0.5013226401476231,0.04113282261334223
0.4575690864161651,0.5012724475637512,0.04115846602008366
0.45758166560769137,0.5012741774175851,0.041144156974723727
0.4575193935585318,0.5014191047775937,0.04106150166387444
0.457596929977118,0.5013248667447365,0.04107820327814523
0.4574048490197023,0.5014451239864793,0.04115002699381828
0.4575829533251205,0.5012625619369239,0.04115448473795566
0.45731180927593806,0.5015265902336637,0.04116160049039819
0.45758053393585524,0.5013052508675953,0.0411142151965496
0.45759674951507723,0.5013250584080228,0.041078192076899916
0.45758091052794136,0.5013047555337015,0.04111433393835706
0.4575325716623845,0.5012682683313566,0.041199160006258964
0.4572081295979309,0.501618982205517,0.04117288819655215
0.4575800687348777,0.5012735142394255,0.04114641702569664
0.4575848502108468,0.5013339178436595,0.04108123194549352
0.4575474379381313,0.5012583181307382,0.04119424393113038
0.4573584506120852,0.50148561804243,0.041155931345484995
0.45753712414735476,0.5012710291708455,0.041191846681799676
0.4572490966152047,0.5015822178733073,0.04116868551148802
0.4575722881760872,0.5012956617643354,0.04113205005957753
0.4573583869237884,0.5015627077546089,0.04107890532160264
0.4575578175530603,0.5013102265101269,0.04113195593681272
0.45820462887011226,0.5027886890734705,0.03900668205641734
0.4575892366191278,0.501291593470286,0.04111916991058607
0.4408700181343494,0.5185603173023922,0.04056966456325851
0.4575450927197568,0.5012578431069948,0.04119706417324821
0.45721211053231076,0.5016153730389488,0.04117251642874058
0.45753326289452184,0.50126446040075,0.04120227670472832
0.45760286485643875,0.5012008350395065,0.04119630010405464
0.4575745379147819,0.5012595532339984,0.04116590885121974
0.4575601406311713,0.5012574115784232,0.041182447790405745
0.45760436840952645,0.5012824854749847,0.04111314611548867
0.4571895795828971,0.5016358195426192,0.04117460087448366
0.45734547195333747,0.5014936861881205,0.041160841858542026
0.457543696784542,0.5013310336276683,0.0411252695877897
0.4575813698087588,0.501261877420487,0.04115675277075424
0.45721206965796046,0.5016154103395889,0.0411725200024506
0.4575852412277764,0.5012895384089203,0.041125220363303204
0.45755901072437977,0.5012544495485712,0.04118653972704886
0.45760287143955347,0.5012007881327741,0.04119634042767256
0.4574163538531014,0.5014297270374385,0.041153919109460056
0.45721220657120576,0.5016153036788397,0.04117248974995437
0.45722496428038445,0.5016036353835005,0.041171400336114786
0.45743265624415724,0.5014494073036826,0.04111793645216004
0.45741744361123454,0.5014341659341186,0.041148390454646966
0.45753475834832946,0.5012700989252739,0.04119514272639665
0.45727278734776655,0.5015611225087107,0.04116609014352286
0.4575781040682099,0.50130683677343,0.041115059158360064
0.4572145416890311,0.5016131541003063,0.041172304210662605
0.45760185310352613,0.5012780812579695,0.04112006563850442
0.45760552150762845,0.5012851402986058,0.041109338193765686
0.4575766323300377,0.5012728125581727,0.04115055511178916
0.4575328566635736,0.5012686663107514,0.041198477025674765
0.4575049302141746,0.5013579927441966,0.04113707704162897
0.45760768860985956,0.5013020582916693,0.041090253098471294
0.4572833217023545,0.5015517751301188,0.04116490316752675
0.4575567153807096,0.5012726328914541,0.041170651727836335
0.45830549995345793,0.5028586129616599,0.038835887084882316
0.45749383088658413,0.5013981105508306,0.0411080585625852
0.45760199586305783,0.501278297449647,0.04111970668729528
0.4575625351962641,0.5012575345650351,0.04117993023870099
0.45721621788927513,0.5016116238589768,0.04117215825174794
0.4575690019675892,0.5013383101995159,0.04109268783289512
0.45759789966302966,0.5012730855871378,0.04112901474983265
0.4575268303635704,0.5012999935793068,0.04117317605712273
0.45758357427946306,0.5012800308755047,0.0411363948450321
0.45753789628206953,0.5012712472499814,0.04119085646794932
0.4572817109468341,0.5015532031427095,0.04116508591045652
0.4575689596361361,0.501258314886224,0.04117272547763994
0.4572014564825988,0.5016250869362556,0.04117345658114561
0.45753825036590057,0.5012713375808632,0.041190412053236335
0.45754723583539986,0.501272494336756,0.04118026982784415
0.45754409020691783,0.5013313187177013,0.04112459107538081
0.457603454104258,0.5012807169628984,0.041115828932843615
0.4575440829740225,0.5012590573011971,0.04119685972478015
0.4575288495337771,0.501280289219576,0.04119086124664695
0.4575349959274412,0.5013313099639406,0.04113369410861803
0.4574382160601631,0.5014161113913119,0.04114567254852508
0.4575500964933821,0.5013348313410051,0.041115072165612616
0.45723108605830626,0.5015983308258098,0.041170583115883924
0.45760774815452104,0.5013014892977324,0.041090762547746296
0.4570794941359415,0.501759788373556,0.04116071749050251
0.45742980660484656,0.5014273576240859,0.04114283577106771
0.4575438019529401,0.5012722378256481,0.041183960221411825
0.4573394452471844,0.501502277048128,0.04115827770468773
0.45754408432476384,0.5012590569518434,0.04119685872339265
0.4576035253150175,0.5013155721910508,0.041080902493931606
0.4575453731485279,0.5013218727608417,0.04113275409063047
0.45760791341689144,0.501298554481548,0.0410935321015604
0.4575650193422701,0.5012724835047299,0.04116249715299984
0.4576014024232336,0.5012774190873767,0.04112117848938975
0.45741927886449046,0.501427109390764,0.041153611744745466
0.45757811518468855,0.5013083660182918,0.04111351879701956
0.45756510429846275,0.5013383848316213,0.041096510869916086
0.4575678069611036,0.5012724503335985,0.04115974270529783
0.45755931913236386,0.5013070246521745,0.04113365621546154
0.45759098079858895,0.501214797199123,0.041194222002287804
0.45753466625523326,0.5012631633216319,0.0412021704231347
0.45755706550510433,0.5013372900181702,0.0411056444767256
0.4575329442051114,0.5013190774772108,0.041147978317677664
0.4576020130887884,0.5012783237570593,0.04111966315415232
0.4575552265679382,0.5012574424912766,0.04118733094078524
0.45756035060878814,0.5013077862029683,0.04113186318824322
0.45754369071072604,0.5012591607632965,0.041197148525977466
0.457503248608917,0.501389003016617,0.04110774837446591
0.45730545659870603,0.5015301019408729,0.041164441460421
0.4575756869996577,0.5012950988098714,0.04112921419047067
0.4572089946938146,0.5016182158476654,0.041172789458519925
0.4575347743973617,0.5012701071898927,0.04119511841274566
0.4572449687878577,0.5015859046825248,0.041169126529617295
0.4575988728142983,0.5012741688928344,0.04112695829286701
0.45755196899093836,0.5013356454486169,0.04111238556044477
0.45752759799224924,0.5012851981786359,0.04118720382911491
0.4572350491231666,0.5015944193172757,0.04117053155955753
0.4575292288165749,0.5012791180149537,0.04119165316847138
0.45756092711838636,0.5012574420433111,0.04118163083830229
0.4572790873988126,0.5015555300011351,0.041165382600052126
0.4575504996010608,0.5013171311009548,0.04113236929798433
0.45128564166481405,0.5079917756059187,0.04072258272926753
0.4572996071093005,0.5015354370464855,0.04116495584421408
0.4575575679331879,0.5013374100992273,0.04110502196758449
0.45758332792048784,0.5012756077390453,0.04114106434046695
0.45755772851117094,0.5012726196008832,0.04116965188794591
0.45572284011574615,0.5032836288292426,0.04099353105501145
0.45731130330372943,0.5015270364223321,0.041161660273938604
0.4575368796993812,0.5013296096515253,0.04113351064909351
0.4575800070882431,0.501286438332408,0.041133554579348815
0.4590464398191224,0.5033761195201061,0.037577440660771434
0.4575453459129355,0.5012587495103874,0.04119590457667696
0.4575748910639703,0.5013374668118133,0.0410876421242165
0.4575433595480652,0.5012589924472947,0.041197648004640215
0.457532274389664,0.50126759875628,0.04120012685405591
0.45759351560200034,0.501269007264597,0.04113747713340256
0.4573352235097825,0.5015029971812548,0.041161779308962795
0.4576078924295882,0.5012966300421285,0.04109547752828338
0.45753245880856797,0.5012680657216273,0.04119947546980497
0.4575351362718365,0.5012628199523153,0.04120204377584806
0.4555251440437724,0.5034977515999636,0.04097710435626399
0.4575484294571743,0.5013155819527332,0.04113598859009265
0.45757838033476705,0.5012730896755268,0.0411485299897062
0.45753512476970104,0.501326397758813,0.041138477471485975
0.45734152220266494,0.501500454187118,0.04115802361021697
0.4575610243123614,0.5012725606229215,0.04116641506471723
0.4575624411649299,0.5012725319776641,0.04116502685740621
0.45754027914890344,0.5012615062234876,0.04119821462760878
0.4575231791183016,0.5014143534715364,0.04106246741016218
0.4574409259851127,0.5014137570048601,0.04114531701002681
0.457524086233646,0.5013681578529672,0.04110775591338671
0.4571928754897,0.5016328068956906,0.041174317614609504
0.45757580338912984,0.501337256294465,0.0410869403164049
0.4574241042759278,0.5014227958541373,0.04115309986993476
0.4571953153304264,0.5016305866076157,0.041174098061957855
0.45753401540250127,0.5013207917812877,0.04114519281621107
0.4575919836585206,0.5013293902908738,0.041078626050605506
0.45720851037167154,0.5016186576106155,0.04117283201771281
0.4573036381370591,0.5015338007512696,0.04116256111167118
0.4574268361292226,0.5014203565477953,0.04115280732298214
0.457552956930266,0.5013119845220114,0.041135058547722536
0.45719801546209643,0.5016281346909214,0.04117384984698226
0.45760791633718034,0.501297646315034,0.04109443734778557
0.45747080361543935,0.5013877899781122,0.04114140640644837
0.4575110497528821,0.5013526111942334,0.0411363390528846
0.45753221111960085,0.5012673194881615,0.0412004693922374
0.4575708567622347,0.5012608576213172,0.041168285616448065
0.45748658256145686,0.5014049771282363,0.04110844031030663
0.4575726592991465,0.5012952583006848,0.04113208240016868
0.4575314749008768,0.5013163811395119,0.04115214395961129
0.4575416465110853,0.5012597664874643,0.04119858700145036
0.4574247884803898,0.5014367068559078,0.04113850466370227
0.45758324997925154,0.5012809145150657,0.04113583550568286
0.4575846907756306,0.501289782554714,0.041125526669655466
0.45758249711332477,0.5012825086171866,0.041134994269488724
0.45730723666720474,0.5015284789038068,0.04116428442898851
0.45752893209141227,0.5013315290577285,0.04113953885085905
0.4575269911557637,0.5013014346877628,0.041171574156473364
0.4575406167175262,0.5012718207590301,0.04118756252344381
0.45758390049320646,0.5012786764935825,0.04113742301321104
0.4571888096174554,0.501636557153235,0.04117463322930968
0.45726596779080864,0.5015671841754432,0.04116684803374798
0.4575795221036071,0.501287102449209,0.04113337544718403
0.45755919366716136,0.5013071212100537,0.04113368512278464
0.45758885157336193,0.5012925685960982,0.04111857983053974
0.4575300340989617,0.5012769116963826,0.04119305420465592
0.45754895982804755,0.5013185622111652,0.04113247796078714
0.4572161244626281,0.5016117735398614,0.041172101997510764
0.4572445115027522,0.5015863133273131,0.04116917516993472
0.4575278403564794,0.501408316389806,0.04106384325371474
0.4575328050055401,0.5012686024697399,0.041198592524719906
0.45755340560726776,0.5013144114436409,0.04113218294909132
0.4572739448036718,0.5015600945180521,0.041165960678276034
0.4573679135799208,0.501477340330453,0.041154746089626014
0.45759099232608264,0.5012671106415645,0.041141897032352756
0.4575626833579143,0.5012553003439317,0.04118201629815396
0.45756594802348244,0.5012724693096615,0.04116158266685601
0.45758504899185126,0.5012896216798097,0.04112532932833923
0.45725311567778115,0.5015786315208427,0.04116825280137589
0.4575534209290556,0.5012726489752359,0.04117393009570856
0.45759603010133415,0.5012087929861642,0.04119517691250172
0.45753218473170154,0.501266716826239,0.04120109844205963
0.4572838303726084,0.5015498374423365,0.041166332185055006
0.45754346022277503,0.5012592233764646,0.04119731640076049
0.4575392807207905,0.5013523493681454,0.04110836991106393
0.45755081139055515,0.501257806473998,0.04119138213544695
0.45757794557230524,0.5013077328946717,0.041114321533023246
0.45758343584236205,0.5013013373940491,0.04111522676358872
0.4576079178682925,0.5012980463703989,0.04109403576130844
0.45756725173955265,0.5012580422571277,0.041174706003319766
0.45753283051583216,0.5014015973978732,0.041065572086294536
0.45755101174413815,0.5012577827041911,0.04119120555167051
0.45742231715674203,0.5014422277284877,0.04113545511477066
0.4573060963387176,0.5015295186088216,0.04116438505246087
0.457533771436457,0.5012694505032531,0.0411967780602897
0.45749567985540757,0.5014463995890589,0.041057920555533485
0.4575960534679776,0.5012712256743348,0.041132720857687724
0.45755025950452566,0.5012578756662034,0.041191864829271035
0.4572059220885045,0.5016209763157937,0.04117310159570174
0.45753232385322307,0.501266031623718,0.041201644523059154
0.4572936630028494,0.5015408608419663,0.04116547615518438
0.4573756537431026,0.5014705774353763,0.04115376882152124
0.4576023749262777,0.5012013482511293,0.041196276822593136
0.457545562561382,0.5013178842914169,0.04113655314720093
0.45753544392362955,0.5012669698715084,0.041197586204861754
0.4575456409887341,0.5013323710883401,0.04112198792292578
0.45752089967319953,0.501371406497866,0.04110769382893443
0.4575477244363449,0.5012674469670552,0.04118482859660005
0.4575530583229687,0.5013360649410685,0.04111087673596272
0.4571938902114573,0.501631967421412,0.041174142367130594
0.4575179894134383,0.5013464843401627,0.041135526246398824
0.45743453998140554,0.5022364883081524,0.0403289717104419
0.45759728120255516,0.5012724359946726,0.04113028280277215
0.4573474726275011,0.501491869978996,0.041160657393502935
0.4571981385208682,0.501628106994385,0.04117375448474662
0.45760406044891505,0.5012818629544901,0.04111407659659484
0.457561921164657,0.5013381573927609,0.04109992144258213
0.4575466096316179,0.5012584777934874,0.04119491257489445
0.45758921159269417,0.5012890367614371,0.041121751645868836
0.4574210002243496,0.5014460952790447,0.04113290449660592
0.4576076910216661,0.5012939568337236,0.041098352144610384
0.45733146487414983,0.501509286633524,0.04115924849232625
0.45731831753609636,0.5015183812843262,0.04116330117957737
0.45742090265103624,0.5014518193821601,0.04112727796680354
0.45742512205875463,0.5014274900494068,0.04114738789183864
0.4570753854145586,0.5018981079636131,0.04102650662182844
0.4575326951246009,0.5012684558645556,0.04119884901084378
0.4575375257037053,0.5012711464237362,0.04119132787255868
0.4575437189699041,0.5012587392968351,0.04119754173326102
0.4574383479917325,0.5014457731575569,0.041115878850710684
0.45746929909007844,0.5013827498718783,0.04114795103804325
0.45755714892036836,0.5012573846580644,0.041185466421567354
0.45757950735707764,0.5013361727070933,0.04108431993582928
0.45758822092708795,0.5012653144645949,0.041146464608317196
0.4575473102315661,0.5013200885858736,0.041132601182560194
0.4575772414357024,0.5012728951211848,0.04114986344311301
0.4575270039072823,0.5013015346299389,0.041171461462779085
0.4576029729210139,0.5013165983309548,0.041080428748031285
0.4575315702540764,0.5012734220630273,0.04119500768289634
0.4575435669344973,0.5013309378518392,0.041125495213663536
0.4572765568539666,0.5015564809099937,0.04116696223603962
0.4575269316244935,0.5013385398353757,0.04113452854013071
0.45753742127024966,0.5012644714624365,0.04119810726731395
0.45758011076876026,0.5012613749306369,0.04115851430060246
0.45749421482546554,0.5013266975892804,0.041179087585254105
0.45743107576152836,0.5014223156056287,0.041146608632842856
0.457470674448124,0.5013815434208456,0.04114778213103047
0.4576040413257963,0.5012818252629327,0.04111413341127061
0.4575684035223623,0.5012997607629233,0.04113183571471471
0.4575810062671415,0.5012917376833498,0.041127256049508926
0.45760706820955865,0.5012902395720932,0.04110269221834822
0.45758151770000405,0.501335424578254,0.04108305772174192
0.4573620920199628,0.5014824314494309,0.04115547653060631
0.45756364261571,0.5012556638283115,0.04118069355597834
0.4571969287091537,0.501629120986018,0.041173950304828434
0.45807846640957506,0.5027009026115037,0.03922063097892125
0.45755725587863955,0.5012543198127132,0.041188424308647095
0.45718467449188027,0.5016767076511868,0.04113861785693293
0.45754727517907057,0.5012724964051776,0.04118022841575196
0.4575808536519634,0.5012852217444858,0.041133924603550955
0.45758177125179345,0.5012258409614567,0.04119238778674986
0.4575113472823864,0.5013523490789895,0.04113630363862424
0.45754904827168996,0.5013150873589726,0.04113586436933765
0.457554137609351,0.501336443065852,0.041109419324796684
0.45514647472201014,0.5039063801332481,0.04094714514474167
0.45754975707538276,0.5013178220265723,0.04113242089804519
0.45719594450188156,0.5016300148462735,0.04117404065184484
0.4575334077243756,0.5012692181611704,0.0411973741144538
0.45751626111564664,0.5013760959376797,0.04110764294667351
0.45754284629827213,0.5012721344311829,0.04118501927054487
0.45757423792632995,0.5012655965361575,0.04116016553751263
0.45757025624287034,0.5012585543805991,0.04117118937653035
0.4575472665431684,0.5013333602020555,0.041119373254775986
0.4574614813287866,0.5014275862214984,0.04111093244971487
0.45719622561027157,0.501629759477707,0.041174014912021224
0.45754232125917993,0.5013246676592623,0.041133011081557924
0.4571925574847555,0.5016331760950167,0.04117426642022755
0.45757766694317925,0.5013089324955997,0.04111340056122095
0.4572510222932813,0.5015804991196744,0.04116847858704428
0.4575025291248916,0.5013538834130368,0.04114358746207159
0.4575272702494104,0.5014090665656492,0.04106366318494034
0.45758164166677395,0.5012839985558529,0.041134359777373404
0.4575742845282299,0.5012656791209669,0.041160036350803286
0.45753398956864977,0.5013579162245388,0.041108094206811246
0.4575399408607392,0.5012618227568438,0.04119823638241692
0.4575324587055174,0.5012680655174488,0.04119947577703359
0.4571265354224202,0.5017151232192959,0.041158341358283806
0.4539813725831779,0.5051531707905627,0.040865456626259344
0.4575741764007408,0.5012654884122223,0.04116033518703713
0.4575493124420865,0.5013182350427837,0.04113245251512975
0.45758086377347396,0.5012852066670906,0.04113392955943515
0.4575758079224285,0.5012917173673229,0.04113247471024864
0.45758108777883066,0.5012738946853688,0.041145017535800306
0.4575780200254919,0.5012890508884251,0.041132929086083334
0.45746107368117056,0.5014279347886914,0.041110991530138086
0.4575318210231294,0.501272918114079,0.041195260862791495
0.4573182219047543,0.5015900388245897,0.041091739270656055
0.4571925585765085,0.501633175105544,0.04117426631794786
0.45754293952566655,0.501330463027267,0.041126597447066156
0.4574469790784097,0.5014084982435939,0.04114452267799645
0.4574444698802375,0.5014046635749633,0.041150866544799214
0.45759156219903974,0.501329715457255,0.04107872234370536
0.4572840214322837,0.501551154923909,0.04116482364380724
0.4575298888435685,0.50131282419175,0.041157286964681204
0.4575675034061972,0.5013383844252097,0.04109411216859319
0.457306132258454,0.5015315987432006,0.04116226899834539
0.4576063568492895,0.5013085871845566,0.041085055966153965
0.45756217876220306,0.5013048396616355,0.04113298157616149
0.457282795222816,0.5015507827734142,0.04116642200377002
0.4575673705253853,0.501257731413273,0.04117489806134183
0.45754157089676467,0.5013293543240448,0.04112907477919047
0.4575740312265452,0.5013376453277978,0.04108832344565676
0.45743590476283214,0.501412274187901,0.04115182104926676
0.4575789368961874,0.5012732083529089,0.0411478547509038
0.4575100047247993,0.5013535314709603,0.04113646380424041
0.45749481139558995,0.501334663222246,0.04117052538216404
0.45737150310117713,0.5014663332789554,0.04116216361986748
0.4575656812248901,0.5012724731281913,0.041161845646918445
0.45754294656488603,0.5012592931958082,0.04119776023930575
0.4572134451541589,0.5016141871842116,0.041172367661629405
0.4575215146753525,0.5013002935056595,0.04117819181898817
0.4575194521258389,0.5013394765567922,0.04114107131736886
0.45719971598635084,0.5016266715867118,0.041173612426937164
0.45759381971486374,0.501269255247775,0.04113692503736123
0.45758064969063983,0.5012855226312728,0.041133827678087445
0.4575828738381239,0.5012750611620744,0.041142064999801546
0.45758845386225244,0.5012887353292058,0.04112281080854151
0.4575728123300521,0.501272518065995,0.04115466960395284
0.45753234621109307,0.5012678126260582,0.04119984116284867
0.45754722284307564,0.5013333350519029,0.04111944210502133
0.45756448012439127,0.5012577009158702,0.04117781895973847
0.457537784484888,0.5012712175362168,0.04119099797889507
0.45726560201653843,0.5015675095392578,0.0411668884442039
0.45756757031012496,0.5013006158875176,0.04113181380235751
0.45754190931657834,0.5012720161202523,0.04118607456316921
0.45729800824907313,0.5015368957247959,0.04116509602613101
0.4575620674107639,0.5012725395367118,0.04116539305252426
0.457566188442337,0.5012438237721107,0.04118998778555222
0.45749287069426187,0.5013685547959337,0.041138574509804404
0.45727703574596634,0.501557350471318,0.041165613782715445
0.4575479052983652,0.501379232410727,0.04107286229090792
0.45721614312915104,0.5016414139312464,0.04114244293960262
0.45758190757969813,0.5012743160674289,0.04114377635287279
0.4573724421155831,0.5014692483782707,0.041158309506146365
0.45744901324091203,0.5014067309891445,0.04114425576994383
0.45760769202644597,0.5012939657126501,0.04109834226090408
0.45758555252291067,0.5012638225234505,0.04115062495363917
0.45728601121309365,0.5015478460084376,0.041166142778469056
0.45752632784009095,0.5013390783793705,0.04113459378053858
0.4574323527966583,0.5015061346750959,0.04106151252824591
0.45758208709820813,0.501274428594955,0.04114348430683663
0.4575322386770032,0.5014024092689365,0.04106535205406027
0.45754341224696266,0.5023186755291925,0.040137912223845
0.45746855815170595,0.5014214264399048,0.041110015408389204
0.4575993590387297,0.5013220325963033,0.04107860836496695
0.4575984600131662,0.5013231408395962,0.04107839914723762
0.45719146440892394,0.5016340939737974,0.04117444161727854
0.4575348660232547,0.5012677842740372,0.041197349702708164
0.45722145478810483,0.5016069777367597,0.04117156747513537
0.4575367160846102,0.5012778911164166,0.041185392798973056
0.4573187635484502,0.501520461583999,0.04116077486755099
0.45720811327413124,0.5016190197875666,0.0411728669383019
0.457267498846469,0.5015647572980573,0.04116774385547398
0.45756273502364836,0.5012725260720744,0.04116473890427713
0.4570953126150345,0.5019289673565016,0.04097572002846384
0.4575114384936845,0.5013462676506676,0.04114229385564781
0.4575479008161043,0.5013160051568505,0.04113609402704506
0.45758529008102733,0.5013336926322292,0.041081017286743335
0.4574299025465606,0.5014176209665366,0.04115247648690287
0.4575599327687888,0.5012574051494174,0.04118266208179387
0.45737609507336413,0.5014659467656762,0.04115795816095955
0.45735747735971866,0.5014827954264177,0.041159727213863906
0.4573810968735688,0.5014658255285317,0.04115307759789953
0.4575743193793001,0.5012594942336088,0.04116618638709075
0.457594048020934,0.5012694444062885,0.041136507572777425
0.4575347672487968,0.5012701035132643,0.041195129237938784
0.4575357345357205,0.501397550680163,0.04106671478411642
0.457577383677434,0.5013368394949757,0.04108577682759032
0.45747169042863556,0.5014186403900303,0.04110966918133397
0.4575459685363135,0.5012586112771785,0.04119542018650789
0.45758937729972116,0.501291144618234,0.04111947808204452
0.4575325940529695,0.501268304549811,0.0411991013972197
0.4574633352452302,0.50142599196731,0.04111067278745979
0.45752952250692785,0.5013118640034934,0.04115861348957874
0.4575839735065048,0.501263035618043,0.04115299087545234
0.45754077806654025,0.5012600613179775,0.04119916061548224
0.45757955347568857,0.5012870600976636,0.041133386426648
0.45756902557459034,0.5012724474585029,0.041158526966906916
0.45758993353637367,0.5012663919697429,0.04114367449388331
0.457225919491958,0.5016027626469459,0.04117131786109607
0.45754437271770315,0.5012722921345405,0.04118333514775634
0.4574844135727481,0.501375937099989,0.04113964932726272
0.4575408606976214,0.5013287368283827,0.04113040247399602
0.4575140233172075,0.5013783416730215,0.04110763500977118
0.4575834010749147,0.5012757193196962,0.04114087960538943
0.45753403329045705,0.5013208189143673,0.0411451477951758
0.45723569923595525,0.5015938250921672,0.0411704756718775
0.4575741094590005,0.5012594383952464,0.04116645214575321
0.457573512996545,0.5012943204065066,0.04113216659694835
0.45714868311036755,0.5016987960411348,0.041152520848497715
0.45742282725335853,0.5015140312665594,0.04106314148008222
0.45742262605588674,0.501441463859907,0.04113591008420617
0.4574554934198842,0.5014326280659495,0.04111187851416608
0.45740506829780064,0.5014398460433788,0.0411550856588206
0.4572729282626487,0.5015609973428151,0.0411660743945361
0.45722846743262635,0.501600679576385,0.04117085299098852
0.45719394711329464,0.5016318310360802,0.041174221850624956
0.45750872833721723,0.5013836124492508,0.041107659213532176
0.4575895289278625,0.5012896555301348,0.041120815542002684
0.4576053841495031,0.5013114464398416,0.041083169410655054
0.45744894619945353,0.5014067892346189,0.04114426456592736
0.45753723182967143,0.5012615715191735,0.04120119665115501
0.45737522931114083,0.5014667290596723,0.04115804162918698
0.457560502762581,0.5012725709782846,0.0411669262591344
0.4575960731819005,0.5013257563539293,0.04107817046417026
0.4575433037436803,0.5012721859628587,0.0411845102934611
0.4575362418969948,0.5012621144212777,0.041201643681727615
0.45744274434366516,0.5014121772553997,0.04114507840093514
0.457598051287877,0.501323620512502,0.04107832819962094
0.45754430932638435,0.5012583404887195,0.04119735018489628
0.4571911436429138,0.5016343869848351,0.04117446937225125
0.4573750450561879,0.5014711090254552,0.04115384591835665
0.4574688862649452,0.5013894578932754,0.04114165584177928
0.457528726372912,0.5013369369299979,0.041134336697090046
0.4572590709451306,0.5015733232641872,0.04116760579068191
0.45724315999715354,0.5015870051345813,0.041169834868265
0.4575477579248945,0.5012582602006959,0.04119398187440948
0.45755379953072056,0.5012726497080692,0.04117355076121039
0.45753683979975396,0.5012709406005204,0.0411922195997258
0.45759603046984526,0.5013257993857378,0.04107817014441675
0.457527297428376,0.5012868258342232,0.04118587673740067
0.4575619819148681,0.5012574981461055,0.04118051993902619
0.45758251731667077,0.5012747405730797,0.04114274211024962
0.45756806032844355,0.5012724490089125,0.041159490662643884
0.45721284098489384,0.5016147064175143,0.04117245259759195
0.45759822278696255,0.5013234209893002,0.04107835622373728
0.45758614031011396,0.5013332389473975,0.04108062074248859
0.4575396146096553,0.5012604970594577,0.04119988833088676
0.4575813670283721,0.501284437294916,0.0411341956767118
0.4574826168735025,0.5014086772655897,0.041108705860907646
0.4576072703643014,0.5013048289553825,0.04108790068031624
0.4576024892680019,0.5013174431394245,0.04108006759257367
0.4575046883926197,0.5013875930375072,0.041107718569873004
0.45758169111846414,0.5012620114835971,0.041156297397938815
0.45744165024724803,0.5014071663840641,0.041151183368687734
0.4575463292175903,0.5012724417515961,0.04118122903081358
0.45754186488421555,0.5012601325382652,0.041198002577519106
0.45760572581777087,0.5013105218365855,0.0410837523456437
0.45753261971053943,0.5012653652330918,0.04120201505636859
0.457549192432337,0.501318346428802,0.041132461138860855
0.4575374293720717,0.501271119085321,0.041191451542607345
0.4571952366630193,0.5016307449410426,0.04117401839593803
0.45760735926755275,0.5012916873899833,0.041100953342464
0.457588652592008,0.501331749214466,0.04107959819352576
0.45754908183555715,0.5012580419243882,0.04119287624005484
0.457560684196916,0.5013074624222725,0.04113185338081147
0.45748944565478306,0.5013651718911228,0.041145382454094
0.4575563234285073,0.5012726371507489,0.04117103942074369
0.45751820849924507,0.5013741328621059,0.04110765863864908
0.45755631683622117,0.5012574023992595,0.04118628076451937
0.457582516996694,0.5013350086665306,0.04108247433677545
0.45746566530187965,0.5013859414723053,0.04114839322581512
0.4575505749119444,0.5013170609378687,0.04113236415018696
0.4575507357913749,0.5013400414040483,0.041109222804576837
0.45745411531841706,0.5013899452786427,0.041155939402940225
0.457569226160537,0.5012724479046287,0.041158325934834254
0.45757945222157775,0.5012871965058302,0.04113335127259211
0.45754166451956285,0.5012597606270379,0.04119857485339922
0.45745166919882574,0.501404423435964,0.04114390736521007
0.4576062974600873,0.5013087849562432,0.04108491758366955
0.45756563149402874,0.5013022466735674,0.04113212183240378
0.45760603405092565,0.5012865512564281,0.041107414692646345
0.4575873711355097,0.5012953966858081,0.04111723217868207
0.45744091303132894,0.5014094113326989,0.04114967563597256
0.4575154999161042,0.5013486855941132,0.04113581448978247
0.4575579198250086,0.5012573780675902,0.04118470210740133
0.45719401134025295,0.5016318574951032,0.04117413116464381
0.4575532708796571,0.5013145381193194,0.04113219100102372
0.4573521866861049,0.5014911034617715,0.04115670985212363
0.4575622143158047,0.5013059692906314,0.041131816393564086
0.45757166342677513,0.5012724804345532,0.041155856138671704
0.45752672269527705,0.5012916740134891,0.041181603291234
0.457463420787041,0.5013768389157104,0.04115974029724888
0.4572918822967827,0.5015424861101315,0.04116563159308585
0.45758388421506174,0.5012769396599714,0.04113917612496669
0.45758274911978825,0.5012820175515144,0.04113523332869756
0.4574074915025825,0.5014255346523021,0.041166973845115376
0.4575495847506245,0.5013179821603837,0.04113243308899164
0.4572876070210819,0.5015479781378994,0.04116441484101877
0.45755205957923256,0.5012576699013186,0.041190270519448624
