0,1,2
0.5191595129944017,0.45559932169297596,0.025241165312622136
0.3382844254384654,0.3394481547460392,0.3222674198154955
0.4586459108088499,0.5218743217962454,0.019479767394905163
0.5211717599582713,0.4614528619614942,0.01737537808023387
0.5043402255981286,0.48315197731772436,0.01250779708414692
0.4629412602523204,0.5253915692080756,0.01166717053960347
0.4691659454042937,0.5134164595117336,0.01741759508397181
0.4677796752068738,0.5198570629911338,0.012363261801992069
0.49877584244824974,0.49397216542778055,0.007251992123969666
0.3248043106379732,0.6659532489850156,0.009242440377011234
0.4770984425512704,0.5115295130410626,0.011372044407666327
0.472320662635867,0.5141088182589622,0.013570519105170278
0.4866093693340896,0.48876236979440096,0.02462826087150957
0.4510184156861604,0.523215638687716,0.02576594562612437
0.5153497663962613,0.4711959797736862,0.013454253830051808
0.4872426965588069,0.49319866890729486,0.019558634533897768
0.49351057708223567,0.4958265707576816,0.010662852160083159
0.5222746771179109,0.47288219284441413,0.004843130037675464
0.4911634531750364,0.5044872707732366,0.004349276051726192
0.5234279534141776,0.45907404409535446,0.017498002490468408
0.5097341186078784,0.47944512007554807,0.01082076131657416
0.3473765353196672,0.3387025092949011,0.31392095538543074
0.45919274534200955,0.5290232630191889,0.011783991638801429
0.4754074107791796,0.500760576710028,0.023832012510793074
0.5603153492875644,0.4186529636413252,0.021031687071111138
0.44353071028214236,0.5499760548481785,0.006493234869678806
0.40968552428743155,0.4687080088975929,0.12160646681497565
0.47772916035895346,0.5078095677034279,0.014461271937618831
0.4371339824797961,0.5230135790028448,0.039852438517359146
0.24505431885516724,0.7522995990833828,0.0026460820614502886
0.4835748393894339,0.4582778265550075,0.05814733405555937
0.4991772150344959,0.49821521138730523,0.002607573578198577
0.491732643956333,0.5031403047127553,0.00512705133091242
0.47796230740868045,0.48004821796565905,0.041989474625660606
0.4881911482032363,0.4532908915848896,0.05851796021187352
0.5515508716646076,0.44501075202970725,0.003438376305684785
0.4426058756405565,0.540294930345009,0.01709919401443489
0.49742250451897757,0.4954055808534402,0.0071719146275827095
0.4541600808861255,0.5169400741423948,0.028899844971479294
0.5082727288370129,0.48575742982222947,0.005969841340757834
0.3829183988879629,0.536113878231516,0.08096772288052148
0.39996940993866836,0.5867048390789737,0.013325750982357139
0.46085617688686625,0.45731383395615693,0.08182998915697605
0.390550213034119,0.6021051429820905,0.0073446439837907005
0.4348842501590129,0.5549378396696417,0.010177910171345577
0.47274201485021894,0.37323597104596984,0.1540220141038119
0.4230023748430695,0.4754829190075801,0.10151470614935101
0.49993077623924836,0.4757571976670589,0.024312026093692266
0.6166277194369926,0.3819242749256506,0.0014480056373563155
0.47182677561770164,0.5059882471813378,0.022184977200961385
0.45378262542798736,0.5354601617793152,0.010757212792696653
0.5510299155427075,0.447903610068326,0.0010664743889654813
0.48882947180656694,0.4752362855126537,0.035934242680779396
0.403785217049604,0.5887152890657931,0.007499493884603281
0.4647023099729944,0.4391084812218603,0.09618920880514599
0.5157784298153948,0.4726913833616486,0.01153018682295574
0.5035754236455333,0.45616444600837724,0.040260130346089565
0.5247947571347196,0.4384590696745092,0.036746173190771184
0.4244991118362171,0.4500946007127045,0.12540628745107898
0.48443806696461333,0.4415844920567843,0.0739774409786026
0.4838568243280873,0.49667914334738655,0.019464032324526183
0.5586405836367319,0.4357957437956789,0.005563672567590065
0.4939756954728551,0.4983749204535231,0.00764938407362124
0.4924841930322424,0.5034143197257697,0.0041014872419881275
0.5130257194320335,0.47804567373771767,0.008928606830249174
0.48593925642741514,0.5116635248404839,0.002397218732101197
0.48930736082143933,0.4823434714583941,0.028349167720166463
0.4893558376750582,0.48505214178095707,0.02559202054398409
0.40237846694096707,0.5891539489618904,0.00846758409714221
0.48541641639213534,0.49111377706957327,0.023469806538291223
0.4779197295964026,0.5023299186431769,0.019750351760420608
0.4852630693056829,0.4483062800181914,0.06643065067612501
0.5122878025644525,0.4430552622387418,0.04465693519680615
0.4513086266632956,0.5376290651149558,0.011062308221749235
0.418351979748894,0.547189062577906,0.03445895767319984
0.47276281683751303,0.46872400028943206,0.05851318287305547
0.48040672766872206,0.4977954378162441,0.021797834515034087
0.4645286977769274,0.5161509027765567,0.019320399446516007
0.5373345420905116,0.4587431356666113,0.003922322242876857
0.3690778426222689,0.3705817380571048,0.26034041932062696
0.4801424876533371,0.5062314056465815,0.013626106700080737
0.36465654457588825,0.6338649143510825,0.0014785410730305817
0.476712981827471,0.5060767947542401,0.01721022341828841
0.45199559088863656,0.546041960198161,0.001962448913202551
0.5093994171826091,0.4592659773416216,0.03133460547576985
0.5223974434846546,0.4633015467766786,0.014301009738665958
0.46660896130372786,0.5186963796870082,0.014694659009264595
0.31906882274233295,0.6801763396709773,0.0007548375866894336
0.25959389419711615,0.740156368321433,0.000249737481450269
0.4533096408240738,0.3410939826676858,0.2055963765082409
0.5101027904951854,0.4633511316239842,0.026546077880830184
0.25909635400042486,0.2880770064616655,0.4528266395379092
0.44583388250009065,0.5433139725018841,0.01085214499802481
0.4788329067950783,0.5106067235269017,0.010560369678019049
0.5155049858560912,0.4832383073568958,0.0012567067870119218
0.509468175824279,0.47869557344660746,0.011836250729114374
0.365134688058699,0.42809525714121804,0.2067700548000828
0.49298832305055756,0.478127101594821,0.028884575354621186
0.48713809151586274,0.48562351722683567,0.02723839125730177
0.5016301472884914,0.4736646413712995,0.024705211340208935
0.49127194017933806,0.5064067574084125,0.0023213024122488
0.3201221804180153,0.35615240492560185,0.32372541465638294
0.5408066225408493,0.4444546538318272,0.014738723627322887
0.5165534034537709,0.47431181831355784,0.009134778232672159
0.41637068212462713,0.5676223664309645,0.016006951444408602
0.4925237417898901,0.4813822835564625,0.026093974653647576
0.4774908636556743,0.47924784542498644,0.04326129091933898
0.4525722807621121,0.5267170593095039,0.0207106599283839
0.4949730766208879,0.48185035542861504,0.02317656795049678
0.48608188558777615,0.4389320983608168,0.0749860160514078
0.4272377448444656,0.5541498287447574,0.018612426410776546
0.5750438960758736,0.42468554695897354,0.000270556965153488
0.48819007235549244,0.49210787279629126,0.019702054848216532
0.5282716339871988,0.442024786593747,0.02970357941905417
0.49276628381161536,0.4530205998232382,0.05421311636514713
0.5185586123251765,0.4278621995780431,0.053579188096779896
0.5237538923384234,0.4727907143627017,0.003455393298874319
0.560740593713828,0.41690276134030635,0.022356644945865395
0.5134831967614756,0.46722160857619355,0.01929519466233064
0.3779178962383994,0.620816133776745,0.0012659699848549342
0.44323358550148967,0.45420709034035855,0.10255932415815257
0.5683522903381818,0.4209174381945905,0.0107302714672269
0.4810717921267062,0.5140916123357121,0.004836595537582254
0.5204377715869797,0.4755400612111637,0.004022167201856763
0.07679974129027987,0.9231991329168189,1.1257929003481917e-06
0.4140845072482533,0.5686794229306117,0.0172360698211348
0.48364209940581154,0.4962008951904468,0.020157005403741556
0.46629136256212217,0.5144041184708734,0.019304518967004466
0.3851206667328446,0.613481022360354,0.0013983109068022108
0.48178761510156726,0.502566768992348,0.015645615906084088
0.4953796806049109,0.4957817527730635,0.00883856662202654
0.48282730175387645,0.4930412157800522,0.024131482466070952
0.4980465491448775,0.4607558762788157,0.041197574576306586
0.5249013674835961,0.4648950864563343,0.010203546060069209
0.4681256641651382,0.513191952230193,0.018682383604668108
0.38602219344040745,0.6051446264933341,0.008833180066257919
0.5116272738142011,0.48149567604086646,0.00687705014493296
0.34727498014781893,0.6274901999256806,0.025234819926500444
0.4805384018324901,0.49869220989137497,0.020769388276134344
0.41055784227882663,0.4950143317965622,0.09442782592461124
0.49947445801782986,0.4901723135936872,0.010353228388483472
0.44151653388977835,0.549376802560731,0.00910666354949048
0.48871404482376657,0.46219588426759795,0.04909007090863642
0.5241132625144155,0.46216602065123813,0.013720716834346228
0.282500213050756,0.5116411045202358,0.20585868242900737
0.46418646905190525,0.4982980627419994,0.03751546820609491
0.4597321707328315,0.42462684847863846,0.11564098078852994
0.5126985810825585,0.48433369476792365,0.0029677241495184147
0.4872428026717015,0.48413405789058134,0.028623139437716858
0.4302063327573644,0.5564662894311517,0.013327377811483545
0.4907795593812793,0.4238288594187317,0.08539158119998914
0.42794002238433,0.5554305484361504,0.016629429179519793
0.4539239627526116,0.4529771542789585,0.09309888296843041
0.43329745087889737,0.555846188276103,0.01085636084499918
0.48554824077116365,0.4568046132975044,0.05764714593133279
0.3458538079292164,0.6431690081836672,0.010977183887117133
0.24258938016855783,0.7532587617882228,0.004151858043219518
0.4458022214897717,0.5505904779652256,0.003607300545002395
0.5080960379222973,0.4855388293191214,0.006365132758581177
0.48530552736056704,0.46250982675603114,0.05218464588340199
0.42141605679128574,0.4281665661040601,0.15041737710465328
0.2859444192153744,0.3446455172261342,0.3694100635584907
0.554802990603257,0.43286021292496024,0.012336796471781923
0.28681813616491203,0.6757379856314863,0.03744387820360259
0.4962443602471018,0.4922024714813696,0.011553168271528675
0.5002388028496944,0.4599554711881982,0.03980572596210793
0.47501742592766116,0.48134935299695786,0.04363322107538111
0.5823517112588273,0.39465082766756104,0.022997461073612266
0.46559317837607644,0.5029779633733693,0.03142885825055437
0.5298593912789393,0.4553177864745677,0.014822822246492026
0.4416425166092741,0.508257393716894,0.050100089673832476
0.46850350657945494,0.5186917541756535,0.012804739244892487
0.5069118662814105,0.48993065495443994,0.0031574787641501277
0.47401324494119723,0.4734278650562955,0.05255889000250736
0.48480033409797657,0.5005527810238344,0.014646884878189
0.48341080744392284,0.5072363924472394,0.009352800108837805
0.49106247725960794,0.5014288241819211,0.007508698558470373
0.48309567757906086,0.514538531437446,0.0023657909834940783
0.46706823257610636,0.5163902162754406,0.016541551148453553
0.5181857032188908,0.4725274452898451,0.009286851491263907
0.5209356338565366,0.46919529007410915,0.009869076069354499
0.48638084678629273,0.45424382547540376,0.05937532773830347
0.5170060438683781,0.46973394306299254,0.013260013068629622
0.519819329161136,0.4365732654318103,0.04360740540705354
0.39152915977592884,0.4282697903401656,0.18020104988390623
0.4870923600995391,0.4870269193495243,0.025880720550936296
0.00036721842843174754,0.999632781571569,4.764552811500466e-18
0.5142132510568508,0.4559619174872658,0.029824831455883452
0.4937744511035819,0.4909513395215658,0.015274209374852845
0.34343281416510846,0.3476980721096079,0.308869113725284
0.5297895069563597,0.4159553376863637,0.05425515535727648
0.4896779386992482,0.5075411056309022,0.0027809556698500273
0.5138303878114383,0.47810919550363357,0.008060416684927752
0.40208244455922376,0.5903504935884375,0.007567061852338743
0.4951570576279242,0.5017843814595498,0.0030585609125252993
0.4863525106206989,0.5030406058654258,0.01060688351387586
0.48041747113247335,0.5129302329787538,0.006652295888771804
0.0797779201445465,0.9202175167091362,4.5631463174458025e-06
0.5062756737791452,0.47439883180124076,0.019325494419614533
0.5571708724485753,0.4403255734298268,0.0025035541215982456
0.4293735356203357,0.5458085314664444,0.02481793291322025
0.446779967983541,0.5316127568688052,0.021607275147654155
0.4697171925243446,0.4781495800308778,0.05213322744477825
0.46175608637832943,0.45061362704512076,0.0876302865765503
0.45392165427042536,0.506536955277918,0.03954139045165731
0.26511324600101965,0.4009800400204488,0.3339067139785312
0.5457215749552359,0.4437713655769266,0.01050705946783718
0.3944891133099829,0.38272324455120976,0.22278764213880703
0.442983705311765,0.3864863027894615,0.17052999189877283
0.46359614268038396,0.5343672288829393,0.0020366284366770088
0.5521501133338045,0.4373507820137622,0.010499104652432523
0.47655720461944373,0.47964181689718133,0.043800978483375025
0.47753289784145736,0.5121455584003543,0.010321543758188839
0.44772575254790603,0.5076473570339273,0.04462689041816595
0.3414049975503429,0.35457438886525633,0.3040206135844
0.4502115847767794,0.44616401863440136,0.10362439658881888
0.43390102848640194,0.5579911619010594,0.008107809612538382
0.4905024084076059,0.47223501780656574,0.03726257378582879
0.4377278737007192,0.5518036086565811,0.010468517642700507
0.44403427140974844,0.5208538064736125,0.03511192211663949
0.5176003899850614,0.46450390679862136,0.01789570321631803
0.4943271756538993,0.45422753424736984,0.0514452900987311
0.4236813490263469,0.5546125621144192,0.02170608885923343
0.448727600869375,0.5076392152074288,0.04363318392319675
0.39554456346394157,0.5913490113472463,0.013106425188812982
0.46825225217676103,0.4891409812519346,0.04260676657130425
0.49977278000110276,0.497613990158124,0.0026132298407725426
0.5333421428303885,0.4244989707840515,0.04215888638556058
0.47591014603170645,0.5181837670128798,0.005906086955413466
0.39008393824814774,0.3488297246546897,0.2610863370971631
0.49649737768630875,0.46053071038593735,0.042971911927754666
0.5695045950411983,0.42322294669175836,0.007272458267043392
0.3478562051982758,0.6441689706669025,0.007974824134820991
0.501250396513338,0.44424232521032203,0.05450727827634033
0.5105465948664322,0.48173529698771894,0.0077181081458479826
0.5352987036497024,0.46219353102033756,0.0025077653299603016
0.35001268776283484,0.2765384808485861,0.37344883138857926
0.47851124456000893,0.5100519846134187,0.011436770826571735
0.33477370820537333,0.35257790617055634,0.3126483856240707
0.20092589480779785,0.21447156680337065,0.5846025383888311
0.36449227702189513,0.385060291954189,0.2504474310239164
0.45860857249881887,0.5322250384432312,0.009166389057950542
0.5245203963605723,0.42335374976873497,0.05212585387069341
0.41696596178626233,0.5679867932061755,0.015047245007561954
0.5261833598748007,0.4611174635188932,0.01269917660630567
0.41823678225919025,0.5280478788693456,0.05371533887146432
0.4803962770434706,0.4720321230130013,0.04757159994352745
0.40188255607571316,0.5744469631712572,0.023670480753029265
0.47064214268726257,0.5135875294171053,0.01577032789563238
0.448558510191416,0.5266918725445919,0.024749617263991695
0.48133605870525414,0.5127459457349366,0.00591799555980965
0.5312545366017726,0.45846867495283233,0.010276788445395247
0.42563476565029335,0.5562507475205747,0.01811448682913224
0.4922024500574284,0.4977934485473129,0.010004101395258072
0.5013359327563085,0.48704792331087043,0.011616143932820604
0.39526765344015136,0.4192044848770006,0.18552786168284705
0.5461665526118691,0.4477343406013049,0.006099106786826984
0.47696260128968926,0.4745673910257249,0.04847000768458524
0.5176558134643164,0.4566212084967315,0.025722978038952852
0.42372936722733373,0.46904594859230697,0.10722468418035998
0.5185457492362826,0.47916774278429103,0.0022865079794270127
0.4775085294882711,0.5123162129214354,0.010175257590293052
0.18843311469916976,0.32470144909395454,0.48686543620687533
0.4879073758032719,0.5037012897210259,0.008391334475702781
0.438680307767101,0.5498336514968298,0.011486040736068326
0.481262991034127,0.5148686859584621,0.003868323007411532
0.45947306376516994,0.537738115040374,0.002788821194455426
0.5223883278034073,0.4677536306850335,0.009858041511559418
0.4953096500719093,0.49984879959873224,0.004841550329357657
0.5099853761849467,0.4562044809465812,0.03381014286847144
0.3304473935547501,0.3250808972729946,0.34447170917225584
0.52037368772252,0.4538016587228554,0.02582465355462469
0.4047429550155141,0.4730532871135458,0.12220375787094011
0.5147298435712587,0.47276795068305416,0.012502205745687587
0.504077934591064,0.49318102695381205,0.002741038455124565
0.4496376263836447,0.5320395211445552,0.018322852471800048
0.49023792655454274,0.4894682481642187,0.02029382528123898
0.022444501229307957,0.9775554823295343,1.6441156377230264e-08
0.34755471605657023,0.6410989703239427,0.011346313619486926
0.44214700777219285,0.4974410184842242,0.06041197374358244
0.4401782354222083,0.46741235845550827,0.09240940612228357
0.1089636078029979,0.08717409062054457,0.803862301576456
0.5153692607685018,0.47644747367971085,0.008183265551787245
0.5107019703999779,0.48618625967590245,0.003111769924120242
0.3777618666368906,0.6141357378349962,0.008102395528113537
0.42559766310866537,0.3619813758180041,0.2124209610733302
0.34557827496216537,0.41431428090745037,0.24010744413038437
0.48024220187909983,0.5165309970270937,0.0032268010938061044
0.5575474297531244,0.43362148359766034,0.008831086649214597
0.48904251924733405,0.4946819975181523,0.01627548323451301
0.15139305831250666,0.2325083950456169,0.6160985466418779
0.4403924793066689,0.5495081795298179,0.010099341163513484
0.4750327057788569,0.47317469683860996,0.05179259738253323
0.447359267004609,0.46222967361043804,0.09041105938495224
0.4706637288389847,0.4885524646033162,0.040783806557699274
0.5056205185265262,0.47467743689636815,0.019702044577106413
0.3657226518248431,0.5950003211789976,0.039277026996159106
0.32740646889022945,0.6669316502292062,0.005661880880564831
0.41936065109554027,0.5556336000719605,0.02500574883249956
0.4395974306243847,0.47661619476611455,0.08378637460950109
0.44467667413620054,0.5411318773277928,0.014191448536006707
0.4805525496560077,0.4975800115579443,0.021867438786048767
0.4893487244544775,0.5077353030149805,0.002915972530541939
0.29173166644314225,0.2802391675526405,0.42802916600421753
0.48193858976263837,0.5000508716114008,0.018010538625961813
0.47378992436777256,0.46827557163919836,0.057934503993028214
0.10827783506559277,0.8916992904773436,2.287445706296711e-05
0.47368534514512517,0.5102319330041558,0.01608272185071872
0.5198710635257991,0.3969874017051467,0.08314153476905328
0.3531594498311391,0.6439537435597505,0.0028868066091096833
0.5169554833774469,0.44271614925926295,0.040328367363289305
0.38954836598607706,0.5640633302270793,0.04638830378684359
0.4642995842456912,0.5050908567119842,0.030609559042324194
0.48602168077324825,0.4946903130097313,0.01928800621702131
0.4543304450111158,0.5291345003732076,0.016535054615677197
0.4693592092232727,0.5188804835329183,0.011760307243808443
0.44668564038089126,0.526150797721053,0.027163561898055515
0.3520378753029213,0.3437011026413143,0.3042610220557634
0.37583465306940617,0.5414364613122606,0.08272888561833332
0.5362773576827154,0.456499052443239,0.0072235898740447635
0.5873184453966214,0.4019516407561402,0.010729913847239073
0.4859303475758182,0.4926367391417124,0.02143291328247005
0.579223174221218,0.4184802686128469,0.0022965571659354983
0.5429188908598509,0.4478091145700616,0.009271994570086909
0.46070292219052017,0.5307968903414789,0.00850018746800104
0.5318936772401351,0.38438617549776294,0.08372014726210164
0.44233463449673516,0.537878155218118,0.019787210285147575
0.4246642809190509,0.573909005617912,0.0014267134630379127
0.4949885499521301,0.48636704108608014,0.01864440896179056
0.5056925724355924,0.4908200673212336,0.0034873602431733726
0.5195621862630073,0.47774479029460604,0.002693023442386634
0.32347529701911587,0.3658326883189813,0.31069201466190294
0.3858556077337145,0.6001829589218214,0.013961433344464699
0.5016305718811945,0.49029133671192154,0.008078091406884527
0.46075770884126266,0.5245862027372636,0.014656088421473694
0.4728172364695173,0.5144122831842542,0.01277048034622805
0.4253196689757876,0.5200438704450554,0.054636460579157664
0.474589161187916,0.49186858736406003,0.0335422514480241
0.4805142498204168,0.45806579057065566,0.061419959608928425
0.46414054479077793,0.5274131844583482,0.008446270750874585
0.4679906958169804,0.5109596330947135,0.021049671088305567
0.4636441484819224,0.5153245826002182,0.02103126891785912
0.3685367849039133,0.49870652534387294,0.13275668975221422
0.4555034874640639,0.5143537700424493,0.030142742493486648
0.48848714685720407,0.49201296645801484,0.0194998866847803
0.4725582921294653,0.5236290991321731,0.0038126087383607283
0.5272962431584008,0.4654253613158154,0.0072783955257839554
0.0202302620458959,0.018798334481380147,0.960971403472725
0.411028139163201,0.5742957512613368,0.0146761095754619
0.29304546658338493,0.6964993924897687,0.01045514092684629
0.4275762423243565,0.5544531320332096,0.01797062564243406
0.4393421568425383,0.5405304471706706,0.020127395986790645
0.23223623614883537,0.7624158357122519,0.005347928138914217
0.4458022540089131,0.5329238461900137,0.02127389980107315
0.47107734114635796,0.5168957356997756,0.012026923153866415
0.49866568125081767,0.47398898756483426,0.02734533118434735
0.5502128765956158,0.3935062392779602,0.05628088412642374
0.5177615792079893,0.47575839194820335,0.006480028843807666
0.44915042906981695,0.5297980830456389,0.02105148788454428
0.5048775669295964,0.49011580719371317,0.005006625876690014
0.45639915959406,0.5323264495499468,0.011274390855992786
0.3815198480607174,0.36972171737906906,0.24875843456021268
0.5028362338142146,0.4878913275060076,0.009272438679777196
0.5068048905089444,0.4752130169823959,0.017982092508659443
0.5163590690495858,0.43706067810396537,0.04658025284644819
0.5171915212305699,0.47268793421774224,0.010120544551686915
0.579006926103122,0.4166080057222122,0.004385068174665105
0.46618284850592184,0.48891448931551884,0.044902662178558435
0.4583021895204321,0.45868375321031407,0.08301405726925429
0.492088725540618,0.5001894807625771,0.007721793696805362
0.5580712815456138,0.42318887549327266,0.018739842961112963
0.47221291362454754,0.5250457217855888,0.002741364589864528
0.3594042231637246,0.3672190924760727,0.27337668436020257
0.4673041237837315,0.51996098858851,0.012734887627758786
0.48887190683683884,0.502851768046396,0.008276325116766015
0.4372247122144096,0.4167929445133805,0.14598234327221019
0.2962245160755489,0.7009714621031119,0.002804021821339574
0.5548847787992569,0.42868830142561676,0.016426919775126208
0.46455363112089715,0.5254835037372431,0.00996286514186009
0.4676050447995931,0.5264626778563197,0.005932277344086427
0.4993538927231544,0.4689165235663916,0.03172958371045464
0.4137898782714069,0.41445287906349304,0.17175724266510028
0.5081550532956933,0.43489232958504576,0.056952617119260675
0.5295605718123061,0.45047673109013414,0.019962697097559573
0.4558405055266853,0.5342952113167707,0.009864283156544633
0.4694472232897888,0.5139101374774406,0.016642639232769728
0.4647935850432442,0.5083942348534538,0.026812180103301473
0.48745580920671894,0.47034386992220684,0.04220032087107454
0.6027442661638799,0.3921730563731982,0.005082677462921323
0.5697003633403134,0.4182122575693835,0.01208737909030305
0.3751128391978512,0.6032533118521264,0.0216338489500218
0.005423748960942111,0.007329718262996298,0.9872465327760616
0.5085829578639729,0.4895910570716612,0.001825985064366862
0.24653810994748604,0.23213818188993535,0.5213237081625793
0.44507185072913785,0.4823086969418797,0.0726194523289824
0.4893116737640026,0.47935786352533166,0.031330462710666446
0.5137760405968217,0.47918949610315326,0.007034463300024469
0.4928242888389847,0.4669296085413057,0.040246102619710455
0.4478277556997437,0.5343312632111542,0.017840981089101867
0.44582210688968527,0.5244619305540598,0.029715962556255304
0.4686810475296413,0.4703218180542462,0.060997134416112715
0.4703642815857565,0.4934684976804923,0.0361672207337513
0.46529252733920723,0.4818985418868232,0.05280893077396992
0.4879091933451848,0.3931248003498823,0.1189660063049333
0.4156134644864876,0.5808586192555977,0.003527916257914795
0.45373106115063927,0.5341977845437266,0.012071154305634605
0.483897028877471,0.48530552175499336,0.030797449367535368
0.4284463752092669,0.5247347073337791,0.04681891745695348
0.5142903741731019,0.4504873254240948,0.03522230040280284
0.38126446627849325,0.39936893737739204,0.21936659634411426
0.49005203260032554,0.4716729188055418,0.03827504859413315
0.527329842329441,0.46425859542542247,0.008411562245135647
0.4554085900524979,0.5154683798105976,0.02912303013690446
0.46633113554965716,0.4915692417975179,0.04209962265282591
0.513615397914353,0.4844892009017784,0.001895401183869124
0.561729265788711,0.429360467812622,0.008910266398667252
0.5570448129106471,0.4374539464939963,0.005501240595357243
0.6371104075178416,0.3622881914308223,0.0006014010513368869
0.5084253990815567,0.4513620324903582,0.04021256842808423
0.505512726301447,0.47512492688511226,0.019362346813439887
0.46746341240259404,0.5197728309606396,0.012763756636765688
0.4693055676928718,0.5169015449226114,0.013792887384516754
0.45010884626462644,0.5176620526922574,0.03222910104311581
0.48110799690708755,0.5084481340002004,0.010443869092711515
0.494268328053662,0.48730963016303724,0.01842204178330121
0.471192809961633,0.4544052045505166,0.07440198548785114
0.48420035656485017,0.5015532054536003,0.01424643798154906
0.4953271013256864,0.4956952567642514,0.008977641910061708
0.5276945542768328,0.4595445387970267,0.012760906926139917
0.452363802017455,0.5297445013211736,0.017891696661370464
0.4477899673990458,0.38536979683626454,0.16684023576468968
0.5045012242383908,0.4783742898100026,0.01712448595160707
0.4725769102946621,0.489247142957572,0.03817594674776587
0.42405238904268866,0.414467759741518,0.16147985121579334
0.45965204664286496,0.44284159389522154,0.09750635946191362
0.5316626419707328,0.4627123177239116,0.005625040305356109
0.3316265217622558,0.5987640478344396,0.06960943040330389
0.4312167556939549,0.5309334306158464,0.03784981369019842
0.46198225333757703,0.519526648058845,0.01849109860357729
0.4809511558085825,0.5147936992711586,0.004255144920259368
0.48918519303732977,0.4884558145534988,0.02235899240917171
0.43825890775195325,0.5082657286893066,0.05347536355873937
0.4887828556150454,0.49505803257626996,0.01615911180868549
0.5099267219538723,0.4655920800081227,0.024481198038004807
0.47661663288152456,0.4642387473827816,0.059144619735694605
0.4907734940060391,0.5070144724065266,0.0022120335874349947
0.35962526049810795,0.47860950191941903,0.16176523758247238
0.48210567006036803,0.5022335929182877,0.015660737021344132
0.32609893052343114,0.4439696500021972,0.2299314194743707
0.524320979297892,0.47281488718098885,0.0028641335211198994
0.5078026220497227,0.46412090752796786,0.028076470422309853
0.4743563142684663,0.5029115642117292,0.022732121519804485
0.47750790021515743,0.4829928641617606,0.03949923562308239
0.4815781407437655,0.5107417371387918,0.007680122117442451
0.00969750281040972,0.9903024966433868,5.462069032523105e-10
0.4454071478229576,0.5523371669423136,0.002255685234728991
0.4120371050585748,0.57858857706991,0.009374317871514883
0.4314180003195126,0.41276322004551563,0.15581877963497137
0.47603104015682773,0.43378095064070055,0.09018800920247133
0.48669067977500796,0.46518453017217787,0.04812479005281349
0.5208086256946273,0.45385100839190445,0.025340365913467836
0.4620094851801846,0.4812879394642386,0.05670257535557661
0.42418663675266044,0.43934484734758156,0.13646851589975856
0.47694212506352684,0.502849683905415,0.020208191031057258
0.49920863419623374,0.49799743850071027,0.0027939273030553663
0.5430335825370972,0.4234318830298932,0.033534534433009335
0.5199207003475635,0.46264582030304213,0.01743347934939479
0.5910244136083748,0.40894546428011525,3.0122111511766344e-05
0.3995304581914868,0.5990169457535153,0.0014525960549985617
0.43712148996459804,0.560660530806563,0.0022179792288396305
0.533494936121194,0.44838561284645756,0.01811945103234754
0.41912926168565173,0.34560948460851754,0.23526125370583062
0.5132449110038293,0.46830112517077166,0.018453963825398947
0.2801556638916658,0.2651775467214292,0.45466678938690464
0.4239786060923549,0.563287468052966,0.012733925854678377
0.4842487931524472,0.4832066114124098,0.03254459543514245
0.44725500124042455,0.5404043302289149,0.01234066853066028
0.4817336807779609,0.48229796286520493,0.03596835635683342
0.4433834570607722,0.5233934293292412,0.03322311360998678
0.4799203805991112,0.49111030397794964,0.02896931542293867
0.35133927498947337,0.6075815870765051,0.04107913793402317
0.48261545580029885,0.4916598324757634,0.025724711723937015
0.44899783298668716,0.548269899426823,0.0027322675864910762
0.5333667657625071,0.46060806486225936,0.0060251693752341705
0.43946837152574614,0.5269640169495918,0.033567611524662526
0.4465991742642878,0.5359967575526748,0.017404068183037788
0.48062038573343346,0.509055491784889,0.010324122481676828
0.4324201714011311,0.5585519357293888,0.009027892869480697
0.5214778347123963,0.46957173669770746,0.008950428589897063
0.4514476386892438,0.5396417888350239,0.00891057247573242
0.4961126529851885,0.48197421397406537,0.021913133040745603
0.5146703890039478,0.4751632398725276,0.010166371123524988
0.5060716777676194,0.4867942680459045,0.007134054186476322
0.4732492312691366,0.5130087950211393,0.013741973709723937
0.527894894081307,0.4692676922811387,0.0028374136375543635
0.37544263532562977,0.3962453012112206,0.228312063463149
0.3455907837955347,0.25244387364296955,0.40196534256149496
0.4612305659267229,0.5353327487041705,0.003436685369107251
0.39788983160537195,0.535955211882253,0.06615495651237449
0.48551357667166617,0.45217412914002814,0.06231229418830627
0.5088272218850975,0.48016705758479034,0.01100572053011254
0.503053797884649,0.49231644862517904,0.004629753490171713
0.5052986283364145,0.49202461069424674,0.0026767609693382354
0.40036247072647013,0.4829705730735036,0.11666695620002565
0.46607745547800883,0.4581087221593115,0.07581382236267938
0.4595164660339049,0.5072521904945626,0.033231343471532976
0.51245142925734,0.4596730588772141,0.027875511865446092
0.5029963067619084,0.4649058980995681,0.03209779513852386
0.47936213648108683,0.49325856854222583,0.027379294976686872
0.4958433464127929,0.48135265612816813,0.022803997459039438
0.4584489614947513,0.524657726407636,0.016893312097613192
0.33854862729302343,0.5144072507911741,0.14704412191580327
0.4722241570715688,0.5101963610241353,0.01757948190429613
0.4731670881033353,0.47909834615800967,0.04773456573865569
0.4644713282626223,0.4645202051379391,0.07100846659943902
0.5286032992903311,0.44000588819787323,0.03139081251179581
0.4358275614231923,0.5423392230009474,0.021833215575860185
0.5846238926353954,0.4125081391525467,0.002867968212057805
0.39465324981979094,0.6036728889715512,0.0016738612086579666
0.5033317269172677,0.4791698750775479,0.017498398005184285
0.5172819988845173,0.4643452932070568,0.018372707908426475
0.5182715244971786,0.4739419407164788,0.007786534786343403
0.3868521799899266,0.6063930964316591,0.00675472357841475
0.4743364097892686,0.5016238167416556,0.02403977346907646
0.4690389369981298,0.5008270810049055,0.030133981996964335
0.4676610082809055,0.4570574338239423,0.07528155789515166
0.49470139236090716,0.47882749122455975,0.02647111641453291
0.34090414351122844,0.636616435976089,0.022479420512683316
0.49869125317112817,0.44426191544648463,0.057046831382387544
0.4231138701555116,0.5725953079678466,0.004290821876640926
0.47084624488601207,0.5151704604465314,0.013983294667455832
0.3681369744205158,0.6156355630673148,0.01622746251216967
0.48483428343332524,0.4677439803520864,0.047421736214589075
0.43562920941695804,0.5262658906541877,0.03810489992885356
0.4668446200166442,0.5177107358480164,0.015444644135340222
0.44711770741507406,0.4397885765111727,0.11309371607375272
0.43872295722578225,0.5575235375349312,0.003753505239286675
0.33798226079655674,0.4435587062574155,0.21845903294602775
0.47808823902265635,0.49545599181709676,0.026455769160246095
0.5027541142435973,0.4504373019464613,0.04680858380994081
0.25314723751699825,0.6316093500626542,0.11524341242034887
0.5067382871017365,0.47369203817643285,0.019569674721830962
0.48395797011251585,0.4999226612739966,0.016119368613487586
0.5778439424683768,0.4119022145871397,0.01025384294448276
0.48852089385782177,0.49072944429458526,0.020749661847593373
0.526469206149947,0.4703891820946836,0.0031416117553697926
0.5010556201023503,0.4909229575039451,0.008021422393704231
0.495460672541764,0.5017553017579846,0.002784025700250914
0.49935497266962076,0.48735997242006257,0.013285054910316224
0.47616479375909215,0.4945904753890283,0.02924473085187966
0.4408789712842535,0.5260987832997266,0.03302224541601923
0.4358747802877481,0.5490321694180085,0.01509305029424305
0.5787100861394592,0.4144708991712566,0.006819014689284936
0.49034387681264974,0.48550861794315475,0.024147505244196194
0.5436509064321303,0.42368098967292656,0.03266810389494267
0.5256378062498753,0.46647654726328586,0.007885646486839525
0.44723735033327466,0.5400490072735086,0.012713642393216467
0.3283670435268202,0.39604095139535894,0.2755920050778201
0.5365719455588105,0.4451767286098868,0.018251325831302963
0.5101421964751682,0.4887292004482941,0.001128603076537039
0.39779871977506864,0.5723575368480018,0.02984374337692932
0.29249094364152595,0.7000751320251568,0.007433924333317447
0.49423694215597086,0.460813303806942,0.044949754037087196
0.45669857999959934,0.5216866676558155,0.021614752344584764
0.4663776720559411,0.5094578863471664,0.024164441596891566
0.506907978477495,0.4847768227264198,0.008315198796085792
0.47348248267513376,0.45960320309313807,0.06691431423172732
0.5704789499002628,0.4247764256002123,0.004744624499525254
0.4608290360321065,0.4541988967988647,0.08497206716902982
0.5560007772337267,0.42558034473988066,0.01841887802639174
0.5049487109402987,0.4450390666286106,0.05001222243109027
0.49542217827437834,0.3950169446896801,0.10956087703594065
0.49781928123430635,0.49623331421016953,0.005947404555523506
0.46208942984257917,0.4474725961905212,0.09043797396689966
0.4821625068054681,0.48220477999944306,0.03563271319508827
0.4837005048361666,0.4699130535161799,0.046386441647652626
0.5243082253764122,0.43909689381186423,0.03659488081172287
0.5357463835243788,0.46113700253853906,0.003116613937081439
0.4708713942030695,0.5151010984965154,0.01402750730041515
0.4435344074360845,0.5309343966968878,0.02553119586702816
0.47349876929364554,0.5081933328412515,0.018307897865103732
0.5643467158374236,0.4355978397953425,5.544436723468905e-05
0.30934577693174514,0.56944274376496,0.12121147930329604
0.5291792049982176,0.45738910250914494,0.013431692492638364
0.5225838333588688,0.4746026384380384,0.0028135282030919647
0.47373684904187624,0.5102549148359725,0.01600823612215103
0.5049375847957898,0.489704300287079,0.005358114917131552
0.38130514047764374,0.3710081272649573,0.24768673225739965
0.4538048625301499,0.41891450807539915,0.12728062939445173
0.488908008246175,0.4937309788689371,0.017361012884888564
0.5451979110192711,0.4529834480452125,0.0018186409355159482
0.4319949472327736,0.5496492511076477,0.01835580165957852
0.5701895835242236,0.4236976249070219,0.0061127915687545584
0.5250082074211768,0.4333739552005923,0.04161783737823187
0.4298403106261805,0.5550919726704262,0.015067716703393831
0.46806424377829403,0.5197547186076259,0.012181037614080181
0.4462152558084391,0.5434954948355073,0.010289249356052726
0.46803271000720076,0.5006917949764595,0.031275495016340145
0.48330819972119876,0.4777555345985589,0.03893626568024218
0.5022580951916893,0.48486618877694837,0.012875716031362302
0.3106018589162077,0.6362813769767822,0.0531167641070105
0.5633993103815566,0.42881274562075417,0.00778794399768939
0.4602949345635164,0.5158751844374424,0.02382988099904112
0.4709977593055316,0.5123733709224699,0.016628869771999264
0.5006413842492659,0.487445133795965,0.011913481954769855
0.4820911619737281,0.49813613832726245,0.01977269969900987
0.40302315565076,0.5952971029010163,0.0016797414482240174
0.46193712888893296,0.5365451335704148,0.00151773754065205
0.48053886106659216,0.4104782970664003,0.10898284186700734
0.5213813441530716,0.46344983761423614,0.015168818232692354
0.4844213409257549,0.5017987724552118,0.013779886619033491
0.4919079899384033,0.4813851350635193,0.026706874998077598
0.4888293682222627,0.4965780323779403,0.014592599399796733
0.5011798476026718,0.4753999148390717,0.02342023755825646
0.4361771587905979,0.5188258421575558,0.04499699905184614
0.44953730769890343,0.534713403901264,0.015749288399832344
0.4247785802791168,0.43874293932955105,0.1364784803913313
0.4976169053805006,0.49927421647960063,0.003108878139898678
0.44068902373294366,0.545960740522851,0.013350235744205755
0.5214474195359239,0.45506434138257,0.023488239081505432
0.5552088968561253,0.4382587281768214,0.006532374967054112
0.3589958875239074,0.6356552763464628,0.005348836129629488
0.48308717193909523,0.5141814046078941,0.002731423453011278
0.46034756312924136,0.526619931333021,0.013032505537736777
0.42983120440630546,0.558803273393471,0.011365522200224224
0.4843791940834778,0.489081045027449,0.026539760889072617
0.443797170584985,0.536698538507422,0.01950429090759376
0.4005895312013916,0.47638609616943994,0.12302437262916809
0.4986481168776938,0.49570971157348503,0.00564217154882078
0.3160843032371197,0.2741383396694561,0.40977735709342417
0.4981300350095078,0.49930135560129624,0.0025686093891951578
0.5553952069673113,0.43439115585609306,0.010213637176596568
0.46047963228366445,0.5187255087280573,0.020794858988278056
0.41790777360023673,0.5276148547704903,0.05447737162927282
0.4861177299536887,0.5048309827107139,0.009051287335597112
0.4468984048785334,0.5372289044953775,0.01587269062608903
0.2912887390553254,0.33305221326851436,0.3756590476761597
0.48873501708341094,0.4403823150122463,0.07088266790434335
0.49870396347423973,0.4912130649217353,0.010082971604025834
0.36084216008311776,0.6082169578543839,0.030940882062498343
0.3980156309116374,0.5932332228084215,0.008751146279941837
0.4833897938257637,0.49636225986862403,0.020247946305612552
0.4829183158489127,0.500783563238663,0.01629812091242357
0.4580711916660526,0.49748272672881494,0.044446081605131915
0.5294788238371679,0.4283517815168529,0.042169394645978305
0.3985182492439243,0.595425974971967,0.006055775784108295
0.4482594698143809,0.5366148157018168,0.015125714483801973
0.46667190233595474,0.510590592191939,0.022737505472105977
0.4489031936775124,0.439421375194376,0.11167543112811203
0.4750263867043788,0.5109226057998105,0.014051007495810671
0.4813309484287567,0.45812726983590757,0.060541781735336135
0.31042860805189393,0.6703658809080358,0.01920551104007177
0.1927194691360412,0.20053010236103702,0.6067504285029209
0.5124373808419661,0.4647953614386572,0.0227672577193761
0.4960740460780606,0.4856316826537482,0.018294271268190877
0.3950403351098151,0.5957480435650613,0.009211621325124184
0.4595009155483455,0.5245501603181713,0.015948924133483984
0.47462221782991765,0.5003712501737408,0.025006531996341137
0.4597007955253078,0.4882668433866208,0.05203236108807155
0.4479934130241069,0.4655489942841989,0.08645759269169365
0.39720262767434783,0.5939986820939426,0.00879869023170875
0.4881788880710734,0.4942151960612553,0.017605915867671774
0.46420751075986494,0.5267803210577954,0.009012168182339542
0.48183782348157905,0.4710273074656416,0.04713486905277857
0.4974537942150926,0.47392074299797143,0.028625462786935875
0.48404494131629644,0.47162358616276706,0.044331472520936346
0.5296701097426699,0.45269315581960917,0.017636734437720628
0.4760868060479132,0.5107945292252107,0.013118664726875144
0.4793924849465798,0.5041351109971591,0.016472404056260954
0.25348435974830197,0.2541779584194602,0.49233768183223753
0.46274213435670775,0.45022914306738954,0.0870287225759024
0.4654505816704049,0.5211204340728977,0.013428984256696731
0.46912894071351546,0.5074667009638071,0.02340435832267661
0.47389033963345817,0.5061407060430768,0.019968954323465425
0.5243231653336936,0.45924091444679116,0.016435920219515933
0.49474693544454096,0.4807334007393505,0.024519663816108005
0.5279296280665965,0.4676921162931593,0.004378255640244876
