0,1,2
0.4114170248267342,0.55083384250233,0.03774913267093559
0.42850626517143636,0.5329776711890079,0.03851606363955584
0.42153536652549706,0.5395435122359918,0.03892112123851109
0.41804392654766415,0.5450073854668307,0.03694868798550512
0.5261897982515923,0.43410722221535575,0.03970297953305183
0.41624760384229365,0.5465776036401192,0.0371747925175871
0.6389059348953718,0.32791056656502293,0.033183498539605435
0.4504916172053037,0.508375457575305,0.04113292521939115
0.420126771772491,0.5177820207540109,0.06209120747349794
0.5279689751898948,0.4319586961712804,0.040072328638824956
0.39106242811465874,0.47670187675222003,0.1322356951331213
0.4736849439287679,0.49234813052537424,0.03396692554585786
0.4360409062736004,0.5241781876640186,0.03978090606238089
0.4327027609704309,0.5279626356011695,0.03933460342839963
0.4229429500628578,0.5435538354079685,0.03350321452917369
0.4080103488451532,0.5496185735829824,0.0423710775718643
0.42583036228430377,0.5367234442556754,0.03744619346002097
0.5726849015867936,0.39009103605843914,0.03722406235476724
0.41465815057905986,0.5499893951823943,0.0353524542385457
0.45346509470765556,0.507203195974938,0.03933170931740638
0.546058093205474,0.4239998281159369,0.029942078678588974
0.4511366595966419,0.5088746866235686,0.039988653779789586
0.4548262569363652,0.5074374468241336,0.03773629623950135
0.39910402628454117,0.5652597528678,0.03563622084765903
0.40106765636937763,0.5653744932485575,0.03355785038206506
0.49389002060124093,0.4709265173972642,0.03518346200149476
0.6064900636278544,0.3718160390470352,0.021693897325110463
0.5447339976552239,0.41411311904387826,0.041152883300897856
0.406114873825679,0.5634798661097717,0.03040526006454917
0.5144914004730945,0.4469956935079504,0.03851290601895498
0.471240501335837,0.4937318548845523,0.03502764377961072
0.41068815370307454,0.5506715684705717,0.03864027782635374
0.4707751058586122,0.49015570769579964,0.03906918644558835
0.47499752629872344,0.4935142463339576,0.03148822736731903
0.41781887710778504,0.5443961981722708,0.03778492471994404
0.4612009558533085,0.5035003591606402,0.03529868498605116
0.42034155693365755,0.5427806831234919,0.03687775994285058
0.43507669458755904,0.5146299284943711,0.050293376918069725
0.4172767475119001,0.5473687254292431,0.035354527058856854
0.4481377699378429,0.5124607380742664,0.03940149198789093
0.42458807891507916,0.5387991027268647,0.03661281835805599
0.4530225819027028,0.5157827176535512,0.031194700443746084
0.4066816803553538,0.5591167095743155,0.034201610070330714
0.4556695241284548,0.5046745024619846,0.03965597340956076
0.4765512071639074,0.485752875969684,0.037695916866408496
0.5169377473664203,0.4434483406185359,0.03961391201504402
0.4370066484952683,0.5256380465944389,0.037355304910292896
0.4718169473917202,0.4904975225358292,0.03768553007245062
0.4144360774321688,0.5459871539998019,0.03957676856802889
0.45130545029036767,0.5197113656025815,0.02898318410705072
0.41430012912508307,0.5453571480544378,0.04034272282047915
0.4782298900016664,0.48344080041912346,0.03832930957921003
0.47023288452183887,0.501161941414507,0.02860517406365424
0.4469889154254313,0.5139580740084224,0.03905301056614604
0.5364537969081756,0.426268770081039,0.03727743301078546
0.4299958776900902,0.5336983560086435,0.03630576630126633
0.4038702250374153,0.5563653791569771,0.039764395805607346
0.48478530125589137,0.4816653443170896,0.033549354427019
0.4814530079093229,0.4757342987584724,0.04281269333220459
0.45253490468310353,0.5153780684282034,0.032087026888693165
0.43414307702328775,0.52909835166023,0.036758571316482386
0.4175246942948444,0.5462756259197359,0.03619967978541976
0.41844747945842153,0.5534578577838996,0.028094662757678943
0.40045018479120376,0.5610293828195878,0.03852043238920849
0.36060630910879043,0.5518282573041025,0.08756543358710708
0.42826768080043176,0.5332159417052306,0.03851637749433751
0.40939963919531125,0.5510490386930276,0.039551322111661236
0.402883498915953,0.5578826126437784,0.039233888440268726
0.4946902142337577,0.4652548815811282,0.04005490418511434
0.414242237178939,0.5492686179219283,0.036489144899132596
0.4456049435968733,0.5213794357235612,0.03301562067956529
0.40444464828750026,0.5587602187748677,0.03679513293763187
0.4787105608586145,0.4839380025399698,0.03735143660141562
0.5065347204954088,0.4580819758767411,0.035383303627850214
0.47483095744483445,0.48605249449500804,0.03911654806015749
0.4437540821098542,0.519253997159459,0.03699192073068698
0.4035582989276604,0.5599655719459976,0.0364761291263422
0.46898590900749815,0.4906862401284811,0.04032785086402059
0.448884135178534,0.5117719565555471,0.03934390826591884
0.4333788767374261,0.5272555594775763,0.03936556378499747
0.4776591104468688,0.4842978299234901,0.038043059629641225
0.44362577598981395,0.5170940873355547,0.03928013667463135
0.5718558228732141,0.39206190218455905,0.03608227494222678
0.41251182510290496,0.5490990764436499,0.03838909845344505
0.4249190352812184,0.5398663448059342,0.035214619912847314
0.41703730128351857,0.5450051835264416,0.03795751519003978
0.4354593182573885,0.5277208848252226,0.036819796917388965
0.4554079557332554,0.507569059707618,0.03702298455912644
0.5229389243870639,0.429950043165046,0.04711103244788958
0.5038043179081382,0.4574810884775725,0.03871459361428919
0.5865072688501081,0.3784216133890791,0.035071117760813036
0.4466024341346213,0.5184563282256651,0.03494123763971349
0.4909184807875889,0.476651495560857,0.032430023651554105
0.4421023244468503,0.5184940979833899,0.03940357756975973
0.5580123057317654,0.4091218620038847,0.032865832264350144
0.40650823185406926,0.5692210839234189,0.024270684222511666
0.55653842622022,0.40546214321230567,0.03799943056747443
0.4852145021296328,0.47965286669821483,0.03513263117215228
0.4481342512917666,0.5267002909483999,0.025165457759833254
0.41153658987155234,0.5584351420402861,0.03002826808816151
0.45298870280919434,0.5070855827839502,0.03992571440685526
0.5779288209962742,0.39197405028312815,0.030097128720597856
0.5869162470900742,0.34807277708797324,0.0650109758219525
0.47571940465801676,0.5043291416406285,0.019951453701354552
0.43416681178595834,0.5313491065064062,0.034484081707635436
0.46739355661159665,0.4928298999764846,0.03977654341191867
0.4082929511510923,0.5471460205937112,0.0445610282551967
0.4203393620224476,0.5511169298944282,0.028543708083124456
0.41768113392712486,0.544973523564085,0.037345342508790354
0.4370550027455306,0.5241502527681212,0.03879474448634829
0.4226674269335478,0.5385661060336621,0.038766467032789964
0.6063943337337787,0.36701365358728283,0.02659201267893856
0.42196857851625214,0.5385915085160197,0.039439912967728266
0.49252085467977125,0.4687426510610911,0.03873649425913766
0.4668821181392728,0.49552373273103684,0.03759414912969044
0.4657414909918494,0.4946983945437279,0.03956011446442238
0.4856052424085169,0.4455605971480267,0.06883416044345651
0.49330313216646243,0.4694438083445042,0.037253059489033354
0.4104995437196788,0.554594975077996,0.03490548120232514
0.5484157461973936,0.4130538852975363,0.03853036850506991
0.4716204517037591,0.49293096811470555,0.03544858018153539
0.4046832409719722,0.5564340628899112,0.038882696138116686
0.5439158634801453,0.4153235220489526,0.040760614470902005
0.419168692761166,0.5438125529818089,0.03701875425702541
0.516351663919404,0.44823938972446786,0.03540894635612806
0.41802961156647317,0.539238170808011,0.04273221762551606
0.43948585679448926,0.5331049180457503,0.027409225159760128
0.5082543359614151,0.457065147549532,0.034680516489052765
0.541716695321825,0.42175020276368796,0.03653310191448692
0.42233663816468475,0.5452026304387186,0.03246073139659656
0.5689565492400984,0.39341684699252333,0.03762660376737811
0.5600627995059266,0.3948261637663393,0.04511103672773413
0.43634186935544733,0.529878797735256,0.03377933290929665
0.5485882721136169,0.4146374002172069,0.036774327669175974
0.4487886815613037,0.5133167204796647,0.03789459795903169
0.49463599379509265,0.4693422222473892,0.03602178395751799
0.4405233587172173,0.5198396942084789,0.03963694707430395
0.4231639895458771,0.5401890632810389,0.03664694717308395
0.44654808944292496,0.5167159875543907,0.036735923002684405
0.48279739899761104,0.4614166724826554,0.05578592851973337
0.4715987821739276,0.4577929211562972,0.07060829666977526
0.45164819377886584,0.5082662070592796,0.04008559916185436
0.4165125467876323,0.5501108629104429,0.0333765903019249
0.5060521259338648,0.45508316134286547,0.03886471272326974
0.4137879609237103,0.5499393261250151,0.036272712951274634
0.47709825591194677,0.48491173770066326,0.037990006387389884
0.4957045721065312,0.4632222371048989,0.041073190788569795
0.4523745621839108,0.5107305065455817,0.03689493127050726
0.4137238656616383,0.5461714449376169,0.040104689400744534
0.44247950138361225,0.51783570628029,0.03968479233609766
0.41537163234391916,0.5527293614845656,0.03189900617151514
0.43425806667502803,0.5262362897281642,0.039505643596808006
0.4808345765389022,0.4819748372899938,0.03719058617110385
0.43728396600713115,0.5249004093343923,0.03781562465847662
0.4677316120067974,0.4945850842079704,0.03768330378523214
0.41578196176887894,0.5245273153998924,0.05969072283122885
0.4322731221714382,0.5304760333305046,0.03725084449805716
0.45109086705930573,0.510087006406545,0.038822126534149175
0.42236559795242046,0.5436393286676582,0.03399507337992106
0.5106311629274409,0.45129105130720143,0.03807778576535788
0.44754698869237,0.5188060553057584,0.03364695600187146
0.4739765121373922,0.489772995158738,0.03625049270386976
0.5980290304995604,0.36566542104996197,0.03630554845047758
0.5191743573735168,0.44192385288260827,0.038901789743875044
0.4372967138556922,0.5233470722587334,0.039356213885574545
0.4054611894419933,0.5616533175260554,0.03288549303195124
0.46494571606911045,0.49585246994426174,0.03920181398662771
0.4200635362751144,0.5438375681245844,0.03609889560030132
0.4060382736901898,0.569527224026372,0.024434502283438173
0.5429468721825799,0.41792610588830675,0.039127021929113284
0.41063750965928364,0.5501311040123038,0.03923138632841216
0.4140821203793338,0.545976984060498,0.039940895560168464
0.524464972057464,0.4235487364393785,0.0519862915031574
0.4133692197741624,0.5457823052374426,0.04084847498839497
0.2383579233998337,0.6066189255338872,0.1550231510662792
0.4502639290373143,0.5148045640011079,0.034931506961577694
0.4031200543823399,0.5600991735285079,0.036780772089152126
0.4387809682560766,0.5220672097795526,0.039151821964370705
0.5720228055258084,0.3812947771824423,0.04668241729174938
0.5185437578693933,0.43527757643301096,0.04617866569759558
0.47821995626291325,0.4836805275024397,0.03809951623464719
0.4339281146446229,0.5330249881951928,0.03304689716018441
0.4957325808533213,0.4700768987722334,0.0341905203744455
0.43892242729529796,0.5255931118390158,0.03548446086568639
0.4345507737216382,0.5421908278938881,0.023258398384473765
0.5256829096571725,0.4486592971446149,0.02565779319821262
0.5594989016335333,0.40285840559673214,0.037642692769734594
0.5227120078599016,0.4514043175860959,0.025883674554002443
0.44402761895658016,0.5317121519735711,0.024260229069848867
0.4718690636069117,0.49326307025619803,0.03486786613689023
0.46321403903916253,0.4980269013981831,0.03875905956265436
0.5614962803493356,0.39346018583009895,0.04504353382056543
0.429110980707567,0.5354410747561428,0.03544794453629
0.41928088008583525,0.5446031600462277,0.036115959867936975
0.4357373475419376,0.4635131714052535,0.10074948105280879
0.44744727742170404,0.5133581766859023,0.03919454589239372
0.44676167175659365,0.5017960060389715,0.05144232220443483
0.39327479328309295,0.566024659796426,0.04070054692048109
0.47496742512226253,0.41215731673144745,0.11287525814628978
0.42648866226429655,0.5371728628419329,0.03633847489377065
0.48521660628741015,0.4761057207622843,0.03867767295030553
0.4889201805824368,0.4737726236103469,0.03730719580721628
0.5259413134249237,0.43516768277406304,0.03889100380101328
0.5715307043149321,0.38511964471490295,0.04334965097016508
0.4479717025566785,0.5255413908527669,0.026486906590554884
0.4183846143959914,0.5417774013984593,0.039837984205549196
0.48470115622512233,0.4825606357044185,0.032738208070459164
0.47150326977007756,0.49038609318682613,0.038110637043096085
0.5134639206248123,0.4530294476758874,0.03350663169930035
0.416242541527618,0.5449915039906431,0.03876595448173888
0.43949512530837176,0.5208330952630112,0.03967177942861707
0.42473718016028233,0.5397123543394278,0.035550465500289834
0.43226840247949777,0.529133486404416,0.03859811111608608
0.49611243807954125,0.4646684810525091,0.039219080867949625
0.450769633165401,0.5133186551794381,0.03591171165516104
0.4465130800986228,0.5086767216718935,0.04481019822948359
0.4571591128207391,0.5202527645692047,0.0225881226100562
0.4196803284658562,0.5416314576360388,0.0386882138981051
0.44656266387093824,0.517385445613062,0.03605189051600015
0.5171154119536207,0.44395532190849546,0.03892926613788387
0.4532477335703715,0.5128607457879754,0.03389152064165331
0.39868668886757114,0.5694948042967596,0.03181850683566918
0.47646098050965296,0.4851823556862711,0.03835666380407611
0.4725286895012731,0.4920756175090993,0.03539569298962764
0.462578918822966,0.4984189256924395,0.0390021554845945
0.5082228522021999,0.4599892720350942,0.031787875762705996
0.4197763860720683,0.541285761520295,0.0389378524076366
0.40993594639445813,0.5596694546933867,0.03039459891215509
0.40631023178699144,0.5611870703428641,0.03250269787014449
0.4742898929794019,0.4922217342389073,0.03348837278169081
0.5392377669169923,0.4220565010963294,0.03870573198667811
0.4190167640726667,0.5428485775971509,0.038134658330182564
0.46718649032942633,0.4938533178827981,0.038960191787775454
0.5027477435145273,0.4590732297204341,0.03817902676503861
0.5265394530864126,0.4206843819394875,0.05277616497409996
0.4990410652367379,0.4677907602063885,0.03316817455687361
0.41049760130819163,0.5513489017049331,0.03815349698687525
0.46986722268320835,0.48668971307429687,0.043443064242494514
0.4500806212678235,0.5134774241498141,0.036441954582362296
0.49033608792054156,0.45581435455276553,0.05384955752669298
0.42609693741189125,0.5366696993099757,0.037233363278133334
0.42047712590973296,0.5394385420067866,0.040084332083480244
0.4036860682400467,0.5547536053441053,0.04156032641584822
0.5517364385758856,0.40873443814075394,0.03952912328336045
0.4223703180534875,0.5514720345249124,0.02615764742160017
0.415744697931408,0.5564090743428433,0.027846227725748858
0.4519513323666102,0.5082400783192217,0.039808589314168336
0.42917486952959094,0.5319693847656234,0.038855745704785595
0.42164253211313396,0.5455922676814443,0.03276520020542175
0.42156375662308965,0.5378787711873304,0.04055747218958
0.41467935229418973,0.5521871458448963,0.03313350186091383
0.4137744220536832,0.5548692064799969,0.03135637146632006
0.4471760355322431,0.5185763899307892,0.03424757453696757
0.4772205638150573,0.4900551603810783,0.03272427580386414
0.4515911675795905,0.5083124629994139,0.040096369420995766
0.45776025847655055,0.5152682220777932,0.0269715194456562
0.41947333900216344,0.5432328186265685,0.03729384237126799
0.46106775858859955,0.5026818400618387,0.03625040134956188
0.40138576107999774,0.5682277128533293,0.030386526066673063
0.49721855520542607,0.4674986388428806,0.035282805951693356
0.4184862306113687,0.542430068135005,0.03908370125362624
0.41675945979902734,0.5470727452530119,0.03616779494796051
0.4281113553912033,0.5370581107236618,0.03483053388513487
0.4158201789248232,0.5562598807118848,0.027919940363292123
0.5540685978049208,0.42158462584564943,0.024346776349429795
0.40103918894178425,0.5602437236202896,0.03871708743792613
0.4925428917324054,0.478363771312801,0.02909333695479347
0.571819563844238,0.39393941318995823,0.03424102296580378
0.44570513080838314,0.5282357201435999,0.026059149048017018
0.5295420694705424,0.4282574391409497,0.04220049138850791
0.49875134505423907,0.47328350170762257,0.02796515323813828
0.47527685477533116,0.48996405085176037,0.03475909437290858
0.24829269692486547,0.49062024683394884,0.26108705624118567
0.4073699055047827,0.5476885911122933,0.04494150338292385
0.39680666129092146,0.5697684604264742,0.03342487828260415
0.4304431810966589,0.5312559070151149,0.03830091188822609
0.5039399923926392,0.47666846977256744,0.01939153783479344
0.5654415268333766,0.3902845215525958,0.044273951614027654
0.4290693040489234,0.5363166380744813,0.03461405787659545
0.4855985333695751,0.4910427993927977,0.02335866723762712
0.4917159390707774,0.46886239310836575,0.039421667820857126
0.45192037148033826,0.5161570034507689,0.03192262506889283
0.42397337424994513,0.5360384374374688,0.039988188312586034
0.4230383719997296,0.5389660446553214,0.03799558334494913
0.4127288333796864,0.5506876623055107,0.036583504314802985
0.4468817835183372,0.514329443557566,0.03878877292409675
0.4595692369260682,0.4961459522292667,0.04428481084466514
0.48434979888280155,0.48290666674961324,0.032743534367585085
0.4202883564077823,0.5432908351097564,0.03642080848246125
0.45634478034120224,0.5077151091850269,0.03594011047377071
0.409340394855656,0.5526892978331535,0.037970307311190214
0.5145534357343331,0.4482620076119537,0.03718455665371318
0.4171893455055736,0.5497594971104375,0.03305115738398905
0.40925323812672587,0.5234686916402858,0.06727807023298843
0.41181754596406805,0.5573019394042914,0.030880514631640463
0.5345480227067487,0.42749311255484945,0.03795886473840189
0.46600274313826123,0.46660335251963286,0.06739390434210583
0.4597159096170413,0.5036326993334872,0.036651391049471536
0.48653389321874907,0.47603514425345067,0.03743096252780009
0.4500843691189341,0.5098214274139704,0.040094203467095406
0.42869882446871965,0.5340925393327544,0.0372086361985259
0.4808180689524855,0.48085651410306623,0.03832541694444842
0.41581194502795465,0.547665746666412,0.03652230830563307
0.49938819740267576,0.468169256193952,0.032442546403372234
0.4209010689606334,0.5406920897926439,0.038406841246722376
0.40866409083617805,0.5575250155008757,0.033810893662946304
0.4186953051789628,0.5422790230084075,0.03902567181262993
0.4009265161434687,0.5588933092228621,0.04018017463366891
0.47379880323642903,0.49041601870300644,0.035785178060564506
0.44911680783839864,0.5216047569069361,0.029278435254665298
0.5100059173123228,0.4499878224410289,0.04000626024664849
0.39819275723483216,0.5648013578301386,0.03700588493502926
0.42364842297782057,0.5367943732588558,0.039557203763323466
0.4343133800442483,0.5312623836345377,0.03442423632121401
0.4375346811432702,0.5222513523099119,0.040213966546817595
0.5939729044500166,0.37456642589955774,0.031460669650425724
0.4247797586556454,0.5360370379973042,0.03918320334705025
0.41154505731843366,0.5501848350745241,0.03827010760704221
0.47531914378846074,0.4889253787348319,0.035755477476707126
0.4105283885727668,0.5538182684862962,0.035653342940937124
0.4205978664060784,0.5484374260371598,0.030964707556761725
0.41926585677190464,0.5480963308294005,0.03263781239869487
0.4353538089009333,0.5308696563729076,0.033776534726158894
0.3913009240346156,0.5552045855417053,0.053494490423679264
0.4559938986857305,0.5085086934970192,0.03549740781725022
0.47690483447245285,0.4832495118272578,0.03984565370028903
0.4065892190324179,0.5546182064352722,0.03879257453230963
0.49765785317696565,0.46601079049450256,0.036331356328531815
0.4236288242759732,0.5365207982319399,0.03985037749208681
0.4093820252786733,0.5561055735466911,0.0345124011746355
0.4698427967719027,0.49135281214527976,0.03880439108281744
0.563658830842595,0.40808532138001896,0.02825584777738619
0.41913716878721724,0.5430908045752542,0.03777202663752877
0.40501059777981585,0.557132714373744,0.03785668784644023
0.4167531659393434,0.5439687957335229,0.039278038327133745
0.40158412810944916,0.5583588721248177,0.04005699976573336
0.40714760763928565,0.5582174394297292,0.03463495293098498
0.44120499274964253,0.5227834202446974,0.036011587005660206
0.5374891497018229,0.4250588975278436,0.03745195277033325
0.45068350913095795,0.5178922009237574,0.03142428994528455
0.45718335202211896,0.43655871731263146,0.10625793066524956
0.4137090277075851,0.5472266855085325,0.039064286783882476
0.479708066199974,0.48951578969539844,0.03077614410462753
0.42225099813047745,0.5422476978029291,0.03550130406659363
0.41239041115040087,0.5497396780879787,0.03786991076162008
0.41699675940638037,0.5449757519953734,0.038027488598246145
0.4235202576729801,0.5369419226039935,0.03953781972302635
0.4458601293835471,0.5080003449369754,0.04613952567947757
0.4615954021320598,0.5042908445269871,0.03411375334095306
0.4160208098080245,0.5444885157387175,0.03949067445325805
0.3835801320380416,0.5683917551244037,0.04802811283755477
0.4204830915055592,0.545728489809742,0.03378841868469874
0.4390717196518616,0.5221182934422736,0.03880998690586499
0.48385993086395607,0.48726362576133714,0.02887644337470683
0.5887932392092715,0.38428690963006795,0.026919851160660466
0.4812353486049592,0.48686045228664493,0.031904199108395905
0.4414899056810255,0.5183820170352633,0.04012807728371134
0.44819581649728146,0.5120647032197413,0.039739480282977205
0.4099155263722011,0.5507575757941596,0.039326897833639095
0.4506311649262938,0.5098113951640171,0.039557439909689136
0.4512022042925057,0.515445268549102,0.033352527158392355
0.4330188649485907,0.5281585987743367,0.03882253627707262
0.4484731529652124,0.5190209769924143,0.03250587004237332
0.41994300292788755,0.5417270950970204,0.03832990197509179
0.4219198671546842,0.5445222716422323,0.033557861203083586
0.4402903835601378,0.5209628031930001,0.03874681324686205
0.46281729267072785,0.49818409616687714,0.038998611162394996
0.5059477764269945,0.4551842830246433,0.0388679405483624
0.4181322858262302,0.5423849427660525,0.039482771407717034
0.4410978517638161,0.5288660601446313,0.030036088091552525
0.42205895094946544,0.5525364005708082,0.025404648479726243
0.42047178437393323,0.5411030808101757,0.038425134815891236
0.5013464004986645,0.4652615739336863,0.03339202556764929
0.41349192326580825,0.5498380466275931,0.036670030106598986
0.40364270233362276,0.5578942818924844,0.03846301577389284
0.42391974105630464,0.5377199756954374,0.038360283248258
0.4227393276840947,0.5459819275289678,0.03127874478693771
0.48888587201034583,0.4804523864491372,0.030661741540516877
0.45044794287585677,0.5104737738208025,0.03907828330334061
0.45287711981058887,0.5099671046022886,0.037155775587122464
0.3886407620208956,0.5716077351466565,0.03975150283244789
0.5055435137385436,0.4581992419746645,0.03625724428679197
0.40474394043506595,0.5685179741805916,0.02673808538434278
0.25102396974023244,0.5736031059589001,0.17537292430086754
0.417111753332014,0.5492478864430769,0.033640360224909106
0.4468434779404517,0.5148992892745583,0.0382572327849901
0.4603217690128705,0.41124360406976374,0.1284346269173657
0.4799847451394712,0.48859269811421485,0.03142255674631361
0.40299665733221846,0.5307880093504693,0.0662153333173122
0.42476593056596285,0.537779869310785,0.0374542001232522
0.4127452035140768,0.5524711736380044,0.03478362284791884
0.42442506078254993,0.5422509247013351,0.033324014516115066
0.43548882984651727,0.5280230178879906,0.036488152265492214
0.45412295952820975,0.5067284273323543,0.03914861313943588
0.40249577352506344,0.5662831272560842,0.031221099218852386
0.49114448409429545,0.4682438991697804,0.040611616735923964
0.45971391562799785,0.5016122298938108,0.03867385447819128
0.46532927389923545,0.4972613373364587,0.03740938876430589
0.39090673404641535,0.5655263585340475,0.04356690741953739
0.46264984627854977,0.5071890549740444,0.030161098747405846
0.46781280741570247,0.5007917887220267,0.03139540386227074
0.42625286151498265,0.5364801590234322,0.03726697946158506
0.45787501061867264,0.5028917342949405,0.03923325508638669
0.563737091220247,0.4018683947354655,0.03439451404428771
0.4510906319862724,0.5126341496199164,0.03627521839381114
0.3460085153141056,0.356961160884844,0.29703032380105016
0.5081257041670023,0.4538312813684913,0.03804301446450632
0.42329102168686955,0.537254262148079,0.0394547161650516
0.4145833863956533,0.5469066150019944,0.03850999860235214
0.5836066485226642,0.38091002019238357,0.035483331284952395
0.5956311719252133,0.37698981778059243,0.027379010294194376
0.40123940792533236,0.561310783662292,0.03744980841237589
0.5780284632768156,0.369115895029575,0.05285564169360976
0.44649377487319936,0.5210395176607462,0.032466707466054505
0.42204163275699125,0.5384489748602839,0.03950939238272485
0.5625622030129054,0.39575989198989475,0.041677904997199845
0.5079475799516564,0.4567063219049064,0.03534609814343708
0.5630495542443623,0.4019359839351833,0.035014461820454354
0.42158151589489423,0.5462888221839405,0.03212966192116524
0.4716953203514392,0.4900509495218175,0.03825373012674337
0.41639174315050415,0.5430424687708223,0.0405657880786735
0.501165635411409,0.4618856759034736,0.03694868868511727
0.4266587689500951,0.534933282070574,0.038407948979330676
0.4834317591945406,0.48853804968118636,0.028030191124272977
0.5009880765594839,0.45840043685483706,0.04061148658567895
0.47500961381320866,0.4842173122633496,0.04077307392344192
0.4392599141725469,0.5208017424086607,0.039938343418792634
0.42124595978259716,0.5271786189552623,0.0515754212621406
0.40052081852844473,0.555467230081755,0.04401195138980027
0.5212360891006997,0.4405259839288011,0.03823792697049929
0.47926005967325597,0.48961779317416876,0.031122147152575403
0.4234490131338201,0.539518703801285,0.03703228306489484
0.40882668828947955,0.5569529433602556,0.03422036835026468
0.4895058994780004,0.47048065347901546,0.04001344704298394
0.41576480885512107,0.5610169675237902,0.023218223621088663
0.4568249065586337,0.5038951794898116,0.03927991395155454
0.5386659674079858,0.42382596399014905,0.037508068601865154
0.44810505290558456,0.5197431350323765,0.032151812062038834
0.4183460059497829,0.5469721573349701,0.034681836715247064
0.5216603375453551,0.439411110059626,0.03892855239501912
0.4142542969695483,0.5481864021138916,0.03755930091656026
0.41305980114173535,0.550245487373367,0.03669471148489778
0.5134310237307104,0.44870325369133024,0.03786572257795946
0.43850639559406135,0.5271143448451682,0.03437925956077052
0.46300340661357803,0.4990779923604099,0.03791860102601197
0.4221087620520662,0.5414177884249793,0.036473449522954435
0.4114824438157791,0.5564623677891567,0.03205518839506407
0.43618317080929964,0.5233581119523715,0.04045871723832907
0.4468908912150767,0.5155025163549866,0.037606592429936754
0.5122734145256426,0.44215813673901244,0.04556844873534502
0.42659258598856226,0.5373266173169753,0.03608079669446221
0.5148803841414678,0.4594967164816852,0.02562289937684697
0.4275501309013148,0.5339102231204899,0.038539645978195085
0.4142335768131887,0.5472415011429241,0.03852492204388698
0.43435027442820784,0.540101522280078,0.025548203291714207
0.40555466631126674,0.5540692181077088,0.0403761155810245
0.44061874686484714,0.5228426966941265,0.03653855644102634
0.4235535658899371,0.550310940111806,0.02613549399825672
0.4517593645993741,0.5085652167772632,0.039675418623362706
0.4679654849190991,0.4953570100198161,0.03667750506108476
0.5962181381670887,0.2707004979122474,0.13308136392066378
0.42047673553162107,0.5430374271113596,0.03648583735701918
0.41658480039784546,0.5432592189164238,0.040155980685730557
0.4469048326638597,0.5142589571056575,0.038836210230482726
0.5483774081695597,0.41615114616976023,0.03547144566068021
0.4784158810850029,0.4826217618958383,0.03896235701915892
0.44646498525535744,0.5162161047309392,0.037318910013703445
0.42098777030891116,0.4880124298010009,0.09099979989008798
0.5166660808910152,0.45725341299889577,0.026080506110089042
0.4402031787652024,0.5286188304144582,0.031177990820339528
0.46122642717993523,0.5025467431365501,0.036226829683514816
0.4385413173953942,0.5320905220140066,0.029368160590599414
0.4376812399565344,0.5239192492734018,0.03839951077006367
0.444441747550077,0.5219942255388451,0.033564026911077835
0.45184403534623785,0.5108634257814195,0.0372925388723427
0.45476730852379316,0.5148041543161013,0.030428537160105604
0.4306948063430857,0.5309612689607041,0.03834392469621031
0.4095980002429862,0.5508671477814874,0.039534851975526794
0.4235081296395379,0.5380909548907868,0.038400915469675445
0.44266893288566683,0.5174549288152339,0.03987613829909919
0.46007850752569773,0.5022964379219303,0.03762505455237202
0.4855113102087467,0.4790295776852549,0.03545911210599846
0.4386497523921814,0.5216817558379228,0.03966849176989585
0.5296676993730627,0.4441489252301477,0.026183375396789745
0.5504066403995916,0.4165190771114026,0.03307428248900572
0.40947076879875943,0.5542406693616273,0.03628856183961308
0.4819397701537049,0.47880717148614516,0.03925305836014999
0.44376142042836203,0.5162019397199475,0.040036639851690384
0.42454098093276116,0.5400023999193815,0.03545661914785734
0.48604603587238054,0.47118253219917233,0.04277143192844706
0.45665271715194095,0.5032002523480941,0.040147030499965014
0.40890338629507444,0.5521797565585453,0.0389168571463801
0.4106346875226107,0.550095904019338,0.039269408458051464
0.5437830721762443,0.41965929899386334,0.03655762882989226
0.5096342656089763,0.4511877402573168,0.03917799413370655
0.47730872695468723,0.4858927577882337,0.036798515257079036
0.48503410902759847,0.4859755535938814,0.02899033737852025
0.422085258527754,0.5439154751854449,0.033999266286801076
0.4326454441076135,0.5367249157293705,0.030629640163016086
0.4418233714056879,0.5335009862283439,0.024675642365968285
0.4339535573420999,0.527666284883597,0.03838015777430303
0.5264244425374963,0.44787257265811237,0.025702984804391215
0.40164194222249866,0.5595828102156439,0.03877524756185733
0.4178608942876057,0.544276017397812,0.03786308831458227
0.4529191351941076,0.5064895748661251,0.04059128993976709
0.425502206592935,0.5349199623593331,0.039577831047731826
0.594919482959791,0.3738937312838913,0.031186785756317788
0.4067121295006681,0.5545362645184185,0.03875160598091334
0.40377861845435714,0.5728255263718834,0.02339585517375948
0.42266096658216606,0.5379715376881425,0.039367495729691566
0.41606024269848285,0.5440803978911021,0.0398593594104152
0.460224606602299,0.5004803350243089,0.03929505837339179
0.49435796091544704,0.4715387342458144,0.0341033048387387
0.43766823166253377,0.5275750238657388,0.034756744471727365
0.44179153217013284,0.5184085103746141,0.03979995745525326
0.41025559927444555,0.5606146230033846,0.029129777722169587
0.5690485250829534,0.3933666211290633,0.037584853787983236
0.4058710460150652,0.5555890180142448,0.03853993597068984
0.4459332858919007,0.5009979372608706,0.053068776847228646
0.4332390996125741,0.5400128963872117,0.026748004000214223
0.48901322838816635,0.4202810112617265,0.09070576035010702
0.4494058218328297,0.5117814787111663,0.03881269945600403
0.4385922643737897,0.5282054283347983,0.03320230729141193
0.41225458525523373,0.5514889182870106,0.036256496457755465
0.42137692552175765,0.547054655706692,0.031568418771550553
0.42590585670150516,0.5387098786605339,0.03538426463796089
0.40785726196914357,0.5517007483629459,0.04044198966791058
0.4120715083174697,0.5589342524141846,0.02899423926834565
0.4392817695499116,0.5226014554924112,0.038116774957677034
0.4775300136792447,0.48603277851165183,0.03643720780910353
0.4189839548031684,0.541190169199659,0.039825875997172654
0.47969891231424366,0.483598851604235,0.036702236081521365
0.4747514045749618,0.4858296299584845,0.03941896546655379
0.43259396302708825,0.5303205919130687,0.03708544505984303
0.4721277118611164,0.4884460668935453,0.03942622124533851
0.44742958316960607,0.5147342081828756,0.037836208647518424
0.4915779116802226,0.4694580600378716,0.03896402828190563
0.4892163604639401,0.45766244635232867,0.05312119318373116
0.4089615623377075,0.5529408059666254,0.03809763169566688
0.4565455182304598,0.5054829630674185,0.03797151870212165
0.42257205657529606,0.5394052307469713,0.038022712677732655
0.46067037607531214,0.5158445135045251,0.023485110420162825
0.41842133306837576,0.5441752426158338,0.03740342431579046
0.4167558455700263,0.5465402403956756,0.036703914034298075
0.4097847770272258,0.5525084688714555,0.03770675410131868
0.4203215378857854,0.5026479285361707,0.07703053357804406
0.4127076023333091,0.5486583063450683,0.038634091321622585
0.41280349962151924,0.5517849750475831,0.035411525330897524
0.4621344828501766,0.4966977335728531,0.041167783576970686
0.4939729554099121,0.46656125233763096,0.039465792252456756
0.4438980812454146,0.5172283863250086,0.038873532429576745
0.4245178072145192,0.5400123520000435,0.03546984078543768
0.43205085695256745,0.5305967499978812,0.037352393049551576
0.41387122401895127,0.5538699032302209,0.03225887275082794
0.4397161837159342,0.5323392098520779,0.02794460643198795
0.41657422216039275,0.5434287430533221,0.03999703478628516
0.3958360250519198,0.5651911695211457,0.03897280542693458
0.4336140033764012,0.5308839173428721,0.03550207928072663
0.4550777534591244,0.5095685063036547,0.0353537402372209
0.555546097862182,0.39079987762249163,0.053654024515326346
0.4574958341899235,0.5023803317222386,0.04012383408783797
0.46555455533893336,0.4967917285475366,0.03765371611353005
0.42312142078721376,0.5397747364286197,0.037103842784166424
0.4832487476478253,0.47745247926767326,0.039298773084501554
0.425919168635251,0.540409223009355,0.033671608355393935
0.43217377972626253,0.5317098804376569,0.03611633983608059
0.44221560947044736,0.5192349622934964,0.03854942823605638
0.42414025030532554,0.536171329383442,0.039688420311232306
0.4336679080897242,0.5276348362422679,0.03869725566800796
0.45012243267351787,0.5190534333920288,0.030824133934453216
0.47663104410901785,0.4920891803771696,0.03127977551381259
0.4252776945478672,0.5366334770805785,0.03808882837155457
0.33776554096605815,0.4235817459744066,0.23865271305953514
0.4216253245465932,0.5415191704167192,0.03685550503668782
0.40006143888150913,0.5573829997853337,0.042555561333157195
0.5185499601845853,0.4550761187941945,0.02637392102122004
0.46537086297545016,0.4988030198270168,0.03582611719753307
0.480208655419234,0.4825696632215766,0.037221681359189414
0.4969918334615181,0.4640026989473349,0.039005467591147015
0.4570649745202559,0.5047287971343868,0.038206228345357134
0.42115530379675237,0.5563325525242849,0.02251214367896267
0.4084190834245507,0.5520354666682225,0.039545449907226665
0.42245452346614604,0.53806816815655,0.03947730837730397
0.4261951231694399,0.5453803949603505,0.028424481870209236
0.44689606874038457,0.5128859242005948,0.040218007059020636
0.4730127347162659,0.4905521919092496,0.03643507337448471
0.47828643505806123,0.4837795640615135,0.03793400088042527
0.5001554561961546,0.47205837287884045,0.027786170925004846
0.5354045287863611,0.43528086080546335,0.029314610408175634
0.40941448948121323,0.5509231841188674,0.039662326399919456
0.46928605338597057,0.49411420841252846,0.036599738201501045
0.3773467236152665,0.586210864725739,0.03644241165899456
0.5640270068164717,0.3988583153210006,0.03711467786252761
0.4395432969315083,0.5222656263318967,0.03819107673659501
0.4140041244347157,0.5468733873320358,0.03912248823324815
0.42910365345328977,0.539209948619242,0.03168639792746818
0.4509240148122928,0.5186983028952789,0.030377682292428397
0.4917523978875461,0.4700773224745614,0.03817027963789267
0.484662173497262,0.47782341072940115,0.037514415773336925
0.45351252868967534,0.5057968093760714,0.04069066193425311
0.40530228434704735,0.5587080098691457,0.0359897057838068
0.42831543417903306,0.5388217000548955,0.03286286576607152
0.43923689837472435,0.5269628396758786,0.033800261949396976
0.42711318226132206,0.5357829518891682,0.03710386584950994
0.41425606936405035,0.5247830819762606,0.06096084865968922
0.485563489925382,0.47788380763039356,0.036552702444224254
0.43455732803470265,0.4566571323628116,0.10878553960248584
0.486553016301508,0.47202678623690764,0.04142019746158422
0.42943531381365996,0.5384624553984613,0.03210223078787882
0.4760569352554445,0.4861609613787231,0.03778210336583235
0.48658328783511146,0.48010925362644696,0.03330745853844145
0.4159206574247878,0.5549193915773974,0.029159950997814568
0.4113653855495479,0.5519329926727553,0.03670162177769679
0.4643075925531552,0.50425627102076,0.0314361364260848
0.43804037724838685,0.5238924071412508,0.0380672156103622
0.44422869798720144,0.5167390693585996,0.03903223265419896
0.4212197835727168,0.5403612514110684,0.03841896501621475
0.40173092562299656,0.5631257707162516,0.035143303660751635
0.49917123884452047,0.46318987024375,0.03763889091172946
0.4964029768691258,0.4346993235947298,0.06889769953614445
0.4086412619960144,0.5408363631313089,0.05052237487267698
0.4732853551524564,0.48099074865044256,0.045723896197101065
0.4037914977555311,0.5614692153387602,0.034739286905708794
0.48786578485649695,0.47685935465647405,0.03527486048702893
0.41773764732464275,0.5440500410082374,0.03821231166711996
0.4942957927860483,0.4696157882772389,0.03608841893671269
0.4200181391289498,0.5428610447486558,0.03712081612239413
0.45280525764609364,0.508224990009398,0.03896975234450818
0.396909823846061,0.529956669381007,0.07313350677293204
0.5334128872183568,0.42735210580616456,0.0392350069754786
0.448984688201377,0.5147550276175884,0.036260284181034774
0.4999861487154713,0.4615377741916365,0.03847607709289227
0.4038979765838996,0.5611506919310102,0.03495133148509023
0.4456000233252462,0.5221703274216315,0.03222964925312252
0.48937966481684264,0.47909320070962536,0.03152713447353206
0.41559177546549586,0.5356499035324914,0.04875832100201247
0.4479994637658705,0.5122439779018139,0.03975655833231577
0.43711866873434024,0.5374072480136698,0.025474083251989892
0.4132341794035789,0.5504336031819386,0.03633221741448245
0.4420545452600449,0.5255922476499618,0.03235320708999341
0.4036356858847151,0.5619237647512048,0.03444054936408024
0.444189679109395,0.5176000698526475,0.03821025103795754
0.5424272763026725,0.4182369048158761,0.039335818881451365
0.4207913549180223,0.5411287083560298,0.0380799367259479
0.49382277479736164,0.46679878999954794,0.03937843520309037
0.45069621513428737,0.5149481426749664,0.03435564219074623
0.49857393465664773,0.47016181042759886,0.03126425491575341
0.4377141951622252,0.5259324474171326,0.036353357420642024
0.44689109547891376,0.5175922930773557,0.035516611443730695
0.4269593560975981,0.5341436456996962,0.03889699820270591
0.36543492286910706,0.6020138149678721,0.03255126216302071
0.43673346856812956,0.5269258972059166,0.03634063422595372
0.4199142867892987,0.5406199434758904,0.03946576973481074
0.47279209579325215,0.4970822770391219,0.030125627167626
0.40890492035333575,0.5585223950235806,0.03257268462308381
0.40705773708467125,0.5530104958093788,0.039931767105949964
0.4305380045320178,0.5306444035067305,0.03881759196125189
0.41662218219528374,0.5429607510649264,0.04041706673978997
0.4556593265826227,0.5071245974719916,0.03721607594538591
0.41095171460690016,0.5607323979948927,0.028315887398207066
0.5449480587394887,0.41471663619714566,0.04033530506336568
0.4038548862888912,0.5581540007456575,0.03799111296545131
0.4176506376760299,0.5517665913230935,0.030582771000876655
0.40257564567526066,0.5587943264903781,0.038630027834361445
0.4038062146978471,0.5642034306975179,0.031990354604634945
0.5093945732214135,0.45153766320053357,0.03906776357805296
0.4386042062181173,0.5435173191824467,0.017878474599435912
0.45799018493967053,0.5033497146319729,0.03866010042835671
0.46253339528089715,0.5015260840095489,0.03594052070955401
0.42263709100584723,0.5419194989665868,0.03544341002756619
0.3815296986507668,0.54961188731646,0.06885841403277358
0.4029247572407072,0.55909314998512,0.037982092774172506
0.5441730914207571,0.3015777623319218,0.15424914624732097
0.6002543764257208,0.3514093156832599,0.04833630789101957
0.42477102492991176,0.5444427630853099,0.030786211984778534
0.42189880092992516,0.5385028893672039,0.03959830970287075
0.46211967795862585,0.4978254462398912,0.04005487580148289
0.43347706755868176,0.5359344611083364,0.030588471332981832
0.4278321706257848,0.5371442578314864,0.0350235715427286
0.47399492848911484,0.4927106886089086,0.03329438290197659
0.43454497375990586,0.5313460165157504,0.034109009724343664
