0,1,2
0.4587582814607375,0.5021463767082093,0.03909534183105305
0.45861796169246766,0.5023630481521121,0.03901899015542031
0.45871803438023295,0.50223393184264,0.03904803377712713
0.4587250677075815,0.5022290758622597,0.03904585643015871
0.45876632400941647,0.5023030538273809,0.03893062216320265
0.45883691538987953,0.5022317017601188,0.03893138285000158
0.4587831303328899,0.5022833956356503,0.03893347403145977
0.4587199991091679,0.5022365508588557,0.039043450031976186
0.45718877322448476,0.5041368325454955,0.03867439423001978
0.45875961048500485,0.5023097397068444,0.038930649808150856
0.4587063138648604,0.5022864070158225,0.03900727911931697
0.4588286735482377,0.5022402137561358,0.038931112695626276
0.45878496396173396,0.5022758702457636,0.03893916579250217
0.4587727287393968,0.5022960783895766,0.03893119287102656
0.45872207793156583,0.5021990362035944,0.03907888586483999
0.4583439360595149,0.5025691321713148,0.03908693176917015
0.458729433859087,0.5022177463629937,0.03905281977791946
0.45883599156407634,0.5022141118045587,0.03894989663136491
0.4587179824902377,0.5022322878199635,0.03904972968979884
0.45883907817879327,0.5022291322435478,0.038931789577659096
0.45880713772114545,0.5022436353540852,0.038949226924769376
0.4587218551624064,0.5023335836078807,0.03894456122971274
0.45862760885242626,0.502292363221188,0.03908002792638569
0.45873534801487365,0.502213224496362,0.03905142748876462
0.45870400325800276,0.5022131594111895,0.03908283733080773
0.4588354710449454,0.5022333109777356,0.03893121797731922
0.44102713744374616,0.5205496403905417,0.03842322216571192
0.4587239316880606,0.5022227953852915,0.03905327292664794
0.45806138635081123,0.5030061229397516,0.038932490709437
0.4588233322284322,0.5022157474163609,0.03896092035520686
0.4587130881065155,0.5022619206068405,0.03902499128664413
0.458764384194529,0.5021404083383975,0.03909520746707359
0.45879890325677697,0.5022653750366763,0.038935721706546744
0.45881396389907797,0.502208574261298,0.038977461839624035
0.4587435591756451,0.5022078682225852,0.03904857260176962
0.4587572148149012,0.5022953413497984,0.0389474438353003
0.45884278217610536,0.5022153858686907,0.038941831955204134
0.4587369227290128,0.5022374894889898,0.039025587781997426
0.4585986345600382,0.5023460622707685,0.0390553031691932
0.4587042473452981,0.5023219113316337,0.038973841323068484
0.4588378939748219,0.5022141488174692,0.03894795720770887
0.4587288152761264,0.5021864524397635,0.03908473228411004
0.4587627963039271,0.5021410667183829,0.039096136977690106
0.4586318136535724,0.5023606081061296,0.039007578240297804
0.45879981575313633,0.5021929629170633,0.03900722132980055
0.45871995191396,0.5022365210837414,0.03904352700229885
0.458732650546908,0.5021811363481864,0.03908621310490578
0.4587874439607247,0.5021919953512028,0.0390205606880724
0.45863164412893725,0.5023606519064713,0.03900770396459171
0.4587856115022046,0.5021921613690458,0.03902222712874985
0.4587112705342339,0.502267734569197,0.03902099489656897
0.4586808588784586,0.5022337932562214,0.03908534786531991
0.4588130927967849,0.5022052007850639,0.038981706418151116
0.4587572740310853,0.5021573655396584,0.039085360429256207
0.4588012791184868,0.5021934173406015,0.039005303540911765
0.45875850359566134,0.5023107815073649,0.0389307148969739
0.45864507138570204,0.5023026336633659,0.039052294950931966
0.45859898945044497,0.5023540410704679,0.03904696947908721
0.4587423896503771,0.5023050899622051,0.03895252038741767
0.45871495128319884,0.5022057116220103,0.039079337094790854
0.4585985414120212,0.5023517643914329,0.03904969419654559
0.45876249206035846,0.502306947260271,0.03893056067937042
0.4586300640763887,0.5023233579794973,0.039046577944113994
0.4588302865593439,0.5022145699092263,0.038955143531429606
0.4587636583155716,0.502231746312511,0.03900459537191749
0.4585630571170647,0.5024157181554806,0.03902122472745463
0.45875784782006923,0.5021469286096008,0.03909522357033016
0.45870978423817366,0.5022727937825421,0.03901742197928448
0.4587639574090753,0.5022907628999478,0.0389452796909773
0.4586853083142002,0.5022469055863811,0.03906778609941888
0.45881697631781,0.5022507359400255,0.03893228774216451
0.45868477911016364,0.5022476401534889,0.03906758073634746
0.45872161199688694,0.5023336257787887,0.0389447622243244
0.45884445349327513,0.5022195838793426,0.03893596262738207
0.4584986358123892,0.5025659081563425,0.03893545603126824
0.45872579396256313,0.502332595954634,0.03894161008280275
0.45861092783361623,0.5023629179228654,0.039026154243518504
0.45876073499164294,0.5021499455691033,0.03908931943925377
0.4588140407221566,0.5022207105431968,0.0389652487346467
0.4587990356378215,0.5022596169784056,0.03894134738377306
0.4587839642317872,0.502226120886549,0.03898991488166363
0.45881165710848065,0.5022019152846882,0.038986427606831006
0.45880397231147546,0.5022504184481742,0.038945609240350294
0.4587684109382135,0.5022304762622789,0.039001112799507645
0.4587417322903558,0.5022089845586203,0.03904928315102395
0.45862551853737976,0.5022951262078721,0.039079355254748184
0.4587032215593107,0.5023151803790983,0.03898159806159108
0.45878170833199167,0.5021927089247086,0.03902558274329977
0.4587598463611208,0.502232731480024,0.03900742215885512
0.4588445303368006,0.5022183280156648,0.038937141647534736
0.4588143538119787,0.5022177553158962,0.03896789087212524
0.45878647845514087,0.5022789047171342,0.038934616827725164
0.4587424781517071,0.5021888327567815,0.039068689091511295
0.45860497536158873,0.5023612394827072,0.039033785155703826
0.4587630762188339,0.5021407988889367,0.039096124892229196
0.4581579672496068,0.5027825322660363,0.039059500484356996
0.458779996462502,0.5022272499754046,0.038992753562093495
0.45877955928257574,0.5022879537786202,0.03893248693880394
0.45880948342690936,0.5022378520338635,0.038952664539227244
0.4568242837391638,0.5043345965179322,0.038841119742904016
0.458718186489312,0.5022313018325912,0.03905051167809647
0.4588135196297943,0.5022536537884409,0.03893282658176489
0.4588252867431065,0.5022153709514081,0.038959342305485214
0.4585554220781905,0.5024639045061744,0.03898067341563517
0.45865027679935777,0.5023545196804664,0.03899520352017585
0.45860050085619986,0.5023382055735381,0.0390612935702617
0.45884189612986864,0.5022252767654233,0.038932827104707926
0.45873362777802557,0.5022086160206433,0.03905775620133113
0.45875779305544023,0.5022332472025447,0.039008959742014924
0.458761170914198,0.5021489862309695,0.039089842854832545
0.4587357907159674,0.5021767911027984,0.03908741818123431
0.45871975027366285,0.5022877451054618,0.038992504620875536
0.4587459039659879,0.5023028179783389,0.03895127805567343
0.45859911030616873,0.502354446990526,0.039046442703305366
0.45880956277399737,0.5021988833586575,0.03899155386734516
0.45849871245314017,0.5025056696786967,0.03899561786816324
0.4587196650866803,0.5022008044067006,0.039079530506619074
0.4587970072954144,0.50222240949663,0.03898058320795554
0.45860393708504954,0.5023606672885278,0.039035395626422935
0.45874823814367277,0.5023196096687589,0.03893215218756832
0.4587183252994053,0.5022308525299203,0.039050822170674356
0.45872653861749507,0.5022381194030253,0.03903534197947968
0.45874639323290956,0.5023210302388917,0.03893257652819873
0.4587280298267397,0.502331810986513,0.03894015918674721
0.45878954391050963,0.5022044738229006,0.03900598226658989
0.45859995980748663,0.5023399494310888,0.039060090761424464
0.45751398398809784,0.5035951273807423,0.03889088863115974
0.4587790366330897,0.5022886021754597,0.03893236119145066
0.4587627291048314,0.5023067123853249,0.03893055850984364
0.4587569860563164,0.5021579746353725,0.03908503930831111
0.4588064985346427,0.5021960778467217,0.03899742361863557
0.45889541992768534,0.5020167740956444,0.03908780597667045
0.4587259488189114,0.5023325464205032,0.03894150476058529
0.45872718297545195,0.5022381448077099,0.03903467221683822
0.4587140534835323,0.5023334485268675,0.03895249798960041
0.45878995123274713,0.5021918743044942,0.03901817446275875
0.4587476503520278,0.5022055062145286,0.03904684343344339
0.45878469250459797,0.5021922674125332,0.03902304008286915
0.45875918376854463,0.5021533021099195,0.03908751412153595
0.45873901173584164,0.5022371867111818,0.039023801552976266
0.458548952342916,0.5024352023986705,0.03901584525841344
0.4587864868842701,0.5021920743166084,0.03902143879912132
0.4585988174441631,0.5023448379875566,0.03905634456828032
0.4587185196869956,0.5022303270577639,0.039051153255240306
0.4584768518018927,0.5025418837380773,0.03898126446003002
0.458607365938709,0.5023621760370097,0.03903045802428138
0.45881241376431037,0.5022287446318849,0.0389588416038045
0.4587933400412036,0.5022689264291784,0.0389377335296179
0.4587319134283597,0.5022380201586559,0.03903006641298425
0.4587238667842583,0.5022228627964641,0.03905327041927742
0.4587613736884876,0.5021485365387464,0.03909008977276617
0.45869720368417477,0.502332084292603,0.038970712023222484
0.45876707761874874,0.5021966492339347,0.039036273147316565
0.4587210341166282,0.5022393991441534,0.039039566739218524
0.45876643641721065,0.5023029364945389,0.03893062708825042
0.4584769709614424,0.5025401664804502,0.038982862558107255
0.45871855934891387,0.5022351878979301,0.039046252753156006
0.4586121105566325,0.5023146535892803,0.03907323585408728
0.45863395562910425,0.5023600318426752,0.03900601252822045
0.4587435990425196,0.5022363980586744,0.03902000289880595
0.4588131259078893,0.5022539819515006,0.03893289214060988
0.45876466266243326,0.502180579540429,0.03905475779713741
0.45842843207443956,0.502644480084807,0.03892708784075335
0.4588439074563331,0.5022164390736018,0.0389396534700651
0.458814380234939,0.5022173867056973,0.03896823305936348
0.45863005841060955,0.5022891940863417,0.03908074750304894
0.4588444567417337,0.5022177461199108,0.038937797138355504
0.4587969437504081,0.5022668853620024,0.03893617088758966
0.4585176372978468,0.5025027633938357,0.03897959930831742
0.4588186890286351,0.5022167434500979,0.03896456752126694
0.4588372448917134,0.502214120725186,0.03894863438310057
0.4587030936702193,0.5023105612497054,0.03898634508007533
0.4587432819330888,0.5021870851340863,0.03906963293282475
0.4587820444441804,0.5022266679962578,0.03899128755956187
0.4588439823007479,0.502216551347259,0.03893946635199341
0.45859842251231103,0.5023502773088597,0.03905130017882909
0.45872159552478164,0.5023180379696637,0.038960366505554546
0.4586021909766268,0.5023593604494239,0.03903844857394898
0.4587794575319666,0.5022798722054124,0.03894067026262114
0.45872170458489636,0.5022376439676961,0.03904065144740748
0.4586533597584609,0.5022617760482313,0.03908486419330769
0.45863977737367917,0.502396556455936,0.038963666170384895
0.4583375086411782,0.5027420215967374,0.03892046976208419
0.4588108724454796,0.5022339190651006,0.03895520848941959
0.45800904546539795,0.5029749622652172,0.03901599226938489
0.4587096014371986,0.5023026177806164,0.038987780782185
0.45881002422789224,0.5022363791053014,0.03895359666680645
0.4587354154922036,0.502261496298401,0.039003088209395534
0.45854006545222853,0.5024784588033145,0.03898147574445676
0.45877127267294243,0.5021952521103158,0.03903347521674189
0.4585161575613629,0.5025458032705813,0.03893803916805574
0.4586103075909481,0.5022869599498463,0.03910273245920553
0.45876930661360876,0.5021908171349945,0.03903987625139677
0.4587423299346671,0.5021677760557547,0.03908989400957823
0.4582056063132848,0.5027261443135463,0.03906824937316903
0.45880673772673697,0.5022445460784037,0.038948716194859165
0.4587656872468406,0.5021971548372376,0.03903715791592173
0.45798479137455644,0.5030583733792718,0.03895683524617168
0.45865235365558243,0.5023539997383281,0.03899364660608954
0.45881268393468666,0.5022181865783876,0.038969129486926046
0.4587596780002501,0.5021522402281245,0.03908808177162537
0.4587952654508732,0.5022659019553639,0.038938832593762775
0.45882662301790256,0.5022151317033838,0.0389582452787137
0.45872186172952684,0.5023178776537051,0.038960260616767925
0.4587981102943544,0.5021925503106224,0.03900933939502317
0.45874566264402133,0.5022359978112282,0.03901833954475024
0.4587379230437899,0.5022373495345468,0.03902472742166321
0.4587928567853756,0.5021919070917511,0.03901523612287364
0.4587221550604367,0.5022247467685489,0.03905309817101466
0.4587433639217461,0.5022079856559908,0.03904865042226304
0.45884013881846547,0.5022277722063083,0.03893208897522617
0.45883454629799236,0.5021534085799797,0.03901204512202801
0.4587369063504556,0.5022121365775408,0.03905095707200358
0.4587278126655773,0.5023142564377558,0.038957930896667096
0.45874366031485164,0.5023042712613538,0.03895206842379447
0.45873445277535135,0.5021906660667598,0.03907488115788873
0.45894258174013847,0.5019783849392445,0.03907903332061688
0.4587421365207128,0.50220873412049,0.03904912935879719
0.4584791451984535,0.5025356360279146,0.038985218773631924
0.4586619160264517,0.5023496876332716,0.03898839634027698
0.4587263949454109,0.5022203949566993,0.03905321009788965
0.45847758375912456,0.5025419534991823,0.03898046274169323
0.4587194376045681,0.5022361507230961,0.03904441167233544
0.4587544932978898,0.5021632292399664,0.03908227746214384
0.4587435667475043,0.5022364041201484,0.03902002913234727
0.4588027972549635,0.5021940034207747,0.03900319932426166
0.45870806545768167,0.5023259912597143,0.03896594328260404
0.4570177024766005,0.5041277890557727,0.03885450846762672
0.4587909995237428,0.5021999272693621,0.03900907320689515
0.4587294550111753,0.5023312368944977,0.038939308094326955
0.45848524846621463,0.5025256478329785,0.03898910370080703
0.4587638208623533,0.5021402157568269,0.039095963380819894
0.4585984637693744,0.5023509801937426,0.03905055603688311
0.4587543527692662,0.5023145345645577,0.03893111266617619
0.45868707260536884,0.5023342285431013,0.038978698851529846
0.45813526880746674,0.5029417180516429,0.038923013140890306
0.45882496798751204,0.5022436818618955,0.038931350150592396
0.4587976438364854,0.5021924570821875,0.03900989908132738
0.4587621424511447,0.5021985358650194,0.03903932168383577
0.4587306696891552,0.502238096831213,0.03903123347963142
0.45860771697831576,0.5023221794005921,0.039070103621092235
0.45883812696857595,0.502230290552153,0.038931582479270976
0.4587950128715914,0.5021920698328034,0.03901291729560523
0.45872116716342226,0.502225957222865,0.03905287561371268
0.4091338283855549,0.550876200432583,0.0399899711818622
0.45829459786067345,0.5027864856090738,0.038918916530252236
0.4586018944746627,0.502359079603447,0.03903902592189046
0.4587567084937846,0.5021585611154784,0.039084730390737045
0.45851663672253085,0.5025038353219212,0.03897952795554807
0.4588143304068637,0.5022180521872593,0.038967617405877154
0.4587740224895365,0.5022186780753173,0.03900729943514624
0.4587658768524515,0.5021970846722084,0.03903703847534005
0.4588001430977625,0.5022576632223369,0.03894219367990076
0.45874045759318866,0.5023252260110609,0.03893431639575041
0.45879693653033093,0.502192330539509,0.03901073293016006
0.4588114243149313,0.5022185058345563,0.038970069850512594
0.45877938802188145,0.5021931473884392,0.03902746458967915
0.4585984082924302,0.5023490544441032,0.03905253726346656
0.4585060624622011,0.5024951352166408,0.03899880232115795
0.45882517719847515,0.5022153912538185,0.038959431547706466
0.4587331720133066,0.5022096669421596,0.03905716104453365
0.4587149987640446,0.5023219640544928,0.03896303718146275
0.45864031795014476,0.5023674123328549,0.03899226971700036
0.458666607674348,0.5022728372910047,0.039060555034647435
0.4586265510868133,0.502328205274782,0.03904524363840468
0.45883659450011893,0.5022320654877511,0.03893134001212999
0.4587926652483753,0.502191898648545,0.039015436103079726
0.4587637881176572,0.5021402347871652,0.03909597709517737
0.4587644255682628,0.502197631385353,0.03903794304638421
0.4586780737210133,0.502342096671519,0.03897982960746768
0.4587266530951886,0.5022251559992944,0.03904819090551705
0.45871944848199603,0.5022284621602059,0.03905208935779808
0.4585582963500972,0.5024965264206606,0.0389451772292422
0.45880945830104924,0.5021987627564353,0.03899177894251545
0.45859855672635885,0.5023467178323759,0.03905472544126528
0.4588443711954878,0.5022200043977987,0.038935624406713464
0.4579477283932871,0.5031267286937116,0.03892554291300136
0.4587454376160053,0.5022470793216836,0.03900748306231129
0.4587282680777346,0.5022187296091275,0.03905300231313776
0.4583023352483158,0.5026154663151953,0.03908219843648899
0.45872624924215016,0.502238103669397,0.03903564708845269
0.4585645501106887,0.5024890914690914,0.03894635842022015
0.4587625633382923,0.502232032686573,0.0390054039751348
0.4587336393169359,0.502329257119544,0.038937103563520044
0.4586001658533918,0.5023392613278426,0.039060572818765585
0.4588443800058911,0.5022199646687178,0.03893565532539099
0.45825915946361273,0.5027882686013484,0.03895257193503891
0.4586124987644524,0.5023140266771654,0.039073474558382074
0.45884082165438717,0.5022145732532388,0.038944605092374095
0.4586118208690508,0.5023151248171416,0.03907305431380775
0.4586917131108801,0.5023350571973566,0.0389732296917632
0.4587887801597688,0.502275682547681,0.0389355372925503
0.4586936031667147,0.5022353867762078,0.03907101005707734
0.4583917523379318,0.5027787324607342,0.038829515201333965
0.45860742392247594,0.5024040328515654,0.038988543225958634
0.4586536617746954,0.5022614463107344,0.03908489191457035
0.45876144446803774,0.5021483789822925,0.039090176549669724
0.4587215366999195,0.50222549088427,0.039052972415810565
0.45869056858867796,0.5022396018633375,0.03906982954798458
0.4587566001190961,0.5021485355973863,0.0390948642835176
0.45868909642334266,0.50222614757425,0.03908475600240713
0.45884213120435624,0.5022249083203844,0.0389329604752595
0.45871684892826364,0.5023208720506549,0.03896227902108166
0.45872457195786115,0.5022221432508964,0.03905328479124257
0.4587840952574922,0.5021923441175958,0.03902356062491186
0.45870472009150876,0.5023235487085304,0.03897173119996117
0.4588055040595055,0.5022601894179087,0.038934306522585886
0.45882163214174904,0.5022466865777325,0.0389316812805184
0.45870851045019057,0.5022774248536416,0.039014064696167756
0.4587935152277043,0.5021971546748948,0.03900933009740106
0.4586129778371297,0.5023631030275338,0.03902391913533642
0.458773910276782,0.5022947254322382,0.03893136429097975
0.458736246219961,0.5023278247473644,0.03893592903267466
0.4587864153190532,0.5022789914920135,0.03893459318893339
0.45860470676809256,0.5023279969700442,0.03906729626186305
0.45880709720907004,0.5021965270902252,0.03899637570070501
0.45868811558354095,0.5022270407413754,0.039084843675083754
0.45872831886765236,0.5022381606126819,0.039033520519665674
0.45873048741674416,0.5022159358512791,0.03905357673197674
0.45878922790592436,0.5022750419693865,0.038935730124688886
0.45726921984090607,0.503858221433115,0.03887255872597871
0.4160293811618901,0.5439708883703422,0.03999973046776739
0.458762537050834,0.5021458942239815,0.03909156872518433
0.45372239867021125,0.5078283564217019,0.03844924490808683
0.45873510180170796,0.502190264187698,0.03907463401059407
0.4588427162179945,0.5022239356406255,0.03893334814138005
0.45871795451955755,0.5022334104356803,0.039048635044762275
0.4587253276638982,0.5023327405513641,0.03894193178473785
0.4587033495328366,0.5023050570405226,0.038991593426640825
0.45824178689859274,0.5028072072054531,0.03895100589595399
0.45875748272256395,0.5021569236902101,0.03908559358722596
0.45870309199960474,0.502310758265173,0.03898614973522237
0.45864017166567195,0.5023094031411752,0.03905042519315265
0.4587998482709507,0.5022216142493336,0.03897853747971568
0.45881409280487034,0.5022093239275363,0.03897658326759382
0.45884401527975965,0.5022166041120608,0.03893938060817965
0.45880903252315497,0.5021982934878355,0.038992673989009484
0.4587112168068049,0.5023241736677531,0.03896460952544192
0.4587672977439081,0.5023020314782556,0.038930670777836365
0.4587613870605837,0.502142589210144,0.039096023729272275
0.4586453875664631,0.5023021967125895,0.03905241572094727
0.45884401572398104,0.5022166048372647,0.03893937943875421
0.4587544569665231,0.5023144433474622,0.03893109968601458
0.4586553641366078,0.5023524836614249,0.03899215220196736
0.4588002947443765,0.5022573913361662,0.0389423139194575
0.458620220625773,0.502362842898043,0.039016936476183844
0.4587962258917014,0.5021922205199248,0.03901155358837377
0.4587682129208245,0.5021838980587234,0.039047889020452024
0.45872658828814833,0.5021958421871444,0.03907756952470711
0.45864130486098675,0.5023663126734867,0.03899238246552657
0.4586395593993071,0.5022774887411731,0.03908295185951963
0.4587075197752995,0.5023056125010988,0.038986867723601736
0.4587858618807799,0.5022086032467192,0.03900553487250087
0.4587995089035722,0.5022587887402781,0.03894170235614994
0.458718427232936,0.5022349699418213,0.03904660282524282
0.4588107980805499,0.5022341432550145,0.038955058664435695
0.4587702127505526,0.5022864310614779,0.03894335618796973
0.45881439588606676,0.5022171460456749,0.0389684580682585
0.45875232430207435,0.5021541841293075,0.03909349156861806
0.4588025286643454,0.5022208728337592,0.03897659850189523
0.45871007258952773,0.5023315674597673,0.03895835995070509
0.45871905735038576,0.5022358045227179,0.03904513812689652
0.45872866500739223,0.5022202755105616,0.039051059482046534
0.4587657930596499,0.5022311809588994,0.039003025981450785
0.4586803403195483,0.5022537998395511,0.03906585984090046
0.4588122085931977,0.5022029985080222,0.03898479289878015
0.4586077079029954,0.5023622762531109,0.039030015843893685
0.4587758547929509,0.5022824512771754,0.03894169392987369
0.4587808721364001,0.5022863043754068,0.03893282348819325
0.45881112792094164,0.5021778049763281,0.03901106710273032
0.45818320954869096,0.5027524715046544,0.03906431894665445
0.45881446380516594,0.5022134235873467,0.03897211260748747
0.4587464544321537,0.5023024599256367,0.03895108564220943
0.45872881052147696,0.5022381572339617,0.039033032244561366
0.4587034254296901,0.5023041577371928,0.03899241683311701
0.45881212957923495,0.5022183264795866,0.03896954394117835
0.45872675991971684,0.5022200612001632,0.0390531788801203
0.4583477222586313,0.5027312900491696,0.038920987692199135
0.4587671114212136,0.5021966372003809,0.03903625137840537
0.4588122912180798,0.5022292037486291,0.038958505033291
0.4588008174916881,0.5022213450407897,0.038977837467522015
0.4584721697170087,0.5025958873979659,0.038931942885025494
0.45809116885917994,0.5028646224531944,0.03904420868762565
0.45881690406830855,0.5022171569453492,0.0389659389863424
0.45881150220441774,0.5022016390932997,0.03898685870228264
0.45861009009995635,0.5023627971940804,0.03902711270596317
0.4587643793472266,0.5021403657661603,0.039095254886613036
0.45870408631253057,0.5022984818519073,0.03899743183556217
0.4587472708925157,0.5023019277666213,0.038950801340863
0.45871887301501807,0.5022295322505146,0.039051594734467135
0.4585050901488105,0.5025585269361285,0.03893638291506096
0.4587080639629707,0.5022791309018562,0.039012805135173224
0.45881415206102844,0.5022097164033921,0.038976131535579495
0.4588089524397275,0.5021982089931056,0.03899283856716656
0.45872032914709654,0.5022003138103057,0.03907935704259762
0.4588415165454047,0.5022258505451807,0.038932632909414754
0.45879560388598967,0.5021921375933698,0.03901225852064086
0.45881373772497897,0.5022226924076217,0.03896356986739929
0.45874968552894024,0.5021826148123619,0.03906769965869764
0.4584818274052832,0.5025390636318702,0.038979108962846495
0.4579798869250188,0.5030222364227459,0.03899787665223526
0.4587744196813241,0.5022288205539338,0.038996759764742116
0.45859914487307285,0.5023545550107714,0.03904630011615605
0.45870227357496507,0.5022146085126593,0.03908311791237552
0.45865478442984553,0.5023527219495567,0.03899249362059783
0.45882923803715514,0.5021581187002315,0.039012643262613396
0.4587633349538341,0.5021405693683115,0.039096095677854194
0.4586988341679085,0.502331187213301,0.03896997861879057
0.4587296190297739,0.5022381397061048,0.03903224126412136
0.45871822725046507,0.5022311606278431,0.03905061212169199
0.4587480523547353,0.5022355051708043,0.03901644247446056
0.45876908468694955,0.5021866163965163,0.03904429891653431
0.4587574814802227,0.5022333244434708,0.03900919407630652
0.45875043090750894,0.5022998558240194,0.038949713268471624
0.45877590356417897,0.5022284051869417,0.03899569124887945
0.4587501336241382,0.5021724210127692,0.03907744536309258
0.4588439430332914,0.5022214009118905,0.03893465605481795
0.4587078270675942,0.5023294503954068,0.03896272253699881
0.45874306022880584,0.5021667732514046,0.03909016651978986
0.4587972282758354,0.5022626952907463,0.038940076433418326
0.45876263512667603,0.5021412280359415,0.039096136837382674
0.45863176350415075,0.5023606210922391,0.03900761540361018
0.458818331610945,0.5022168250535604,0.03896484333549451
0.4588155437504338,0.5022174814422312,0.038966974807335186
0.45873358127052494,0.502329287363536,0.03893713136593899
0.4588120569788518,0.5022026834570356,0.038985259564112786
0.45880010189396064,0.5022577369103128,0.03894216119572654
0.45873568596778047,0.5022129853701645,0.039051328662055095
0.45869934954421593,0.5022170936592226,0.03908355679656156
0.4587760756174201,0.5021939046669048,0.03903001971567494
0.4448160489397012,0.5167391596191172,0.038444791441181465
0.45874897072236126,0.5022047826306036,0.03904624664703522
0.45812699966341824,0.5028200669734505,0.039052933363131405
0.45871897526386746,0.5022357184652735,0.039045306270859045
0.4587955863606436,0.5022653866217718,0.03893902701758443
0.4585651817072907,0.5024127869748287,0.03902203131788056
0.45880265137974874,0.5022208391336678,0.03897650948658342
0.45863192905592215,0.502320784073527,0.03904728687055069
0.45873316215460513,0.5023109409229624,0.03895589692243218
0.45872169574242566,0.5022376670042153,0.039040637253358844
0.45871004159489914,0.5022718941417826,0.03901806426331807
0.4587260058634782,0.5022207562631956,0.03905323787332628
0.4588053865795207,0.5022200944502504,0.03897451897022909
0.4587891682072784,0.5022246348359352,0.038986196956786484
0.45874983752268556,0.5022043175451819,0.039045844932132576
0.4588050178076574,0.502195118437181,0.03899986375516163
0.45870689714099505,0.5022107706402743,0.039082332218730635
0.4587179896189106,0.5022322345685603,0.03904977581252879
0.4586904640363474,0.5023357228899709,0.0389738130736819
0.45877836194157423,0.5021933660069453,0.039028272051480226
0.45875288173695306,0.5021534388329235,0.039093679430123665
0.4585051603836989,0.5024964203085671,0.03899841930773386
0.45879406116339316,0.5021919822085618,0.03901395662804513
0.4587678852289727,0.5022880525629643,0.038944062208063075
0.4585085526961645,0.5025124376228598,0.038979009680975674
0.4587838031468271,0.5022261668372566,0.038990030015916576
0.45874315672645144,0.5021666408218792,0.03909020245166929
0.4584767951758589,0.50254076242214,0.03898244240200117
0.45878726227086525,0.5022778204145394,0.03893491731459542
0.45881141727371727,0.5022322165448129,0.03895636618146965
0.4586077618774396,0.5023622914184348,0.039029946704125476
0.45881498658492437,0.5022524237809809,0.0389325896340945
0.45884424602779494,0.5022204946668113,0.038935259305393655
0.4586353706167252,0.5022825446312172,0.03908208475205745
0.45872795681000145,0.5022189985944888,0.039053044595509796
0.45880150719411916,0.5022551767953136,0.038943316010567525
0.4587927876739314,0.5021919039368575,0.03901530838921102
0.45878831281769056,0.502224879085025,0.03898680809728451
0.4587266396694843,0.5022251889078111,0.03904817142270461
0.45850593356728875,0.5023946660423559,0.03909940039035532
0.45865803621937723,0.502351365636206,0.03899059814441697
0.45882980912722054,0.5022146340456053,0.03895555682717408
0.4586187037836541,0.5023914839397803,0.03898981227656554
0.4587418005932677,0.5021863853557883,0.039071814050944044
0.458843712148576,0.5022161847371763,0.038940103114247525
0.4585936273948396,0.5023735849636406,0.03903278764151975
0.45881316472209854,0.5022256339413285,0.03896120133657273
0.45875994943060444,0.5022342630197892,0.03900578754960629
0.4588033589183583,0.5022618921531591,0.03893474892848266
0.45872065033710535,0.5022266429823887,0.039052706680506005
0.45874530289563253,0.5022505128315657,0.03900418427280191
0.4587660477868908,0.5022311129159469,0.039002839297162105
0.4587368137632964,0.5022122001856303,0.039050986051073246
0.45872137984297634,0.502238491944759,0.03904012821226482
0.4587539617341203,0.5022022101529625,0.03904382811291727
0.45874064172372303,0.5022369242751393,0.039022434001137696
0.4587112822151044,0.502267696013436,0.039021021771459566
0.4588423480858509,0.5022151384848716,0.0389425134292774
0.4588329132396091,0.5022360154725721,0.038931071287818635
0.4584470104706122,0.5024570846971536,0.039095904832234456
0.45884410397946823,0.5022209518177505,0.038934944202780944
0.4586523473319962,0.5023537063352115,0.038993946332792066
0.45869903849862337,0.5023310743430537,0.038969887158322954
0.458769555485537,0.5021958002078495,0.03903464430661323
0.4588443464166366,0.5022201115036284,0.0389355420797348
0.45874034238574085,0.5022369740505455,0.03902268356371364
0.45881389666203126,0.5022217104037174,0.03896439293425136
0.45878019841401807,0.5021929852687635,0.03902681631721847
0.45876427063511677,0.5022327577589216,0.039002971605961466
0.45848886203235095,0.5025326026911998,0.038978535276449254
0.45870091501995297,0.5022157576643937,0.03908332731565307
0.4587530910562372,0.5021661808031461,0.039080728140616736
0.4588064935076707,0.5021960742367031,0.03899743225562606
0.45867236885793616,0.5023448787030298,0.03898275243903403
0.4587559447512913,0.5022012579351522,0.039042797313556185
0.45880667388704255,0.5021962054064316,0.0389971207065254
0.4588060860612492,0.5022459926895284,0.03894792124922221
0.45880650295690306,0.5022593903543834,0.038934106688713666
0.4590120962223885,0.5019346367365447,0.03905326704106675
0.45882467208415717,0.5022439524605553,0.038931375455287354
0.45861464412658587,0.5023106483914673,0.03907470748194676
0.45867076441579685,0.5023366492337442,0.0389925863504589
0.458763962023548,0.5021401464913295,0.03909589148512234
0.45881351784007146,0.5022179780023874,0.03896850415754112
0.45880438129964835,0.5021947631651321,0.03900085553521958
0.4584917270812791,0.5025297892762292,0.03897848364249144
0.4588139864979423,0.5022211020505912,0.038964911451466785
0.4586282406951297,0.502291538953189,0.03908022035168146
0.4587074615424216,0.5023289906236489,0.03896354783392972
0.4587642739064912,0.5021401430074294,0.0390955830860795
0.4587305082066813,0.5022158867564619,0.03905360503685684
0.4587231937232885,0.5023333101062434,0.038943496170467946
0.45874301794689637,0.5021668312828921,0.03909015077021135
0.45872006486809763,0.5022274804761395,0.039052454655762986
0.45879398224082685,0.5022232642194318,0.038982753539741434
0.45249918400754885,0.508882501342554,0.038618314649897074
0.4587567001664967,0.5021585787033429,0.039084721130160434
0.45790863779233604,0.5031690719483447,0.03892229025931956
0.45867299243115556,0.5022414015213256,0.0390856060475189
0.45851173884073537,0.5025508935403361,0.0389373676189286
0.45878077335117917,0.5022270294501915,0.038992197198629334
0.45860725738039254,0.5023621426885684,0.03903059993103896
0.4586231905658725,0.5023624396959769,0.039014369738150714
0.45874623047203256,0.5021807284481675,0.03907304107979996
0.45873241093706374,0.5022153840715807,0.03905220499135563
0.45874412182499474,0.5021851723867289,0.03907070578827623
0.4588264601941378,0.5022151599920319,0.038958379813829845
0.45802325544243794,0.5030355697181043,0.03894117483945795
0.45863209020505474,0.502360536070698,0.039007373724247424
0.4588128278620401,0.5022271023383529,0.03896006979960699
0.4587731082001854,0.5022291857767919,0.03899770602302259
0.4587424222802872,0.5021889544898331,0.03906862322987932
0.4586802399539399,0.5022343809477733,0.03908537909828656
0.4587615359934525,0.5021481747615946,0.03909028924495293
0.45872091648134916,0.5021998823801426,0.03907920113850812
0.45220759091546614,0.509185112692003,0.038607296392530854
0.45875947753577917,0.5021448773944458,0.03909564506977488
0.4588001712622303,0.5022576128086852,0.038942215929084534
0.45884097432692644,0.5022146146520227,0.03894441102105057
0.45873171645462335,0.5022380340282977,0.03903024951707871
0.4587550635014121,0.5021807688230016,0.039064167675586285
0.4587146689498256,0.5022571190227821,0.03902821202739224
0.45883171643625653,0.5022372313018681,0.03893105226187517
0.448818693984435,0.5126743084524323,0.038506997563132424
0.45872089815634176,0.5022263087836116,0.03905279306004669
0.4587196855801091,0.5022280693436239,0.03905224507626663
0.45850230686232885,0.5025004986671794,0.03899719447049175
0.4587434993028019,0.5021661708350299,0.03909032986216838
0.45871431546125874,0.5023223655302944,0.038963319008446864
0.4587262415009567,0.5021900239808117,0.039083734518231786
0.45881206424557464,0.5022548628562724,0.03893307289815271
0.458763640481654,0.5022114705560898,0.03902488896225612
0.45884179210017967,0.5022148880831984,0.03894331981662201
0.45873450403139837,0.5022377847640781,0.039027711204523426
0.45874766955513735,0.5022054955586511,0.03904683488621146
0.4587542886109549,0.5021636600434717,0.03908205134557334
0.45872224357268593,0.5022362451486893,0.03904151127862475
0.45880246221996324,0.5021938630385652,0.039003674741471636
0.458736496018538,0.5021894154038028,0.03907408857765938
0.458666029046902,0.5022736387835431,0.03906033216955467
0.4587343964692495,0.5022068517200697,0.03905875181068077
0.4587943057491969,0.5021920022707506,0.03901369198005258
0.45863582496744587,0.5023724181476861,0.038991756884868105
0.45882770521260546,0.502241135399307,0.03893115938808747
0.45678140782149895,0.5045825243459936,0.03863606783250744
0.39177553947076327,0.5648196243457263,0.04340483618351016
0.4587188235981297,0.5022453166868099,0.03903585971506024
0.45864416018187293,0.5023909497987297,0.038964890019397486
0.45879729675923664,0.502222328097207,0.03898037514355658
0.4587926836932824,0.5022701274045794,0.038937188902138146
0.4587903561342487,0.5021109641931196,0.039098679672631566
0.45871723106139634,0.5023339246109434,0.03894884432766017
0.4587318565498296,0.5022127213838027,0.03905542206636781
0.45877045550166484,0.502195508743969,0.03903403575436598
0.45884395286978696,0.5022213749749834,0.038934672155229666
0.4532924780888925,0.5080570593717673,0.0386504625393401
0.4587202760795308,0.5022367141036905,0.039043009816778516
0.4587061378618072,0.5022872079250178,0.03900665421317491
0.4584891371041851,0.5025197288532354,0.038991134042579416
0.45859897032302116,0.5023439922226367,0.03905703745434192
0.45873027629266805,0.5023308818125041,0.038938841894827755
0.4587050566624765,0.5022122846542394,0.03908265868328409
0.45881048075848413,0.5022000503845407,0.0389894688569752
0.4587031467617554,0.5023138583121918,0.03898299492605279
0.45877380934779105,0.5022289907541329,0.03899719989807613
0.45870410496801284,0.5022983505821956,0.03899754444979135
0.4587977436229682,0.5022618305861535,0.03894042579087809
0.4586275154492707,0.5023616287806933,0.03901085577003609
0.45877417608586535,0.5022944181276443,0.03893140578649029
0.4587548096926124,0.5022339747842319,0.03901121552315562
0.4587189687519252,0.5022293392430767,0.03905169200499829
0.45874558759032413,0.5022066739872459,0.039047738422429965
0.4587596726043059,0.5021522518529189,0.039088075542775186
0.4588068977807066,0.5022590733956839,0.03893402882360942
0.4579736097373969,0.5030352086943027,0.03899118156830035
0.4587537133548339,0.5022342349629132,0.039012051682252906
0.45847776721732075,0.5025418909248192,0.03898034185785977
0.4588235126871216,0.5022450047629344,0.03893148254994387
0.4585932399666472,0.5024222607479082,0.03898449928544461
0.4586776509532805,0.5022368594270591,0.03908548961966036
0.45854188016584063,0.5025158877763134,0.03894223205784606
0.45876818761665766,0.5021838477635164,0.03904796461982562
0.4586483510962586,0.502267327621793,0.03908432128194838
0.4587196011893598,0.502333877956699,0.03894652085394088
0.45883815941760886,0.5022302518383731,0.038931588744017934
0.45860171036850766,0.5023588939870696,0.03903939564442301
0.45873125837230316,0.5022162756286134,0.039052465999083366
0.4587571737374572,0.5021477936109924,0.03909503265155052
0.45883238585789327,0.5022143277480182,0.038953286394088356
0.45702151042225836,0.5041237133602965,0.03885477621744525
0.4587736724405826,0.5022290288768474,0.038997298682570035
0.4587253939201733,0.502238039749143,0.03903656633068347
0.45876145222213327,0.5021483617023257,0.0390901860755409
0.4587063465415377,0.5022862600592812,0.03900739339918115
0.45884408151529776,0.502216717233857,0.038939201250845226
0.4587510136294687,0.5022036989210577,0.0390452874494737
0.4588222900151957,0.5022159595309396,0.0389617504538648
0.4588065669594492,0.502196127239069,0.03899730580148195
0.4587523774795633,0.5023162341876286,0.038931388332808244
0.45880724725017075,0.5022433827253394,0.03894937002448986
0.45871844900085185,0.5022350082399095,0.039046542759238516
0.4587086368229704,0.5022769505711967,0.039014412605832834
0.4587567711151274,0.50218036157198,0.03906286731289269
0.45883405826603446,0.5022141903896892,0.03895175134427655
0.45872148139975144,0.502225559547693,0.03905295905255555
0.45879619529660604,0.5022226382315066,0.038981166471887395
0.4587939603770229,0.5022232704208646,0.03898276920211269
0.45876437673988385,0.5021406963847757,0.03909492687534049
0.4588402668295664,0.5022276020682932,0.03893213110214052
0.45871183772019797,0.5022067993605684,0.03908136291923363
0.4584879723843957,0.5025334612160307,0.03897856639957349
0.4587373124087317,0.5021889279203469,0.03907375967092126
0.458750279413111,0.502172112559823,0.039077608027066106
0.45880364063829165,0.5021943871946688,0.039001972167039524
0.45875094214917883,0.5023174335520199,0.03893162429880141
0.4587528899760162,0.5022027412177014,0.039044368806282224
0.45860218493636823,0.5023336389992418,0.0390641760643903
0.45870990847734255,0.5022083336624392,0.0390817578602182
0.4587264159427459,0.5022257380059474,0.03904784605130668
0.4587336870731141,0.5022144270511402,0.039051885875745485
0.4587100302068188,0.5023019987635234,0.03898797102965796
0.4585984169096969,0.5023486950542344,0.039052888036068795
0.4588202032098787,0.5022479456421911,0.038931851147930074
0.458706620143768,0.5022850494582944,0.03900833039793755
0.4587222045649986,0.5023335188753717,0.03894427655962973
0.4587207445366944,0.5022401626186392,0.03903909284466623
0.45877667283967183,0.502281868307729,0.0389414588525989
0.45881525439506327,0.5022175514291741,0.038967194175762575
0.45881412449929054,0.5022200596667923,0.03896581583391728
0.4586732125303178,0.5022636847367027,0.03906310273297947
0.4586142892216554,0.502363150722138,0.039022560056206496
0.45859904723958783,0.502343604372196,0.03905734838821598
0.4586935549656704,0.5022221466223399,0.03908429841198981
0.45870856128659016,0.502330263123437,0.03896117558997279
0.4588208476823132,0.5021671961031405,0.03901195621454637
0.45880056975465894,0.5021931845512916,0.03900624569404923
0.45810975539467436,0.5031055006330505,0.038784743972275125
0.4587360149411466,0.5022608301225618,0.039003154936291765
0.4588106281707492,0.5022002582301593,0.03898911359909123
0.45848577593384016,0.502535541048287,0.03897868301787267
0.4588251907766013,0.5022153887316917,0.0389594204917068
0.45877958829952165,0.5022273656996238,0.038993046000854445
0.4585997218189859,0.5023560112690818,0.03904426691193218
0.45859976064547425,0.5023560923001558,0.03904414705437002
0.45870315420537294,0.502308250158594,0.03898859563603296
0.45872415250553067,0.5022378928218305,0.03903795467263858
0.45878073802011815,0.5022789481878724,0.038940313792009566
0.4587808006507392,0.5021928709729877,0.0390263283762732
0.45872102029892003,0.5023337182433363,0.038945261457743775
0.4587564504702033,0.5022958545661016,0.03894769496369496
0.4586784989368635,0.502341885241352,0.03897961582178435
0.45884451526041764,0.5022191057559999,0.038936378983582584
0.45872073568063126,0.5023337574527529,0.03894550686661598
