0,1,2
0.45711547243968975,0.5020867251717563,0.04079780238855411
0.4570999220627367,0.5017881033296874,0.041111974607576075
0.4573201661834979,0.5014713490029069,0.04120848481359501
0.4570714916792168,0.5017741178164803,0.04115439050430298
0.4569822511434534,0.5019455680117892,0.0410721808447573
0.4569847463643689,0.5018978921365714,0.041117361499059785
0.45724264404181875,0.5017413613088801,0.04101599464930072
0.45713210965639545,0.5017869597628837,0.04108093058072076
0.4572615763057082,0.5017226274129333,0.04101579628135857
0.4572416914883616,0.5015814297193284,0.04117687879231023
0.45705409138845915,0.5019585086346393,0.04098739997690174
0.4573840560378395,0.5014457442790845,0.04117019968307618
0.4571216646443223,0.501955747482923,0.040922587872754664
0.45729827922033456,0.5016043611866472,0.041097359593018315
0.4570122720916539,0.5020289014958064,0.04095882641253984
0.45767768932446523,0.5011106491143982,0.04121166156113689
0.4571678554269273,0.5018874616243099,0.040944682948762745
0.4570739809713791,0.5019112916857598,0.04101472734286099
0.45753665403545396,0.501499441565312,0.040963904399233926
0.45722784434358693,0.5020529413774487,0.04071921427896434
0.4573271682407941,0.5021017198738784,0.04057111188532746
0.45696139897464016,0.5018359924134362,0.04120260861192344
0.457052571001496,0.5019262497948369,0.041021179203667456
0.4569811103397142,0.5019345944545299,0.04108429520575577
0.4571990212326952,0.5017666755638112,0.0410343032034936
0.456983058469619,0.5019071377892519,0.041109803741129124
0.4569957202470256,0.501849720221881,0.04115455953109325
0.4571112396693785,0.5017758887121524,0.04111287161846936
0.45767899213803326,0.5011093893563174,0.0412116185056494
0.457371440288393,0.5015695173288286,0.0410590423827783
0.45700957227066985,0.5019429682667195,0.041047459462610854
0.45697029966088765,0.5018886764187604,0.041141023920351814
0.45703392332619136,0.5017931016964268,0.04117297497738166
0.45696442166692236,0.5018895231706558,0.0411460551624217
0.45721622962832664,0.5017629587965653,0.041020811575108146
0.4572948837545427,0.5015234290247078,0.041181687220749434
0.4570138243146658,0.5019086971733226,0.04107747851201167
0.457671650183113,0.5021933962257714,0.04013495359111527
0.4570195449133429,0.501969337369926,0.04101111771673115
0.4570020849487581,0.5019564101777347,0.0410415048735072
0.4572035869367407,0.5016983227115123,0.04109809035174691
0.4575321722974673,0.5012894643556889,0.041178363346843896
0.4580603419741959,0.5036056778932946,0.038333980132509535
0.45696388385946113,0.501911998861045,0.041124117279493874
0.45230868344804115,0.4959943527223182,0.05169696382964071
0.4569564871021338,0.501887870965715,0.041155641932151266
0.45725858065663233,0.5017118424121656,0.04102957693120202
0.4570916425546563,0.5018802902107814,0.041028067234562246
0.4569364226555855,0.5018724366250874,0.04119114071932716
0.4569795034816555,0.5019322667246011,0.041088229793743325
0.45714631335780964,0.5017389602682698,0.04111472637392061
0.4571295536635017,0.5020496054104038,0.04082084092609447
0.45698469556185234,0.5019098773793528,0.041105427058795066
0.457023334547293,0.5018515032074345,0.041125162245272566
0.4570093682936197,0.5018446456151242,0.04114598609125607
0.4574156086280968,0.501480618533396,0.04110377283850705
0.4570068310701858,0.5019164200213011,0.04107674890851297
0.45717474861705043,0.5016059329080483,0.041219318474901186
0.45698120655696683,0.5018768904378345,0.0411419030051988
0.4571867799597219,0.501693966951936,0.04111925308834198
0.4574603501373829,0.5014209392026185,0.04111871065999855
0.4573331201208773,0.5017676432897561,0.04089923658936668
0.4570699875144173,0.5020334802403792,0.040896532245203586
0.45701601523459245,0.501897382204082,0.04108660256132556
0.4570165556731701,0.5018844352790328,0.04109900904779695
0.45696845975897615,0.5019129998166912,0.04111854042433271
0.45736894935769395,0.5015570900220089,0.041073960620296904
0.45711120914595105,0.5019928586084913,0.040895932245557785
0.4573069014856183,0.5015052498886714,0.041187848625710295
0.4570217138608575,0.5019901780992865,0.04098810803985615
0.45784754230205715,0.5013656579628047,0.04078679973513808
0.4572896573756555,0.5015554160472843,0.04115492657706011
0.4575542906755735,0.501236479372298,0.04120922995212862
0.4572283025668998,0.5016332739050298,0.04113842352807055
0.45734162703963643,0.5016974109333651,0.040960962026998435
0.45689591049034106,0.5018658427667382,0.04123824674292065
0.4571797370120399,0.5016892044671093,0.04113105852085084
0.4573508568225632,0.5014853774253755,0.04116376575206142
0.4571154013632201,0.5017261417095573,0.04115845692722239
0.45748392408507094,0.5013152166250082,0.04120085928992072
0.4569591288558678,0.5019052368910351,0.041135634253097256
0.4576136991699516,0.5013032608760687,0.041083039953979696
0.4602803188661446,0.5060318974668867,0.0336877836669684
0.4569966981547152,0.5018052212309034,0.041198080614381016
0.4573263279709114,0.5015178739306495,0.041155798098438764
0.4570276168176052,0.501908411947157,0.04106397123523819
0.45716623489172076,0.501753629258416,0.04108013584986301
0.45701229252775116,0.5018151662527869,0.04117254121946186
0.45713234156549165,0.5017832527919802,0.041084405642528056
0.45704646006040406,0.5018452311732857,0.041108308766310254
0.45699681650019763,0.5018972712074972,0.041105912292305154
0.4572649054707216,0.5017338712754995,0.04100122325377872
0.45995509949453345,0.5054981398840044,0.034546760621462176
0.4574929896861852,0.5014074904159496,0.041099519897865214
0.4574983120728986,0.5013398029655763,0.04116188496152512
0.4576401106075458,0.5013528853717379,0.04100700402071641
0.4574588687539055,0.5013354418700562,0.04120568937603839
0.45699821009620156,0.5018434846798505,0.0411583052239481
0.45702710779322164,0.501870917469479,0.041101974737299415
0.45720892874641866,0.5017491735412892,0.041041897712292254
0.4572085629002608,0.5017326586566236,0.041058778443115576
0.4570114701024514,0.5018644309684838,0.04112409892906442
0.45699009168704513,0.5019531251993646,0.04105678311359025
0.4569756462864734,0.5019310613061416,0.04109329240738485
0.4575145354110113,0.501308467365487,0.04117699722350146
0.4569894915588557,0.5019710809580612,0.04103942748308309
0.45709656348969235,0.5020114378100747,0.040891998700232815
0.45697350435533074,0.501889179166382,0.0411373164782873
0.4569858532846391,0.5019104139178475,0.04110373279751323
0.45829305525619773,0.503383298388359,0.03832364635544329
0.45694909333703765,0.5018660192092862,0.04118488745367613
0.45723995318268634,0.5018878440710481,0.040872202746265435
0.4570631815840671,0.5019412877640151,0.040995530651917834
0.45700309388551835,0.5019541677599116,0.041042738354569994
0.4570196842733184,0.5018708740954697,0.04110944163121177
0.4570489548957292,0.5017890887721165,0.041161956332154116
0.4570577678354513,0.5019423492092617,0.04099988295528711
0.4569497737319193,0.5018658710032274,0.041184355264853326
0.45698434208895045,0.5019082119396805,0.04110744597136904
0.45705917405568924,0.5018433509244081,0.041097475019902435
0.4570150537280868,0.5017978650141348,0.0411870812577785
0.4569535120654862,0.5018769235580879,0.04116956437642599
0.45717628315867925,0.5016967004474921,0.041127016393828465
0.45704649272629244,0.5018476643521557,0.04110584292155198
0.4571430540188208,0.5019256385808525,0.04093130740032681
0.45706826215176255,0.5020544073152384,0.04087733053299898
0.45693621675170626,0.5019281845842541,0.04113559866403929
0.45757134606977895,0.5013686054073577,0.041060048522863636
0.4571458844172444,0.5018974973272458,0.040956618255509905
0.45699434589308097,0.5019256562144622,0.041079997892456595
0.45709925699094195,0.5018892988239717,0.041011444185086364
0.4573489380033521,0.5016197277910828,0.04103133420556517
0.45702229725185867,0.5019843993252336,0.040993303422907794
0.4573152969671302,0.5014902488789459,0.041194454153923754
0.45761746605003667,0.5013294695655768,0.04105306438438646
0.45732372142144534,0.502259980339368,0.04041629823918668
0.4571844519148041,0.5016606153191884,0.0411549327660072
0.4574994322728296,0.5014014652807263,0.04109910244644434
0.4570965210495195,0.501774325696067,0.04112915325441346
0.4572284683840178,0.5015936384973773,0.04117789311860509
0.45715300694046773,0.5017213282111888,0.04112566484834358
0.45706484389515334,0.5018127778097095,0.04112237829513698
0.4569517104098621,0.5018532872615769,0.04119500232856098
0.4569631959859884,0.501953292465143,0.04108351154886849
0.45743903072600034,0.5014370349576868,0.041123934316312914
0.4569353603875366,0.50188712141787,0.04117751819459349
0.4569669347718843,0.5018809312216058,0.04115213400650972
0.45705138691458086,0.5018285326139382,0.04112008047148073
0.45697701949164843,0.5019233547240496,0.04109962578430207
0.4570498905534747,0.5018326875815526,0.04111742186497249
0.4569060702231942,0.5018567119448859,0.04123721783191997
0.4574059460882823,0.5016625672479779,0.04093148666373985
0.45727903464616765,0.5015810922123805,0.04113987314145172
0.4574472153248179,0.5016528437685888,0.04089994090659332
0.4571173213337657,0.5018397953865824,0.04104288327965203
0.45710624515891596,0.5017834299227789,0.04111032491830515
0.4569631386625558,0.5018453965786345,0.04119146475880965
0.45701367206507537,0.5018859759172822,0.04110035201764241
0.45695729226821263,0.5018654550314741,0.04117725270031332
0.45698687356381484,0.5019277861137984,0.041085340322386546
0.45704725958657266,0.5017815335903059,0.041171206823121476
0.4570141985106709,0.5018880738776946,0.041097727611634584
0.45700742165070946,0.5018750419874325,0.04111753636185802
0.4570347465991308,0.501789785643759,0.04117546775711039
0.4570145456654755,0.501890999264531,0.0410944550699934
0.4571088791845172,0.501749581368108,0.04114153944737447
0.45714936202368334,0.5018311157854378,0.0410195221908789
0.456976477045628,0.5018166901215181,0.041206832832854166
0.4577799267506762,0.5011661226229557,0.04105395062636821
0.45763942062373336,0.50133722140166,0.04102335797460687
0.4570056381799923,0.5019279126636584,0.04106644915634938
0.4571399282673477,0.5018794273189043,0.04098064441374794
0.4574301336669082,0.5015471036969412,0.04102276263615059
0.45706175226309403,0.5019451806652593,0.04099306707164687
0.45696306853499036,0.501876302702966,0.041160628762043634
0.45720986733265445,0.5019132191873348,0.04087691348001093
0.4571739492117739,0.5019277669151798,0.04089828387304613
0.45734718759132187,0.5015598948396147,0.041092917569063483
0.45714357109676274,0.5018759686428211,0.040980460260416136
0.45715729782106423,0.501805577274548,0.04103712490438773
0.4575214128048406,0.5021092276919528,0.040369359503206526
0.4570267494820651,0.5019728937055989,0.04100035681233582
0.4574016776052449,0.5014131807450563,0.04118514164969887
0.4571843240176028,0.5016280641815152,0.041187611800882214
0.45720217674991054,0.5017537536850194,0.04104406956506991
0.457005117476422,0.5019012721014477,0.04109361042213024
0.45701138220016535,0.5019268776642997,0.04106174013553512
0.4570661089355503,0.501800139368185,0.04113375169626474
0.4572444144292556,0.5020746376338168,0.04068094793692755
0.45713737307488644,0.501779794215696,0.04108283270941788
0.4575524317296236,0.5017350084506071,0.04071255981976908
0.4572021707477459,0.5019978161707223,0.04080001308153204
0.45708773472719366,0.501908585771307,0.04100367950149958
0.4575726223114846,0.5012562050098431,0.04117117267867242
0.45708811829110707,0.50179468588792,0.04111719582097323
0.4575439757305442,0.5012478951769355,0.041208129092520106
0.45745185935724414,0.5014305698712088,0.041117570771547096
0.4569518743466231,0.5018752045925922,0.04117292106078496
0.4569838693550524,0.501887145966501,0.041128984678446535
0.4383608640533153,0.48581229902382533,0.07582683692285945
0.4576314780937251,0.5012650303242967,0.04110349158197835
0.45733095945226077,0.5025129841257998,0.040156056421939396
0.4569765166961003,0.5019318588256884,0.04109162447821135
0.4572209073705081,0.5016345539819546,0.04114453864753733
0.45763921754672704,0.5013044587832396,0.04105632367003322
0.45703487148149075,0.5019064089171381,0.04105871960137125
0.45697853857253,0.5019063917888439,0.04111506963862614
0.45696085972535827,0.501894480971175,0.04114465930346671
0.4570460625582947,0.5020377951850448,0.0409161422566604
0.4570496943674392,0.5018460578667981,0.04110424776576255
0.45712408975324414,0.5017817310375491,0.041094179209206834
0.4569755681365746,0.5019311768152742,0.041093255048151124
0.4570073292920489,0.5018619107334295,0.04113075997452146
0.45698246783745633,0.5018863603445866,0.04113117181795722
0.4569731798858771,0.5018880828811698,0.041138737232952964
0.45710959166835496,0.5016997641112972,0.04119064422034787
0.4571667922393635,0.5021369910671558,0.04069621669348063
0.45783881396540665,0.5011341871793882,0.041026998855205506
0.4570637592765167,0.5017601019228709,0.04117613880061264
0.4573928145128306,0.5014856320203877,0.0411215534667818
0.45708533434325777,0.502030199646723,0.04088446601001919
0.45758727349445794,0.5011960004132361,0.04121672609230602
0.45718719293006677,0.5016765955633513,0.041136211506582025
0.4575243858222547,0.5012982713904581,0.04117734278728707
0.45780691501218357,0.5023887656304036,0.039804319357412826
0.45713062270077115,0.5019296955479948,0.04093968175123396
0.4569913972972984,0.5019049232786646,0.04110367942403666
0.45703269933977675,0.502005432677546,0.04096186798267694
0.45724646654028284,0.5017232588505297,0.0410302746091875
0.45722030389519447,0.5017400985087022,0.04103959759610319
0.45697160162212724,0.5018874166847133,0.04114098169315937
0.457006337198227,0.5019352295280864,0.0410584332736868
0.45704428307025075,0.5018470395927345,0.04110867733701472
0.4569465174993243,0.501835258909097,0.041218223591578534
0.4576197986801131,0.5028534155797764,0.039526785740110586
0.4571647484186216,0.5016867544927874,0.04114849708859089
0.45698395316699436,0.5019165315743007,0.04109951525870489
0.4569775443564736,0.5019121481520565,0.041110307491469864
0.4570210431358756,0.5018621426247234,0.041116814239401195
0.45702826959520854,0.5019041780168025,0.04106755238798883
0.4569910759186737,0.5018753594843159,0.04113356459701014
0.4569751860786099,0.501926046652422,0.04109876726896823
0.45719333690723896,0.5017137850828219,0.041092878009939125
0.4570310491243855,0.5020088352413671,0.04096011563424762
0.457333664755461,0.5015653720954542,0.041100963149084804
0.45712389747268234,0.5021289007368125,0.040747201790505214
0.4575709613467553,0.5013754846829614,0.04105355397028322
0.4570699703518801,0.5017533184563938,0.04117671119172619
0.4570464116320965,0.5017686765987983,0.041184911769105256
0.4569193211817793,0.5017277220439197,0.04135295677430086
0.457114486982558,0.5016978039256046,0.0411877090918372
0.45712777977773733,0.5017835324113495,0.04108868781091286
0.4574978339703404,0.5020633069280563,0.040438859101603296
0.4574641979934779,0.5014224601160229,0.041113341890499276
0.4569988134097016,0.5018583104380279,0.04114287615227053
0.4569826002682275,0.5019329713093879,0.04108442842238434
0.45725841146767265,0.5017336928776815,0.041007895654646055
0.45697004088006377,0.5018938188040363,0.041136140315899856
0.456983357422155,0.5019120876242738,0.04110455495357112
0.4573578619866734,0.5014408004599578,0.04120133755336885
0.4573353828384717,0.5017700034386167,0.04089461372291141
0.4569867802251007,0.5019545405979843,0.04105867917691502
0.45700468072766876,0.5018447557176132,0.04115056355471809
0.45696832699715506,0.5019216865838838,0.041109986418961124
0.45705254695347686,0.5017905184577259,0.04115693458879722
0.45706408233219437,0.5018878888505698,0.04104802881723574
0.4569390280097953,0.5018779519984771,0.04118301999172763
0.4570127271347378,0.5018691801351511,0.04111809273011087
0.4571181310579881,0.5017955591957612,0.041086309746250285
0.45733644333207624,0.5016595703335127,0.0410039863344109
0.4572765791644946,0.5022527696372054,0.04047065119829987
0.45711757921205765,0.5018651996713032,0.04101722111663894
0.45715617284226223,0.5019481909020418,0.040895636255696206
0.4572383221148982,0.5015815490062966,0.0411801288788052
0.45707988937482824,0.5019443532650069,0.040975757360164775
0.457031932297639,0.501900558418409,0.041067509283951996
0.4570151248963304,0.5019749467979283,0.04100992830574132
0.457009904697591,0.501883092823659,0.04110700247875013
0.45700110889251944,0.5018379817723845,0.041160909335095856
0.45697187802480166,0.5019137099877066,0.041114411987491745
0.45704013717117625,0.5018247711009446,0.041135091727878985
0.45706257453002347,0.5018522268142125,0.04108519865576403
0.4571783492296719,0.5017629459117644,0.04105870485856377
0.4570430731133221,0.5017857366214247,0.04117119026525294
0.4578945478934764,0.5010047588168157,0.04110069328970773
0.4569588034189157,0.5019013650294368,0.04113983155164722
0.45726747301098053,0.5015662369073695,0.04116629008165004
0.4570255556029809,0.501909715257653,0.04106472913936598
0.4572148431558008,0.5017821485456426,0.04100300829855645
0.4574459769588094,0.5019314022407085,0.040622620800482026
0.45717190340187147,0.5017523114846488,0.041075785113479736
0.4569921363780939,0.5019359353673097,0.04107192825459649
0.45716658016017014,0.5017930654991963,0.04104035434063361
0.457002578341037,0.5018861759372804,0.0411112457216826
0.4574533213521463,0.5013488369992017,0.0411978416486519
0.4573913825466642,0.5028013062160401,0.03980731123729567
0.4577431910659167,0.5012526802008572,0.041004128733226126
0.456914591114903,0.5019448667978583,0.04114054208723849
0.45739269955253126,0.5015511341038814,0.04105616634358758
0.45716993644911974,0.5021040608790374,0.04072600267184313
0.45719864840773944,0.5022622619386414,0.040539089653618965
0.4573254094427677,0.5014838824439631,0.04119070811326903
0.45734281197606064,0.5015629504852886,0.0410942375386506
0.4572617144125106,0.5016722187013053,0.04106606688618389
0.45729078859611466,0.502270146273782,0.040439065130103494
0.45707652236361895,0.5018285242828991,0.041094953353481824
0.4570431146764978,0.5019148018968757,0.04104208342662666
0.456986539924027,0.5018483636407515,0.041165096435221676
0.4569340215000888,0.5018460875036244,0.04121989099628685
0.457004208902699,0.5018662187833139,0.04112957231398686
0.457693018332524,0.5012683748327448,0.041038606834731164
0.4569608160845859,0.501867799655859,0.041171384259555244
0.4571093465338038,0.5017834468684339,0.04110720659776234
0.4570613736569023,0.5017468051282311,0.04119182121486669
0.45721148381515014,0.5022813764769567,0.04050713970789326
0.45696293374833713,0.5018650555488502,0.04117201070281277
0.45736930040539064,0.5016281399037159,0.04100255969089361
0.45751996708436365,0.5013311763252953,0.04114885659034112
0.457048894223651,0.5018589497876166,0.04109215598873223
0.45704184326845454,0.501814625785195,0.04114353094635039
0.45712341280663993,0.5018195031672624,0.04105708402609755
0.45853386423037223,0.5035599292862177,0.03790620648341009
0.4572092359097217,0.5011742382613393,0.041616525828938856
0.457014399406415,0.5018578982654319,0.04112770232815309
0.45749709782882014,0.5013830576842087,0.04111984448697128
0.45710759064411244,0.5015818057231527,0.041310603632735005
0.4570043646151857,0.5019684190923065,0.04102721629250798
0.4569949719857378,0.5018971633942416,0.041107864620020376
0.45702376583576565,0.5018806663332148,0.04109556783101967
0.4575036489199161,0.5023710947201622,0.04012525635992176
0.45710403803200994,0.5020098536401816,0.04088610832780853
0.45737898270118615,0.5015034336287889,0.041117583670024924
0.45706119872138623,0.5018725654993589,0.04106623577925461
0.45693754947529264,0.5018459514325515,0.04121649909215603
0.4569091626182729,0.5018627260968416,0.041228111284885564
0.45699366314490203,0.5019273431695171,0.041078993685580836
0.45700713398075354,0.5019005969329773,0.041092269086269104
0.4571914776933819,0.5016254358855329,0.04118308642108522
0.45720264636569086,0.5017160936198559,0.04108126001445335
0.4571503289948559,0.5021319393734014,0.040717731631742804
0.45696284636034135,0.5017509931582137,0.04128616048144482
0.4572074063270604,0.5016973512937062,0.041095242379233274
0.45698317605236527,0.5018932447604166,0.041123579187218
0.45757837155793807,0.5026297510504809,0.03979187739158124
0.4571286260793672,0.5018624594070573,0.04100891451357551
0.45714522211159525,0.501843761834804,0.04101101605360072
0.4573792821781911,0.5016172506099627,0.04100346721184618
0.4577013844288555,0.5012611138205617,0.04103750175058278
0.45722157679171216,0.5016839886078294,0.04109443460045836
0.45706617502694147,0.5018189243850859,0.04111490058797265
0.45698978343078883,0.5018299310549482,0.041180285514263004
0.4570632028675366,0.5019329769124679,0.041003820219995366
0.4572492868062228,0.5020696695135278,0.040681043680249405
0.45718230168522594,0.5022022074816754,0.040615490833098615
0.45716051375891037,0.5018049207039672,0.04103456553712219
0.4570522649792422,0.5018395647189478,0.04110817030181011
0.45703738794497767,0.5018257527042816,0.04113685935074075
0.45701279996203387,0.5018351428691055,0.041152057168860716
0.45691790549184846,0.5019551592720294,0.04112693523612229
0.45812292574114455,0.5033675640061919,0.03850951025266341
0.4573656835409923,0.5015177308058676,0.04111658565314028
0.4570384211587744,0.501845792385283,0.04111578645594245
0.45711440023156924,0.5018057452828705,0.041079854485560355
0.4569752880323717,0.5018079136276739,0.041216798339954216
0.4571435126614016,0.5016969323600448,0.04115955497855368
0.4572308623180963,0.5016266790955919,0.04114245858631197
0.4575497297513086,0.5012529027201202,0.04119736752857114
0.4570585557203756,0.5018331872669362,0.041108257012687985
0.45698987793509854,0.5018115698707311,0.041198552194170436
0.4570597675335,0.5019420932583822,0.04099813920811763
0.4569549828902786,0.5018819405843447,0.04116307652537716
0.4570234354307443,0.5018107154483503,0.041165849120905276
0.4570031696837885,0.5019260786415732,0.04107075167463836
0.4570131272233257,0.5018609649729875,0.041125907803686995
0.45700109309370596,0.501971008374332,0.041027898531961884
0.45705155273939524,0.5017717407553784,0.04117670650522637
0.45708623383297275,0.5017896853658637,0.04112408080116348
0.45707980988034086,0.5018219325657755,0.04109825755388356
0.4570678246148314,0.5018895017258213,0.0410426736593472
0.4570187627714505,0.5019156411400603,0.04106559608848913
0.45856277955378694,0.5041009818040908,0.037336238642122044
0.4571393844033408,0.5020139024532805,0.04084671314337873
0.4569990691864804,0.5019196038762566,0.041081326937262984
0.45696738961881594,0.5018983765924718,0.04113423378871202
0.45972220909631845,0.505552003110367,0.034725787793314644
0.4569805521630792,0.5018030872138511,0.041216360623069784
0.45722062244425205,0.5015370318911505,0.04124234566459768
0.45700135257926,0.5018456508149757,0.04115299660576453
0.45699014660392695,0.5018548471094849,0.04115500628658805
0.45695261200736975,0.5018805467438996,0.041166841248730435
0.4570182153258873,0.501978095398771,0.04100368927534165
0.4570682938927246,0.5018612069849384,0.041070499122336915
0.45707232583062274,0.5019377087401888,0.04098996542918819
0.45703925318091504,0.5018304924426606,0.04113025437642428
0.4570727949879996,0.5018202613350372,0.04110694367696316
0.4569839449694991,0.501902741705309,0.041113313325191775
0.4571329095731782,0.5023192962662475,0.04054779416057444
0.45710403445039144,0.5017656368272089,0.04113032872239966
0.4570613944909702,0.501943166601461,0.040995438907568856
0.4570362364382746,0.5019006377713673,0.04106312579035806
0.4569691918053662,0.5018365308833396,0.041194277311294276
0.4570022535918859,0.5019840930863514,0.04101365332176285
0.457079720710267,0.5020106557244005,0.04090962356533256
0.4572747959707271,0.5016037182420656,0.0411214857872071
0.4570440030902943,0.5018868457412066,0.041069151168499
0.44413024230347115,0.48942852945013565,0.06644122824639327
0.4569605521435827,0.5019009271268541,0.04113852072956323
0.4578001760463126,0.5011949118975555,0.04100491205613212
0.4575392063718005,0.5013476760656436,0.041113117562555965
0.45695283278745336,0.5019071481992194,0.04114001901332754
0.4571496610716814,0.5020149798667943,0.04083535906152422
0.456942410702407,0.5018679287298243,0.04118966056776886
0.45696341082787806,0.5018695116897454,0.04116707748237644
0.4569743088656657,0.501909725008353,0.04111596612598121
0.4569850209401072,0.5018898284376072,0.0411251506222857
0.45708786898371906,0.5017537934855307,0.04115833753075036
0.4576043776868609,0.501355306524555,0.04104031578858405
0.45720766171691835,0.5016467523421342,0.04114558594094744
0.45755203544842366,0.5012299401593592,0.04121802439221704
0.45780879202043206,0.5038124798685502,0.03837872811101776
0.45694534299557155,0.5018635834432569,0.041191073561171763
0.45700631795166796,0.5019632137885354,0.041030468259796456
0.45764887101639395,0.5015717394103519,0.040779389573254304
0.4574042031006961,0.5014894540901879,0.041106342809115855
0.4570980551019267,0.5017477628381258,0.04115418205994747
0.4570349417852453,0.5018637727930039,0.04110128542175107
0.4569860681725548,0.5019336379705048,0.041080293856940474
0.45700705952885384,0.501972850015814,0.041020090455332135
0.45701635646063815,0.5018583703986905,0.04112527314067101
0.4573888472978511,0.5016620124134106,0.040949140288738306
0.45774881908258924,0.5028272012771638,0.039423979640246916
0.4570791514600867,0.5020296544412528,0.04089119409866029
0.4572004384142643,0.5022310177552121,0.040568543830523676
0.45700728049795164,0.5019015733022875,0.04109114619976099
0.4571809436115919,0.5017787561573261,0.04104030023108188
0.4570644044318982,0.5017950552074747,0.04114054036062705
0.4569983219189571,0.5018574729905309,0.041144205090512274
0.4570594287173314,0.5018686880831204,0.0410718831995484
0.4571031175766057,0.5020294025034451,0.0408674799199491
0.45743484169082593,0.5014452699550369,0.041119888354137296
0.4576707235817173,0.501295203160387,0.041034073257895605
0.45694991258655976,0.5019248060401125,0.04112528137332773
0.45749402081100765,0.5013798468383748,0.041126132350617614
0.45715507951457973,0.501747927812217,0.04109699267320315
0.45720092083021446,0.5018175333499862,0.04098154581979946
0.4569468838991507,0.5019096261592889,0.04114348994156022
0.4572356549724591,0.5016628200865425,0.04110152494099832
0.45834053629388055,0.5037715737513885,0.037887889954730934
0.45752918085373395,0.501315672726774,0.04115514641949213
0.45723348510662765,0.5021813999462221,0.040585114947150204
0.4573243875373353,0.502245087030357,0.040430525432307664
0.457267092441885,0.5018365954461149,0.040896312112
0.45699254014884405,0.5019534648035935,0.0410539950475625
0.4572766318541327,0.5016298558810031,0.041093512264864206
0.45720747031446096,0.501872819264243,0.04091971042129612
0.45727162832201623,0.5016142247044867,0.041114146973497134
0.45709869918813867,0.5017725559515568,0.041128744860304434
0.45702713756356267,0.5019884373514691,0.04098442508496816
0.4572975830907661,0.5025200118824303,0.04018240502680349
0.4571650409602865,0.5017738500452349,0.041061108994478485
0.4573129726689347,0.501537721114385,0.04114930621668023
0.45721225963966017,0.5019049382808054,0.04088280207953438
0.4575506070810471,0.5013118685961554,0.0411375243227978
0.4571599435927415,0.5018263361446761,0.04101372026258256
0.4585707668603419,0.5040870703508468,0.03734216278881123
0.45702912431869397,0.5018917914733749,0.041079084207931264
0.4571774947399865,0.5021642948797674,0.040658210380246085
0.4569925500063235,0.5019973166603975,0.04101013333327895
0.4572645058274566,0.5015734548236063,0.04116203934893696
0.4571044159165498,0.5018019295151471,0.041093654568303016
0.4571444621374318,0.5018104485302991,0.04104508933226911
0.45705638888419153,0.5017914549279079,0.041152156187900926
0.45702124090828844,0.5018794374041128,0.04109932168759888
0.45707932860458333,0.5018307006835291,0.041089970711887816
0.4569324267849696,0.5018409120948643,0.041226661120166264
0.4572079711152641,0.5016874302634353,0.04110459862130062
0.4569795956899626,0.5019151758384826,0.0411052284715548
0.4569407884101157,0.5019402343804483,0.04111897720943572
0.45840131467643136,0.5035616686055683,0.0380370167180002
0.45716142926953546,0.5019344521599368,0.04090411857052766
0.46046316003697396,0.5061136287811796,0.033423211181846275
0.4573679308771643,0.5023216607540106,0.0403104083688248
0.45872944486815465,0.5039571104153717,0.037313444716473625
0.45731550779194174,0.501600588659304,0.041083903548754346
0.4573291857658571,0.5016537717187809,0.041017042515362055
0.4573547216137976,0.5015567355524218,0.04108854283378076
0.4573560261284766,0.5016630836315051,0.040980890240018115
0.4574435323745025,0.501500746332531,0.04105572129296628
0.4575100058932363,0.5013296651857124,0.041160328921051405
0.45699712870984377,0.5018606768210461,0.04114219446911008
0.4570993852414226,0.5020459198485147,0.040854694910062474
0.4570240948476818,0.5018577641696652,0.04111814098265294
0.45696306744494514,0.5019260055576404,0.04111092699741439
0.457025082868305,0.5018328641661342,0.04114205296556103
0.4570521720510458,0.5018549754064023,0.041092852542551704
0.4570220588366334,0.5018976481679261,0.04108029299544074
0.4575603116515782,0.5012440867049847,0.04119560164343708
0.4569894757927893,0.5019526487211321,0.04105787548607852
0.457158945542262,0.5017573201596642,0.04108373429807352
0.45721096364861474,0.5017447794659858,0.041044256885399456
0.45715678072311433,0.5017743725559196,0.04106884672096581
0.45707256130286555,0.5018918460321579,0.04103559266497663
0.45745117129452395,0.5014640125272719,0.04108481617820417
0.4575620509866922,0.5019107900145956,0.04052715899871222
0.45731228533282686,0.5023414598374679,0.04034625482970538
0.45719325825996565,0.5019617473669102,0.0408449943731241
0.4569676441291767,0.5018413515494615,0.04119100432136187
0.457176784032298,0.501789164493484,0.04103405147421808
0.4570869829731047,0.5017925158487296,0.04112050117816563
0.4571609126544868,0.501813209413351,0.04102587793216243
0.4569968639349545,0.5019295136708233,0.041073622394222485
0.4572514382335977,0.5019760212683532,0.040772540498049285
0.4577563983921655,0.502826745682055,0.039416855925779634
0.45683004882878264,0.5019569904108075,0.0412129607604098
0.45716330356122337,0.5022706072837098,0.04056608915506688
0.45783100225517803,0.5012003942335326,0.04096860351128947
0.45757951452300577,0.5013120649430356,0.041108420533958474
0.45691706857163455,0.5018494594393335,0.04123347198903208
0.4570096825724095,0.5018791086870277,0.04111120874056281
0.45702498214123666,0.501795659476406,0.041179358382357284
0.4569667378328518,0.5018897402127686,0.04114352195437983
0.45699466233814173,0.5019360971186367,0.04106924054322131
0.4572339479252996,0.5018946436953214,0.04087140837937883
0.4572622225358805,0.5018771617916281,0.040860615672491135
0.45700849832480206,0.50191060098778,0.041080900687418015
0.45711958951843107,0.5019248763739498,0.040955534107618964
0.45701831130763865,0.5018784578186778,0.04110323087368339
0.45698383716727475,0.5018889336637053,0.04112722916901987
0.4570570709864072,0.5017639244683043,0.04117900454528854
0.4569567981915279,0.501897031404564,0.041146170403908035
0.4571957806921713,0.5016797580792911,0.04112446122853781
0.4572475876452186,0.5024810535365649,0.04027135881821659
0.4573924518882286,0.5014703549113669,0.04113719320040464
0.4570452692511735,0.501792853692071,0.04116187705675529
0.4569339324739125,0.5018665922285693,0.0411994752975182
0.45700805660028126,0.5020284384573656,0.040963504942353166
0.45718326602423476,0.501682264315742,0.041134469660023196
0.4570952834472069,0.5018666367508199,0.0410380798019733
0.4570619474985967,0.5018268104910455,0.04111124201035789
0.45714186894686815,0.5017705850942749,0.04108754595885683
0.45707211518899293,0.5020723057792088,0.04085557903179827
0.4570684932932668,0.5019452929837019,0.04098621372303137
0.4572290542976933,0.5017027433609625,0.04106820234134419
0.45989940979859145,0.5055452122654981,0.0345553779359106
0.456993319583347,0.5018626052843607,0.041144075132292145
0.45694079214153854,0.5018716755077379,0.04118753235072382
0.4572908646176377,0.5023495478472726,0.04035958753508979
0.4569545937412981,0.5019008597705296,0.04114454648817225
0.45702331190644846,0.501900327400595,0.041076360692956636
0.45705205652278885,0.501877503824177,0.04107043965303409
0.4577213926155807,0.5011290463252029,0.04114956105921622
0.45823251331164555,0.5035266027650249,0.03824088392332972
0.4570741295644618,0.5019589876167234,0.040966882818814776
0.45720739389229303,0.5023692929550109,0.04042331315269583
0.4570312913117852,0.5019529699055264,0.04101573878268841
0.457132817588762,0.5018184263690135,0.04104875604222469
0.4569462747770774,0.5018713459916937,0.04118237923122911
0.4569885707166501,0.5018082664286531,0.041203162854696884
0.4570003887723304,0.5019482458466474,0.04105136538102228
0.4569954483135331,0.501894751290243,0.0411098003962237
0.45718924051220483,0.5017764381128214,0.04103432137497377
0.4567333213285869,0.5016476719359889,0.04161900673542433
0.4574328909351089,0.5015923149992729,0.04097479406561818
0.45709328542028504,0.5020852159340548,0.040821498645660204
0.4574258922140426,0.5015559122532433,0.041018195532714144
0.45754108943729876,0.5013807279037474,0.04107818265895367
0.45698229929658496,0.5019004358774092,0.041117264826005986
0.4569419548181068,0.5018861314748447,0.041171913707048584
0.45703175979728494,0.5019041570994525,0.04106408310326275
0.45695708051762873,0.5019001095575873,0.041142809924783856
0.4570185240763636,0.501902549201006,0.04107892672263028
0.45722449067560333,0.5021886396155043,0.04058686970889217
0.4572612488744738,0.5015136222449477,0.04122512888057844
0.45695728487045795,0.5018934208602355,0.04114929426930647
0.457668379406794,0.5013169885286083,0.04101463206459762
0.45707681013740037,0.5019138386966157,0.04100935116598404
0.4571381821229737,0.5017880738279032,0.041073744049122694
0.45697291771335247,0.5019271701011144,0.04109991218553306
0.45698143149104875,0.5018896987178629,0.041128869791088304
0.457000118895121,0.5019003103195421,0.04109957078533724
0.4573051209652082,0.5017653192845735,0.040929559750218336
0.45718898827614396,0.5019596150485239,0.04085139667533208
0.45749852658801093,0.5019765030054479,0.04052497040654114
0.4572622111578494,0.5017802149961377,0.040957573846013125
0.4573142775594853,0.5017804187028687,0.040905303737645844
0.4574879024246032,0.501304923269749,0.04120717430564759
0.4572706616258631,0.5022455636956344,0.040483774678502726
0.4572601625187716,0.5015435125352501,0.04119632494597834
0.45699102967262367,0.5019874062620011,0.04102156406537528
0.45699365350092713,0.5019255368222236,0.04108080967684942
0.4571888849048983,0.5017688931882137,0.04104222190688788
0.45710640837769634,0.501820840633565,0.04107275098873848
0.45715795760254857,0.5017489558284314,0.04109308656901996
0.45713396008652063,0.5020795093379861,0.04078653057549319
0.4569385404109033,0.5018473226358303,0.04121413695326659
0.45701235943105284,0.5021278074384704,0.04085983313047668
0.45702925962729474,0.5020286626031132,0.04094207776959202
0.45692689228795197,0.5018865048454602,0.04118660286658799
0.45702402618930554,0.5018690866782635,0.04110688713243115
0.45765614037808033,0.5012277716283742,0.041116087993545374
0.4574271680537963,0.5014432061577092,0.04112962578849433
0.45734934542862415,0.5014894107580014,0.04116124381337463
0.45769446202121955,0.5012881113686116,0.04101742661016888
0.4570061434189271,0.5019336023896547,0.0410602541914183
0.45755983941048395,0.5012507633782641,0.04118939721125215
0.4572097747106933,0.5021119731872086,0.040678252102097905
0.45744764386697095,0.501491496595817,0.04106085953721192
0.4573599225608559,0.5015849753425518,0.041055102096592286
0.4569591862677199,0.5019035332046068,0.041137280527673535
0.45712054681363046,0.501996988837687,0.04088246434868273
0.45717656001819434,0.5017954249184617,0.041028015063343845
0.4571479143408887,0.501689376660039,0.04116270899907209
0.45701039825455897,0.5019231659869647,0.04106643575847641
0.45704635655868453,0.5019388813491646,0.04101476209215096
0.4571854031542253,0.5017707178217852,0.04104387902398942
0.45712060918147285,0.5017855655843474,0.04109382523417979
0.4573558534699064,0.5018968300030853,0.0407473165270083
0.4570985715661384,0.5020379352589136,0.04086349317494794
0.45712384521294086,0.5020619890048592,0.04081416578219971
0.4571562439559093,0.5017831987588348,0.0410605572852559
0.4571299050520197,0.5017807701010673,0.04108932484691292
0.4569482034112048,0.5018724518604132,0.041179344728381986
0.4569898567108946,0.501812743780872,0.04119739950823344
0.45697004399800045,0.501931573412564,0.04109838258943553
0.4570109041391409,0.501880797649529,0.04110829821133015
0.457149119278634,0.501660333482522,0.04119054723884408
0.4572069902216223,0.5016641498765398,0.04112885990183783
0.4570959938495897,0.5018005885088709,0.04110341764153925
0.45761471143690796,0.501330351712262,0.041054936850830184
0.456985162220511,0.5019172450202717,0.04109759275921724
0.4570123249322148,0.5019630147644941,0.041024660303290966
0.4570106583065796,0.5019227732010638,0.041066568492356535
0.45746461601570954,0.5014083644810388,0.04112701950325158
0.4575277868572375,0.5013953559204827,0.04107685722227957
0.4569527457209445,0.5019005934373001,0.041146660841755105
0.4570205998318092,0.5019802440615467,0.04099915610664398
0.45706865370357763,0.5020080876018992,0.040923258694523415
0.4569971439740514,0.5018769313874549,0.041125924638493544
0.4571271273155408,0.5017675692108174,0.04110530347364178
0.45693486585854104,0.5018425235801133,0.04122261056134564
0.4569538873551001,0.5018957729773985,0.04115033966750122
0.457056570264993,0.501878207445782,0.04106522228922503
0.45694448300628454,0.5018617569614621,0.04119376003225349
0.4572536021052028,0.50168319169334,0.041063206201456995
0.4571551214913361,0.5018199885292851,0.041024889979378705
0.4574722971095371,0.5014113517567491,0.04111635113371356
0.45701487394579854,0.501888884504702,0.04109624154949947
0.45698697520358134,0.5019140124558733,0.04109901234054554
0.45703792291013534,0.501934659216105,0.041027417873759645
0.4569480531618089,0.5018874319595344,0.04116451487865677
0.45748344794178997,0.5014887458533349,0.04102780620487515
0.4571400261610117,0.5020625956538092,0.040797378185179055
0.45698264641753195,0.5019331129015208,0.04108424068094761
0.45707667633833454,0.5017389299231321,0.04118439373853327
0.4572361762129734,0.5016786502903771,0.04108517349664939
0.4569580345984422,0.5018478458404911,0.04119411956106668
0.457018060368311,0.5019367836618566,0.04104515596983234
0.45716149044587645,0.5016820788392024,0.04115643071492116
0.4570114166874995,0.502001771228684,0.04098681208381652
0.45699156855141165,0.5018087505571933,0.04119968089139495
0.45767425794624134,0.5015644681324739,0.04076127392128469
0.45700127541318464,0.5018937899238918,0.04110493466292354
0.45703629506328997,0.5018370254803189,0.041126679456391056
0.45699398410837544,0.501932950070429,0.041073065821195374
0.457734873292906,0.5012195941752551,0.041045532531838846
0.45701712296566244,0.5019161797210397,0.04106669731329769
0.45728896876774194,0.501543882246457,0.04116714898580129
0.4571615832876223,0.5016284182465621,0.04120999846581545
0.45699917244649296,0.5018916127812111,0.04110921477229589
0.4569720778173805,0.5019277242243333,0.04110019795828631
0.4570740882775907,0.5018113644559982,0.041114547266411255
0.4570952791024755,0.5017549306953759,0.041149790202148484
0.4573692915358816,0.5014551297812082,0.0411755786829099
0.4571318005916133,0.501745812544406,0.04112238686398073
0.45700074119422723,0.5018043377320666,0.04119492107370598
0.4575047521592197,0.5021348448745171,0.040360402966263434
0.45710403315275605,0.5016929943565963,0.041202972490648006
0.4572394842414074,0.5017522756690538,0.04100824008953871
0.457463208200209,0.5014898136506838,0.041046978149107065
0.4569993923557844,0.5018940326083439,0.04110657503587152
0.4570264658642018,0.5019840782001115,0.04098945593568676
0.45702108920013645,0.5019219323176327,0.04105697848223089
0.45702440151657014,0.5018095146198243,0.04116608386360552
