0,1,2
0.42512151604133797,0.4350056827555408,0.13987280120312073
0.4603392599058082,0.5330846061535208,0.006576133940670579
0.56477502249583,0.43219464590979034,0.0030303315943806097
0.3930094463506468,0.5654168917243069,0.04157366192504701
0.48102436358361855,0.46417964132898526,0.05479599508739678
0.5320992230047776,0.46526019218788606,0.0026405848073361073
0.45727847248631953,0.5228736493386041,0.019847878175076102
0.5342112023496618,0.44928427198452514,0.016504525665812814
0.5095488237817322,0.4835152089731744,0.006935967245093356
0.4543988157885399,0.5319564394952854,0.013644744716175118
0.47997022645294224,0.5128091007364284,0.007220672810628954
0.5071716701337784,0.4802407607668347,0.012587569099386551
0.5411252709420721,0.41967270439448695,0.039202024663441165
0.47021890602355165,0.5081030390564132,0.02167805492003559
0.415707290943107,0.5652335766511783,0.019059132405714288
0.4487566312644203,0.5473777724573452,0.003865596278233607
0.5662715039053386,0.4127185177735303,0.02100997832113194
0.45284897169110094,0.535283913089239,0.011867115219660548
0.4629494331085066,0.5269956421842755,0.010054924707217182
0.48785440461490537,0.4733097844653769,0.038835810919717835
0.4767233291508329,0.4530555294161677,0.070221141432999
0.4796052092917226,0.511706748757669,0.00868804195060831
0.4856406901991681,0.48927684657538084,0.0250824632254512
0.5020834739170801,0.4623153228956528,0.03560120318726756
0.4197910538213028,0.5727540844858741,0.007454861692822352
0.42576550949892505,0.5651098459888004,0.009124644512274118
0.4935672702581528,0.49324553547589667,0.01318719426595034
0.4898237150386006,0.486261339955077,0.02391494500632243
0.4622456499474884,0.5313379387765986,0.00641641127591299
0.4801545281357149,0.5007963683194856,0.019049103544799655
0.3845253386200465,0.6133935795575999,0.002081081822353397
0.5370684466730037,0.45845807723910365,0.0044734760878929625
0.4462006255314173,0.531263547494666,0.02253582697391717
0.463307867210275,0.45518175354145474,0.0815103792482696
0.3846148498082056,0.5838676221253127,0.0315175280664808
0.46801397245855425,0.521628495061241,0.010357532480205602
0.44282179909996383,0.549006490013771,0.00817171088626516
0.5570089278031506,0.4381406801117477,0.004850392085101186
0.45175847591255075,0.5398502109891388,0.008391313098310626
0.4509910288669032,0.46120496682078244,0.08780400431231469
0.4328053337254054,0.5580294831090097,0.009165183165584697
0.4439516024779235,0.548743158658352,0.007305238863724921
0.46952323079456193,0.47791347269910617,0.052563296506331375
0.3978950836800048,0.5352733893595143,0.06683152696048059
0.46720065401340893,0.4778451189383037,0.05495422704828818
0.4746477709478846,0.5110138094890538,0.01433841956306137
0.4618738540031904,0.523283052528667,0.014843093468142932
0.467704094710863,0.5297225705478759,0.0025733347412604407
0.4055924144049326,0.5898921746167873,0.00451541097827948
0.5169564532363617,0.4727190385969588,0.010324508166679328
0.47280914925031886,0.5062352497829556,0.020955600966725257
0.47159503001126435,0.47716269602788497,0.051242273960850876
0.4859023317549106,0.49660928200250376,0.01748838624258537
0.5125087064357501,0.46104165412965625,0.026449639434593844
0.4302958780839256,0.5679494510807519,0.0017546708353227704
0.5122419893178599,0.483035259961736,0.004722750720404579
0.4722140627832202,0.520140285155083,0.007645652061696858
0.4797159660465405,0.47348275909952037,0.04680127485393879
0.44275920315594713,0.5550880205082558,0.0021527763357976457
0.5437343571646742,0.394381699182221,0.061883943653104075
0.4768436949329226,0.4031436864671805,0.12001261859989655
0.503522923535707,0.4892017430607895,0.007275333403503665
0.5023096552836289,0.48521681443018316,0.012473530286187817
0.4742250829660872,0.4486290055032058,0.07714591153070675
0.5168460041957429,0.46176316947197377,0.021390826332283813
0.4018846202737026,0.5765081372762396,0.02160724245005694
0.46396781660313674,0.5190665288493084,0.01696565454755529
0.49476747385876163,0.49658000821949866,0.008652517921739466
0.5104755029639376,0.48095727797078724,0.008567219065275283
0.4733049522714889,0.5088489415541724,0.017846106174339092
0.46759999617094783,0.5176217507776024,0.014778253051449695
0.4561954687577322,0.5380382782671697,0.005766252975098473
0.38794159949136925,0.3020054163665614,0.3100529841420691
0.41747240499363764,0.4729830708400868,0.10954452416627593
0.4268162134964816,0.5005244842870246,0.07265930221649333
0.11236614747898226,0.8876194895262591,1.4362994757982574e-05
0.5369439989835609,0.4496864108005572,0.013369590215882271
0.48176598750306343,0.4759154788357575,0.042318533661179075
0.4769444969678813,0.5164404972852585,0.006615005746859831
0.5089333170328942,0.48129925759783077,0.009767425369274621
0.4766242318559299,0.5148555276478879,0.008520240496182498
0.48773162422963057,0.5071048510445761,0.005163524725793222
0.4355643246861319,0.4234791646430787,0.14095651067078913
0.43695870233246253,0.32735167603432924,0.23568962163320742
0.5658316474117951,0.4281594214988355,0.00600893108936988
0.44267289201564747,0.49695848295638884,0.06036862502796434
0.6209214254507404,0.3763228714811169,0.0027557030681418853
0.170579301275661,0.1562666710837701,0.6731540276405686
0.4608034379979492,0.5362935586367824,0.0029030033652685644
0.4589684737746767,0.535966636670018,0.005064889555305178
0.48894928225765216,0.4698903766453331,0.041160341097014386
0.3512835120685725,0.638693555691438,0.01002293223998993
0.5099883883013681,0.4847754081815873,0.005236203517045472
0.06441533397749967,0.04363246364093653,0.8919522023815644
0.49160240605401245,0.48634899692405703,0.02204859702192997
0.5082874825216454,0.4527217818637911,0.03899073561456306
0.4385650817337626,0.5211894706902614,0.04024544757597549
0.4712457825504708,0.3539146102242958,0.17483960722523414
0.14253951517252758,0.8574601523577939,3.324696797707424e-07
0.6224556003755266,0.3775434125005948,9.871238796894293e-07
0.5565327625677978,0.43585677666188133,0.007610460770321393
0.46900200723806196,0.5214905624884932,0.009507430273444549
0.3784702992399634,0.591373721319883,0.030155979440153587
0.4652797849790446,0.5274081698042724,0.007312045216682768
0.4324805971331115,0.5337029746993631,0.03381642816752528
0.4463449472116518,0.4720554745655386,0.0815995782228097
0.49948204614797515,0.4878574981485591,0.01266045570346498
0.5087589535731809,0.4646361447054016,0.026604901721417603
0.3955708322253063,0.31049099284089265,0.29393817493380137
0.5560188974151192,0.43973618211064974,0.00424492047423096
0.15918655843366836,0.09945859034331496,0.7413548512230161
0.513188298929722,0.44718197813400895,0.03962972293626942
0.004795080599603028,0.0013282324306729638,0.9938766869697252
0.46228723061744137,0.5066427313102491,0.031070038072309042
0.49867852316952843,0.4984987279884745,0.0028227488419977588
0.3862425626449357,0.39510559333024037,0.21865184402482424
0.4829339229633008,0.5061561856690737,0.010909891367625766
0.4815012300526875,0.5072594661089629,0.011239303838349663
0.3802126869134484,0.448703301623985,0.171084011462567
0.5423711000228194,0.45684787190008874,0.000781028077091503
0.4554242008968204,0.5384090615573522,0.006166737545827035
0.5149105527249453,0.46252844667444043,0.02256100060061418
0.4831997700558344,0.43115104202091065,0.08564918792325497
0.4441527273206953,0.5537563475078587,0.0020909251714466308
0.42805256226290156,0.46908213663988557,0.10286530109721244
0.4056264701046191,0.31859759456002773,0.27577593533535305
0.45719970841894264,0.5042117347503869,0.0385885568306712
0.41565109365455316,0.38299808501397586,0.20135082133147014
0.47179312796941525,0.5204665651057148,0.007740306924869766
0.46046377845379466,0.5317324030342881,0.007803818511917497
0.4493492571022802,0.5399930128301266,0.01065773006759277
0.5376969169834267,0.455396938099504,0.006906144917068935
0.46876627681763616,0.48497304467333324,0.04626067850903004
0.44651147631442567,0.4290642745370224,0.12442424914855194
0.38790146093487254,0.6088593792087218,0.003239159856405622
0.41049415755478447,0.5694259626002809,0.020079879844934943
0.49136460965560497,0.49773169183372407,0.010903698510671281
0.39598436673524884,0.587940405685764,0.016075227578986793
0.48129390694668506,0.4536039483262385,0.06510214472707565
0.4366773863681265,0.3904012115248727,0.17292140210700058
0.41699314697113915,0.555783007959103,0.027223845069757956
0.45674460913819387,0.531310317805713,0.011945073056092777
0.4561750766754153,0.5421509356659996,0.0016739876585857845
0.4936549525924087,0.4919385895495195,0.014406457858072121
0.4427172535829609,0.5510494083684934,0.006233338048544979
0.4357504220880483,0.5593031566100737,0.004946421301877842
0.13863727351658334,0.07313084258518081,0.7882318838982366
0.44784280426666045,0.5354611881323526,0.01669600760098713
0.46540906928313447,0.5031384176705365,0.031452513046329
0.476032755771658,0.5086270955661838,0.01534014866215814
0.4857289844296708,0.502241922371423,0.012029093198906281
0.4328557308010097,0.5569125604135446,0.010231708785446313
0.4259065621121692,0.5678648965297495,0.006228541358081317
0.49565951367065647,0.46656754928822985,0.03777293704111345
0.5727077058476184,0.3659099858085878,0.061382308343794156
0.46494304500805633,0.5279070547226795,0.007149900269265016
0.3730369700047343,0.6175303759450659,0.00943265405020053
0.38033272215639047,0.4708957681382531,0.14877150970535674
0.4369459966085191,0.5589788466671461,0.004075156724333855
0.38467954058736253,0.5978185532747483,0.01750190613788933
0.3519107739237709,0.31964926022559736,0.3284399658506323
0.49486932004733825,0.49262541842707547,0.01250526152558596
0.4849892656460005,0.4586035919837262,0.056407142370272945
0.4990846657314294,0.48001015139971065,0.02090518286885947
0.49164429783591146,0.48586126994722856,0.022494432216859896
0.46254198320350104,0.5028400260395739,0.034617990756924746
0.31279308329318534,0.272584543974225,0.4146223727325905
0.473298011425729,0.5089152166128444,0.017786771961425998
0.4423120925643278,0.533203344259117,0.02448456317655485
0.3684992906287651,0.39092318059856396,0.24057752877267075
0.45788765969322615,0.46122781372090577,0.08088452658586814
0.4709377745210374,0.5241861430908369,0.0048760823881262095
0.4807224785952739,0.5158217228535796,0.0034557985511460584
0.0030839019645668795,0.0008544708099305961,0.9960616272255032
0.3388325595823504,0.31567069427253636,0.34549674614511294
0.4485259451315205,0.5465342370072682,0.004939817861211693
0.46572056233373954,0.5037681254714387,0.0305113121948211
0.5339199742862681,0.461662361853244,0.004417663860488069
0.49946029067384085,0.4767367011723424,0.023803008153816776
0.3611866111405704,0.6355567505432577,0.003256638316172719
0.442481103538313,0.5073661905975159,0.05015270586417186
0.48698965640187053,0.4711396424934793,0.04187070110465046
0.5483550996853329,0.44482771710114977,0.00681718321351694
0.44534955799438064,0.5387562760235144,0.0158941659821056
0.510149765045076,0.48236591414381824,0.0074843208111059385
0.4420104778223476,0.5534667270958676,0.004522795081784683
0.4880651904680855,0.48457519468178256,0.027359614850131508
0.49319949797977464,0.5025869299407149,0.004213572079510707
0.4769109232802757,0.5103567493719711,0.012732327347753486
0.4881670233191267,0.48936476287324443,0.022468213807629152
0.46979716390019044,0.5204715477874586,0.009731288312350823
0.47208669535894077,0.5192381153305305,0.008675189310528396
0.4670440175159876,0.49033897578375474,0.04261700670025846
0.2586698832926222,0.7342994174281243,0.0070306992792535045
0.39288210546801666,0.5546998836287822,0.05241801090320173
0.48936801000469266,0.5035904439716395,0.007041546023667484
0.4503136724554601,0.529760896484034,0.01992543106050633
0.4899500383050313,0.49909365915470993,0.010956302540259297
0.4502150571734148,0.48848746821939304,0.06129747460719247
0.4850520158178895,0.4985598666299273,0.016388117552183407
0.5203663585448909,0.4683839709756264,0.011249670479483406
0.4957904789083357,0.49951727173026894,0.004692249361394912
0.47859247643030883,0.4703606716273201,0.05104685194237107
0.4941662217371422,0.4158681120206698,0.08996566624218821
0.4505350991403795,0.49796250936011893,0.05150239149950237
0.4802098514978557,0.5044718382991191,0.01531831020302562
0.43937807243192617,0.5385665910890305,0.02205533647904288
0.4475390565288561,0.5447877224094216,0.007673221061722467
0.46513427853002276,0.5265126615165774,0.008353059953400268
0.4727690956897181,0.4898554969059897,0.037375407404292425
0.4341733989767627,0.549775866563053,0.016050734460183597
0.47821918938396435,0.5165699283956731,0.005210882220363527
0.35833623270849096,0.6291142365571809,0.01254953073432786
0.4549770292032302,0.5186177495307728,0.026405221265996107
0.4652870748365102,0.49725943828274594,0.03745348688074343
0.4748563754672505,0.5214381797836337,0.0037054447491153076
0.47982861243044317,0.5035057577712836,0.016665629798273636
0.34692950145534196,0.6427107435210402,0.010359755023618251
0.47597998541744263,0.48243161476642715,0.04158839981613014
0.4399390223371682,0.547025602349354,0.013035375313477779
0.487396650823168,0.5063394467850384,0.006263902391793691
0.36200858328430835,0.6337166247678694,0.0042747919478215175
0.5061152113205797,0.4687005758977364,0.02518421278168416
0.4732405214415219,0.4656044812366208,0.06115499732185819
0.4915667661539719,0.50242569097806,0.006007542867967685
0.3998456922930339,0.592511765430519,0.007642542276447507
0.42534040576199933,0.3858041845537355,0.1888554096842658
0.5154856242110291,0.4809688537428565,0.003545522046113978
0.44081117825701743,0.5461218544505518,0.013066967292430468
0.4372184153363259,0.3371028733660407,0.22567871129763414
0.4493093350972086,0.47603607578440726,0.0746545891183845
0.48491979996039014,0.5064865170236345,0.00859368301597546
0.5146557370450742,0.48361960586603364,0.0017246570888917693
0.400461511169416,0.33813810596851845,0.26140038286206596
0.4921038189871724,0.48647868934954563,0.02141749166328224
0.48993441402855364,0.4968324756570832,0.013233110314363554
0.45761599750456833,0.5302270839960517,0.012156918499380345
0.4144516829508121,0.5710110741030511,0.014537242946136253
0.1425336729618357,0.8574595495564364,6.77748172772295e-06
0.48612200944563266,0.4575092941563696,0.056368696397997096
0.4605990100121083,0.5060196209863718,0.03338136900151973
0.3662113946081023,0.5641561843715402,0.06963242102035751
0.4857239406616839,0.5101634565816148,0.004112602756700901
0.4750233842880159,0.51593857321126,0.009038042500724484
0.49081631253779756,0.49621065953229093,0.012973027929911242
0.019520569537833387,0.007592808441188073,0.9728866220209784
0.4898272081262947,0.5001487950829734,0.010023996790731961
0.4791044665601086,0.44131736875455707,0.0795781646853346
0.48680589001303237,0.47596998224251863,0.03722412774444892
0.37008092390905073,0.5069253524065331,0.12299372368441557
0.5376710986485391,0.40304712714716395,0.05928177420429638
0.4411355299457786,0.5459286246480161,0.012935845406205708
0.10683217594651677,0.07779436229107661,0.8153734617624072
0.41959364079450934,0.24121203073001737,0.3391943284754738
0.39711980750462106,0.5676075042688953,0.03527268822648313
0.4083105847515933,0.5108617096912653,0.08082770555714038
0.34108563662982355,0.22145034596758026,0.4374640174025969
0.5390134458587983,0.45284121851865755,0.008145335622544781
0.4553366639278804,0.5371700963050942,0.007493239767026196
0.5242062853569597,0.4558929488552177,0.019900765787823363
0.48315451231725154,0.49872948844557763,0.018115999237171675
0.4555682051261337,0.5402636556752697,0.004168139198595943
0.4817602497260472,0.4237047899706598,0.09453496030329246
0.3887444702619317,0.5432024311712438,0.06805309856682519
0.4707377575407429,0.5107147773661276,0.018547465093129826
0.4568854302272767,0.5353007986377408,0.007813771134982656
0.4914308786021669,0.5031834355114388,0.005385685886393636
0.5171851421709256,0.4653578856740325,0.017456972155041946
0.5733197440162399,0.4248193695683065,0.0018608864154528299
0.34887821568186034,0.28231609779414085,0.3688056865239985
0.3781206290623876,0.6030860214951426,0.018793349442469565
0.432370286185152,0.34068145213366513,0.22694826168118226
0.6135908352922695,0.3863155905721581,9.357413557306862e-05
0.4998188797085933,0.39566795077100914,0.10451316952039728
0.46454082337696184,0.5245028938695797,0.010956282753458635
0.45013031460571645,0.5252224034493156,0.024647281944968586
0.43042287653084516,0.5641133379220543,0.005463785547100694
0.4754745873615587,0.5161126694037297,0.008412743234712371
0.4425956088281134,0.5316662136986718,0.02573817747321493
0.47569375288283355,0.5139516739021818,0.010354573214984864
0.4625664956956794,0.5290875038858567,0.008346000418463593
0.4674726895039596,0.5257686670535253,0.006758643442514529
0.3340754285517516,0.6439068139080223,0.022017757540225724
0.49036797474165883,0.47913206580728285,0.030499959451058687
0.527847777997645,0.46478453593061736,0.007367686071736858
0.5157949159306996,0.47243594429501323,0.011769139774286945
0.38936515256909726,0.6057481416603876,0.004886705770515868
0.3738005461319344,0.6192750709358836,0.006924382932181932
0.4790689455530619,0.5082872761001228,0.01264377834681494
0.5028396661806241,0.4065114973763783,0.0906488364429975
0.47788863016788496,0.5170878532855401,0.005023516546574982
0.4482707031040082,0.5385390361732567,0.013190260722735457
0.4706750341673817,0.5220023853753314,0.007322580457286625
0.1713282922608751,0.10692600478559938,0.7217457029535264
0.535181408175232,0.4537368606174145,0.011081731207353862
0.32534186688432665,0.1604603259075826,0.5141978072080906
0.4532937962691726,0.518909488058046,0.0277967156727813
0.3882544636976725,0.41826926956365534,0.19347626673867288
0.46499399894944116,0.5308729490192559,0.004133052031302307
0.441755401380244,0.5277351785022713,0.030509420117484448
0.5391131955261993,0.4455558637632591,0.015330940710540749
0.47195986181626176,0.5250909868419741,0.0029491513417632957
0.5104295710550795,0.42357216968855305,0.06599825925636797
0.48577702459660715,0.4976664533901405,0.016556522013252268
0.4850198856504376,0.40085916832533586,0.1141209460242257
0.502383753780667,0.47867844198893894,0.018937804230394477
0.3316739527025617,0.3798614449603868,0.2884646023370511
0.3946723458442833,0.6002949101440602,0.00503274401165599
0.47355014908757487,0.4875436722689313,0.03890617864349391
0.2864133367443405,0.7095963552782201,0.003990307977439401
0.5047501243764959,0.48261228475881995,0.012637590864684474
0.48598449633873514,0.48817697005032057,0.02583853361094392
0.502787756317924,0.43614341401306056,0.06106882966901551
0.44507065464686774,0.5372672962504281,0.017662049102703536
0.4545171226628823,0.5380012628421962,0.007481614494921154
0.4974842148760703,0.49285651575755296,0.009659269366377423
0.3870502758811342,0.3993975503692619,0.2135521737496031
0.4821577502478836,0.508406352563106,0.009435897189010257
0.4771210856719996,0.5101357322985417,0.012743182029458703
0.43443444451189195,0.5425178301053054,0.02304772538280316
0.464185374540877,0.527438207213129,0.008376418245994091
0.5110198127904925,0.4787812409156618,0.010198946293846382
0.4646781547609553,0.5226708506468806,0.0126509945921638
0.5023297347415827,0.45807496103177103,0.039595304226646366
0.4353491668434799,0.5593090360607431,0.005341797095777458
0.4936696125638859,0.4602237635171879,0.04610662391892606
0.5042503864097232,0.48882890729846534,0.006920706291811934
0.5350243604331028,0.44163156764429845,0.023344071922599196
0.35081195837336027,0.6448222082422236,0.004365833384416241
0.5183202041880824,0.465626875842933,0.016052919968984034
0.5614000206795665,0.4303945349156011,0.008205444404832936
0.4419726829934792,0.5474720333319961,0.010555283674524709
0.4991361400625954,0.4964681782018364,0.004395681735567543
0.4086492957948273,0.5843702199798015,0.006980484225371067
0.46864909047258996,0.5137140778369393,0.017636831690471033
0.4039434023180883,0.5922995397364706,0.003757057945441549
0.47158586468060587,0.5010036202330149,0.027410515086378866
0.5464864980021462,0.4473788294235655,0.006134672574288187
0.574609795210765,0.41840911549574034,0.006981089293494223
0.5274223102003482,0.44249478742630993,0.03008290237334162
0.5142863651750975,0.4387630419536644,0.046950592871238456
0.47533953361777814,0.5219229444879845,0.002737521894237305
0.4557899727904166,0.5238653159280608,0.020344711281521866
0.48036012556694035,0.5105843113074421,0.009055563125617073
0.512775614324007,0.4582554055411416,0.028968980134851958
0.47972223841582173,0.5024113868916121,0.017866374692565985
0.5343354785293406,0.4508974337349958,0.01476708773566371
0.04257249068382896,0.9574275093161744,2.4154290108639923e-24
0.4587543720901244,0.5275183485471141,0.013727279362762204
0.43535586711317187,0.4652976780010256,0.09934645488580296
0.494595633953826,0.4655884696154755,0.03981589643069936
0.4936599082742744,0.487155874746543,0.019184216979183048
0.5078066245294353,0.4861873020066087,0.006006073463956139
0.4637329008849799,0.475249792036121,0.061017307078898776
0.4531651126633198,0.5425233792052789,0.004311508131401032
0.46578634545789527,0.5132080625847504,0.021005591957354304
0.45073932907230796,0.49993990377942593,0.04932076714826675
0.4852174677733051,0.5039504939811272,0.010832038245567692
0.42222006054645395,0.5328105751804462,0.04496936427309993
0.4316520881467328,0.5313180206994529,0.03702989115381422
0.40282062660369,0.5878710846975556,0.009308288698755248
0.5194322091009452,0.4708057382290675,0.009762052669987229
0.4876625641285561,0.46920182149975526,0.043135614371689154
0.46362479465532747,0.5272749753205569,0.009100230024116132
0.4705498880094864,0.5198851787445394,0.009564933245974707
0.4485344828435751,0.5432523466990933,0.00821317045733127
0.5019294885954457,0.49026655409816133,0.00780395730639293
0.5561555464897405,0.4110696277229026,0.032774825787356944
0.4561030035196645,0.5404742503513099,0.003422746129025819
0.4800336013174207,0.5084131724872119,0.011553226195368284
0.44459244315699736,0.5418037783851594,0.01360377845784296
0.45488255252255044,0.39350360984142413,0.15161383763602493
0.48193553749636264,0.5040882235835445,0.013976238920092513
0.3097801734351808,0.19564313831336944,0.494576688251449
0.5366891001796069,0.3811475453992715,0.08216335442112158
0.5105201697426469,0.47662705183238546,0.012852778424968061
0.4592975128066386,0.5259050939157471,0.014797393277614288
0.42356103485226765,0.5535228631295015,0.022916102018230848
0.43150619067203183,0.5452179124498641,0.023275896878103993
0.472470202959825,0.5212500711159364,0.00627972592423858
0.4456634581022765,0.4739930027700369,0.08034353912768649
0.498879391807288,0.47890144925678974,0.022219158935922585
0.4545800740292228,0.5321688022634959,0.013251123707280951
0.42443432751503224,0.5099077317164231,0.06565794076854398
0.47603880650909625,0.5067372323466913,0.017223961144212527
0.390039432175281,0.27075084377852965,0.33920972404618893
0.4599723123216351,0.49018730172235647,0.049840385956008634
0.44478906097267534,0.5529642102346494,0.0022467287926758095
0.43020572519775424,0.5580581540923895,0.011736120709855804
0.5324095079478677,0.46172266123151634,0.005867830820616544
0.47907263652443693,0.4471583502288604,0.0737690132467025
0.45659873970782233,0.5396596515112151,0.0037416087809624193
0.50379819667794,0.48673342868421826,0.009468374637842147
0.4123133546390342,0.5520979281712752,0.03558871718969128
0.47922549117611846,0.5000808271660083,0.02069368165787376
0.4497871295768385,0.4283866017051167,0.1218262687180443
0.4176866968333162,0.5712079780806079,0.011105325086076237
0.4673643477392257,0.49741340911509285,0.035222243145680766
0.4503904956682237,0.5261909317236317,0.023418572608143857
0.4861147717439123,0.37938033562182955,0.13450489263425833
0.4695222404150822,0.5141493971885157,0.016328362396401924
0.4571387738962097,0.5257924199305676,0.017068806173222543
0.485345933942251,0.4710218154638664,0.043632250593882496
0.49798127717960927,0.490880858636672,0.011137864183718326
0.5089860045463331,0.4717777134297601,0.01923628202390694
0.4649430092789182,0.4472334740920773,0.08782351662900409
0.41232574818927675,0.43554598676676387,0.15212826504395863
0.42174117463761884,0.5395031615514595,0.038755663810921034
0.44179723951588507,0.5534982498830058,0.004704510601109966
0.502256799520752,0.4816664478180144,0.0160767526612331
0.46824015999837726,0.5187549279890408,0.013004912012581974
0.3888981984387363,0.6043863799110606,0.006715421650203867
0.4628658222456953,0.5294108214484571,0.007723356305847304
0.44798214598712005,0.5421349104578815,0.009882943554998155
0.4631039622539725,0.5231403863311141,0.013755651414913809
0.4410441153078879,0.5001571200976036,0.05879876459450882
0.4032036963186182,0.5868024062661613,0.00999389741522076
0.4686202153748392,0.5144758839764747,0.016903900648686077
0.46321199996689105,0.47433098066959367,0.062457019363514735
0.4804764614392189,0.5085113268919752,0.011012211668805921
0.50711157757304,0.4788418725268846,0.014046549900075199
0.4969370748780466,0.48215752511610227,0.020905400005851407
0.4241961949234599,0.4939651239375205,0.08183868113901906
0.4652181872026211,0.5292188807250305,0.0055629320723488635
0.43896216550510236,0.5125741646375884,0.04846366985730837
0.39091696316555796,0.28023156170002633,0.3288514751344148
0.2764560778192421,0.7125859778456232,0.010957944335134305
0.5383562019616555,0.455924915112485,0.00571888292585992
0.46425824326373627,0.41370721287152495,0.12203454386473908
0.4602689715281908,0.4151566424127923,0.12457438605901658
0.49708145023740374,0.4929076201440922,0.010010929618504288
0.5210816066359631,0.4128039632625844,0.06611443010145167
0.49862558929984874,0.40881456768388963,0.09255984301626193
0.503760629856022,0.4453681651709321,0.05087120497304639
0.5351035489734967,0.4599833864512312,0.0049130645752714095
0.4495525394242985,0.5352832340543968,0.015164226521304423
0.4789635939625956,0.514225421203255,0.006810984834149494
0.49421649328012485,0.48832361737884095,0.01745988934103383
0.46197366340375373,0.4630023589369958,0.07502397765925019
0.4346904174035732,0.5613844136684862,0.003925168927940003
0.5079746232850142,0.48801048551302995,0.00401489120195568
0.514627443533431,0.46673772372332234,0.018634832743246895
0.6026737748794575,0.39483779323941276,0.002488431881130185
0.4594019608874478,0.5359290532940169,0.004668985818535025
0.5138815757373874,0.4613049877748422,0.024813436487770627
0.4751178220032043,0.5223423408766449,0.0025398371201509787
0.4556655441080125,0.5327421819685689,0.011592273923418566
0.5193884168243657,0.4788704167834109,0.0017411663922228466
0.5579635824469867,0.4169615057749793,0.02507491177803362
0.5350727625226502,0.4567609775560496,0.008166259921300616
0.4137835646758942,0.570214623152705,0.016001812171400037
0.45009652095951463,0.5102545690650008,0.039648909975484786
0.5101863003429378,0.46715782294086405,0.02265587671619783
0.4748482896356996,0.49867450958808013,0.02647720077622063
0.40618070845366977,0.5787637506312717,0.015055540915058244
0.343228380830016,0.6560167268510934,0.0007548923188913505
0.4775228802866561,0.49978202296714813,0.022695096746195707
0.5109780171695811,0.47873132623333475,0.010290656597083826
0.47773148232312884,0.5045730665403875,0.01769545113648384
0.42585236556447376,0.5693741184272239,0.004773516008302761
0.48491704078625003,0.5035952856772214,0.011487673536528796
0.5112678726996336,0.47891702525714863,0.009815102043217585
0.48241369552649194,0.4783023067242283,0.03928399774927933
0.4314958971079311,0.5542859332089886,0.014218169683080154
0.4429504185593292,0.5363998966075341,0.02064968483313625
0.4599037426329468,0.5304250765827125,0.009671180784340486
0.45359930349192235,0.3854015724857047,0.16099912402237276
0.4914486494919799,0.49870737239743435,0.00984397811058487
0.5079776634056382,0.4780793680929413,0.01394296850142034
0.5240683771509868,0.4701679539671978,0.0057636688818162776
0.5435729798636159,0.38351324422671784,0.07291377590966593
0.5312950901708603,0.4551720346947684,0.01353287513437066
0.4676502391027438,0.521973786106991,0.010375974790265504
0.3846671064288699,0.39623615120647526,0.21909674236465446
0.4596143922800332,0.5278187757785339,0.01256683194143293
0.518497104446961,0.47656876346535526,0.004934132087683693
0.5462198432706105,0.43236258746311756,0.02141756926627113
0.4163691635955845,0.5716770166205566,0.011953819783858174
0.03257021772774546,0.9674297778855406,4.386714206150302e-09
0.4456040018367737,0.4588813426436949,0.09551465551953194
0.49282904017393736,0.5018802921781347,0.0052906676479282854
0.45589012961112063,0.39401932317171895,0.1500905472171609
0.45808763812710696,0.5029772427443318,0.03893511912856193
0.3847207533106151,0.5073009514480432,0.10797829524134188
0.5042827665505218,0.4769687508568722,0.018748482592605663
0.3675397980210795,0.3135653722373486,0.3188948297415722
0.3396286693462047,0.6577502814447809,0.002621049209015203
0.4410092458854483,0.5505011251762082,0.00848962893834301
0.5208030226330691,0.472920486600703,0.006276490766227735
0.5125885456618451,0.4805476275069806,0.0068638268311745744
0.44093394305455874,0.5535619679047582,0.0055040890406830726
0.5127876869314842,0.38434841789832336,0.10286389517019241
0.5027046563599593,0.4687123956836888,0.028582947956352005
0.5150575510366595,0.47543679123784005,0.009505657725501118
0.4554322983462348,0.5295269523586312,0.01504074929513347
0.48522948121309967,0.506592394946673,0.008178123840227425
0.5102616523956023,0.4824084431282893,0.007329904476108148
0.46910328060161716,0.5263567251475565,0.004539994250825787
0.4948791528599498,0.47589882209350864,0.02922202504654162
0.5280940767603128,0.45139343801057136,0.020512485229116105
0.44394673744571606,0.513684687502916,0.042368575051368415
0.24209607955871765,0.7566885054509758,0.001215414990305821
0.5230291964429318,0.42564424370806014,0.051326559849008274
0.5016688374992431,0.4905403927989236,0.007790769701833645
0.45211022420139685,0.5257854896325203,0.022104286166083027
0.4557534859363858,0.5336454862183252,0.01060102784528874
0.5136408936723195,0.4702840969613094,0.01607500936637186
0.47320138722241684,0.4382205663172067,0.08857804646037669
0.44120968078676603,0.286169944556231,0.2726203746570035
0.46495286584541146,0.5221988040367509,0.012848330117837724
0.5533371438182955,0.4244674093020343,0.022195446879669612
0.4489302100227468,0.3433986518783469,0.20767113809890636
0.4900655605459259,0.4909873295096308,0.018947109944442868
0.4645544792271641,0.527351371711554,0.00809414906128211
0.5377447353558823,0.41659857088640184,0.04565669375771567
0.41878095964091333,0.5786866480622106,0.002532392296876099
0.3633106329557001,0.6311422557681133,0.005547111276187236
0.4651605573790238,0.5157924340624922,0.01904700855848423
0.4041553298508684,0.5925907553579429,0.0032539147911889725
0.4705558317543138,0.5241713198976695,0.005272848348017379
0.46252742402362135,0.5274501323999187,0.010022443576460167
0.3185286284295171,0.6803040931071941,0.0011672784632896682
0.4670921988582842,0.49356053295237357,0.039347268189342116
0.4638007712257635,0.5194361431674747,0.016763085606761527
0.45732105463022704,0.5331284533590214,0.009550492010751487
0.5404000557113441,0.45256538754936537,0.007034556739290836
0.44852693166027435,0.5019572869978053,0.04951578134191968
0.47920870632231216,0.5155302745245288,0.005261019153158789
0.4443821248072337,0.5352902775293507,0.0203275976634154
0.43040162871925963,0.5649864748269073,0.004611896453832193
0.45920190588947535,0.5286487137140391,0.01214938039648597
0.48387747245152735,0.5043504810856698,0.01177204646280312
0.440325091123182,0.5318586988638396,0.027816210012978352
0.5158213545380735,0.45347735298423414,0.030701292477692686
0.4747864641968047,0.5108323714221832,0.014381164381011157
0.5237052498024712,0.46171168719560307,0.014583063001925078
0.4544641802030339,0.5324889969450237,0.01304682285194274
0.4206758043988461,0.41630299126403775,0.1630212043371167
0.40929707599085513,0.5833662514982413,0.007336672510903315
0.3181285265470884,0.25796894083271465,0.423902532620197
0.39033490190461395,0.6046110185419189,0.0050540795534665
0.49434456273961563,0.47874646165719925,0.026908975603185014
0.4658231928144055,0.5249734011885806,0.009203405997014222
0.523175343101811,0.43435776082392324,0.04246689607426602
0.49620929298878647,0.49718299942830885,0.006607707582904178
0.48933980036431785,0.5075596012065846,0.003100598429098353
0.4880680378410854,0.49573030784900135,0.016201654309912467
0.5065744829299497,0.4867730602584735,0.0066524568115761944
0.4545686505715598,0.5236648191847558,0.0217665302436842
0.44315700014933695,0.5106373998630769,0.04620559998758581
0.5116698518254245,0.4669626223858453,0.02136752578872936
0.5016761736581268,0.4790672208844836,0.019256605457388824
0.470437606891287,0.5230610542674223,0.006501338841290559
0.48723605691748256,0.5055406316928688,0.007223311389648566
0.4419273983970964,0.5527087606832948,0.005363840919607867
0.3923075557051007,0.5770787899107483,0.03061365438415077
0.4263689024547761,0.5581185260728672,0.015512571472356915
0.45858692590120625,0.5100314687345856,0.03138160536420799
0.20631608841121066,0.7930709123102765,0.0006129992785130283
0.4773041310698087,0.5200330150407615,0.0026628538894295397
0.39666643524993067,0.5798803959775634,0.02345316877250583
0.45685727760318084,0.5260560246858197,0.017086697710999146
0.47880842593629475,0.4816747318144437,0.03951684224926089
0.340706280081231,0.43486514799803666,0.22442857192073207
0.5235670649185237,0.4714352064234732,0.004997728658003146
0.5618637387253408,0.43319773359210584,0.004938527682553213
0.45614245261482833,0.367588418022813,0.17626912936235897
0.45086126321144715,0.5341698853581035,0.014968851430450137
0.44778860142038623,0.5171195810837307,0.035091817495883255
0.500019874346191,0.4910769864755339,0.008903139178275924
0.42813585836342316,0.48455333295563563,0.08731080868094113
0.3750721063763743,0.33731075579954406,0.28761713782408127
0.47763041312675164,0.328796047192072,0.19357353968117666
0.49636820538505955,0.4977039874915703,0.005927807123369805
0.29342110667803745,0.7038305461011622,0.002748347220800824
0.4478894632265132,0.5333642214261769,0.018746315347310062
0.46384027236325215,0.48745839487731474,0.04870133275943321
0.4905748417443502,0.5015810174418299,0.00784414081382078
0.49787430686644896,0.48347922231854856,0.018646470815002383
0.48716848148816494,0.487043333542228,0.0257881849696063
0.468817850770285,0.4697846996661384,0.06139744956357711
0.4688481572254428,0.522778246782911,0.00837359599164604
0.47360725558967853,0.5202037782123425,0.006188966197979177
0.47686336556917946,0.49519960503261184,0.02793702939820855
0.44065449486554775,0.5528151253620627,0.00653037977238895
0.5172871779963462,0.47367483857611614,0.009037983427538395
0.4494210943897118,0.5181974748488245,0.032381430761464484
0.47369928111672566,0.5196976662331003,0.006603052650173698
0.295568308392776,0.6981099628745396,0.006321728732684958
0.5515460170766884,0.44380313490292,0.004650848020391748
0.4609270945959253,0.5020756476804801,0.036997257723594655
0.20675951027994438,0.11702333241727154,0.6762171573027835
0.42027556295101204,0.5327436763155339,0.046980760733454356
0.5067644004889368,0.489416064450786,0.0038195350602773658
0.44044673175901633,0.5480857622420463,0.011467505998937364
0.5556395782423961,0.4159136411594131,0.02844678059819128
0.5227898942664332,0.4372371854182424,0.03997292031532476
0.537551245550826,0.4323847054224463,0.030064049026726946
0.5499408976882588,0.40930000033116376,0.04075910198057717
0.5221081332199942,0.4283358796513983,0.04955598712860765
0.44929757705716683,0.5284920430745497,0.02221037986828357
0.4494912784969926,0.479943567354233,0.0705651541487743
0.47519824021952856,0.5154530886816814,0.009348671098790355
0.4250232471073051,0.5671173993709642,0.007859353521730375
0.43076738724335234,0.5550760916080625,0.014156521148584547
0.47362478421606835,0.5010605493566055,0.025314666427326545
0.4965156369604305,0.49134909378044284,0.01213526925912676
0.3952721043056532,0.529107777555262,0.07562011813908415
0.5131227247785708,0.4780662598228707,0.00881101539855885
0.4066619534208414,0.47054042243886485,0.12279762414029428
0.46179921633528304,0.5207808846901846,0.01741989897453254
0.4846926571036198,0.5120086903926138,0.0032986525037663615
0.47006158175347024,0.5250382389728919,0.004900179273638248
0.4523296069818696,0.3734294140423894,0.17424097897574078
0.45664143751463365,0.5250871397632327,0.018271422722133016
0.43145361836188284,0.5494748765951721,0.019071505042944845
0.4423831849944579,0.3852221634162477,0.17239465158929462
0.45304202356393436,0.43576376944856254,0.11119420698750304
0.23769936487980953,0.12994295797483502,0.6323576771453558
0.5446158801144717,0.42130095539687584,0.03408316448865333
0.4655507221740854,0.3934111243818754,0.14103815344403897
0.45066320985711233,0.5417210783072199,0.007615711835668139
0.45124242210961985,0.5397067689664116,0.009050808923967818
0.4609027626128668,0.5354634472942221,0.0036337900929102433
0.45868936019446527,0.5265199224376558,0.014790717367878457
0.4619985909640843,0.531317399558584,0.006684009477331843
0.47493927065423064,0.4989234043491358,0.02613732499663311
0.41385051002137047,0.2559874797398412,0.3301620102387874
0.5204945801778673,0.4735295498711199,0.0059758699510127945
0.470509863382718,0.5123730015919155,0.017117135025366673
0.4735445150615898,0.5142441831437757,0.012211301794634389
0.48687970703383643,0.5025275001775369,0.01059279278862657
0.3739209124663333,0.6053131993099112,0.020765888223756357
0.5110475070338341,0.4401151808903095,0.0488373120758559
0.43616734091800824,0.5601580065615102,0.003674652520480797
0.5577062659077482,0.43056371434753843,0.011730019744712833
0.44474446743994733,0.5517097270673373,0.0035458054927147353
0.4744795668827688,0.513857157157398,0.011663275959832988
0.4908474161336857,0.38299809873496005,0.12615448513135402
0.4140168609445456,0.5821337917588895,0.0038493472965645567
0.1562551873730684,0.16618855092550908,0.6775562617014232
0.5139791943460997,0.33501365105517505,0.15100715459872546
0.17562122297807656,0.09659138723637348,0.7277873897855502
0.4550383515518342,0.5042033180810328,0.0407583303671329
0.5016405332846041,0.4466733054352373,0.051686161280158585
0.4869105804366598,0.4948665437092778,0.018222875854062695
0.42647334512085866,0.5679718744838071,0.005554780395333434
0.4267783616863606,0.5642414548258101,0.008980183487829658
0.4702348732200424,0.5140368966881178,0.01572823009183896
0.443894441701305,0.5304957726056466,0.025609785693048517
0.1649583098028862,0.166116946535178,0.6689247436619371
0.45303409670380035,0.5379688923100807,0.00899701098611845
0.4959801812991609,0.49379584318387515,0.010223975516963631
0.4477042013089266,0.5206497236504589,0.03164607504061436
0.28390416293390447,0.30756188576333154,0.4085339513027644
0.5189087272611108,0.46124443196814124,0.01984684077074802
0.4952527391441087,0.5001632833065086,0.00458397754938343
0.42028340723793445,0.567375213816817,0.012341378945249056
0.4351633336641866,0.5349408532862782,0.02989581304953494
0.5003914263080051,0.4233465663019847,0.07626200739001049
0.4409970589338122,0.5486824033894916,0.010320537676695963
0.46220284110928395,0.4618251481643369,0.07597201072637959
0.4480047361759866,0.5387892398331681,0.01320602399084458
0.4950806099338385,0.4745944489599906,0.030324941106171423
0.38882002696770074,0.5273669634963405,0.08381300953595913
0.4957283502712533,0.457598168407324,0.04667348132142284
0.43217752950347,0.5634175741206636,0.004404896375865719
0.5274630429120377,0.47252947813224405,7.47895571844289e-06
0.3187808496773158,0.3040764930054088,0.37714265731727464
0.3503168115889409,0.6470725899388658,0.0026105984721934545
0.4251426307993741,0.4860072907327764,0.08885007846784893
0.4743280025234777,0.5154699971439816,0.010202000332540637
0.48401782373589336,0.4996748650297616,0.0163073112343453
0.47626239837161666,0.5139177057443255,0.009819895884058629
0.4480172361572495,0.5435862277201862,0.008396536122564012
0.5143953468949837,0.3611500923424923,0.1244545607625234
0.20816832722687278,0.16103533621728966,0.6307963365558374
