0,1,2
0.49056226909700074,0.4842017228525539,0.025236008050445177
0.45297235372689476,0.4989148301033574,0.048112816169747934
0.44709731568761274,0.5109634428381229,0.04193924147426454
0.44880282758548634,0.5094438855513829,0.04175328686313072
0.4728662571578279,0.4909989515677507,0.03613479127442118
0.4813520931667114,0.4842130249282942,0.034434881904994365
0.4712983979809181,0.4905014407939681,0.03820016122511376
0.44257954178087616,0.5160780922265009,0.04134236599262283
0.4606589230423705,0.4991012009877205,0.040239875969908925
0.45254824789329456,0.5052167139868277,0.04223503811987794
0.4395362390194335,0.5184716998494258,0.041992061131140616
0.45147981621212085,0.5093633677372661,0.03915681605061315
0.4683444779695861,0.48977683861158416,0.04187868341882974
0.48240905286656255,0.4822849187736419,0.03530602835979544
0.4638426674160065,0.5066645943110262,0.02949273827296713
0.45718331317404126,0.5037277768095567,0.03908891001640182
0.45756023203723023,0.51119548453082,0.031244283431949835
0.5018074480794016,0.4558840085771161,0.04230854334348196
0.4669654592510574,0.5018318047912962,0.03120273595764658
0.47913688901911383,0.48394538034760515,0.03691773063328079
0.4779382346758364,0.48450625924162505,0.037555506082538555
0.4270966393989392,0.5295983189107749,0.04330504169028584
0.45778092707103746,0.5031144510084431,0.03910462192051935
0.45749696197709944,0.4997548506999279,0.04274818732297278
0.45322811278827585,0.5119366395657607,0.034835247645963206
0.476417840933608,0.49760270263848444,0.025979456427907607
0.43311567813285773,0.5240912032393921,0.0427931186277503
0.4933069452425996,0.4668666497063881,0.03982640505101232
0.4701020886622527,0.49020419060576487,0.03969372073198243
0.4749667274754329,0.48653099537474176,0.03850227714982519
0.47097222126227795,0.48589568098455926,0.043132097753162554
0.46935894220845015,0.49996465876235385,0.030676399029195927
0.49552980722574125,0.46458662641432824,0.03988356635993047
0.463241364411948,0.49589864389219496,0.04085999169585696
0.4414258473590245,0.5159567957276153,0.042617356913360244
0.47226214319497223,0.4968667121302183,0.030871144674809482
0.451590127282799,0.5065154437202032,0.04189442899699787
0.4396353922830707,0.5236210983527644,0.03674350936416474
0.43999224289851796,0.5225894254268154,0.03741833167466644
0.4699172978087166,0.4981989052950806,0.03188379689620272
0.44862403997588696,0.5215465843968161,0.029829375627296935
0.4679350227444401,0.491733805223533,0.04033117203202693
0.5013714008717779,0.46459958972266013,0.03402900940556187
0.477834766976234,0.4766016459638777,0.045563587059888215
0.4565172030864419,0.4998779160728007,0.04360488084075737
0.4809547966658428,0.47632689052524696,0.04271831280891014
0.44900533681729665,0.49524813202206985,0.055746531160633134
0.4733876383233457,0.4837991645683488,0.042813197108305646
0.44656191559684427,0.5152325063029419,0.038205578100213904
0.4539832452305961,0.5044360441236663,0.04158071064573747
0.44686143843991377,0.5130525131975625,0.04008604836252378
0.44088177386186067,0.5233184709321805,0.035799755205958704
0.4792640925659926,0.47803828085430705,0.04269762657970026
0.4377374437983277,0.5204258894171713,0.041836666784500764
0.4501140932498883,0.5086681909167635,0.041217715833348205
0.47424986917544,0.4995657555909205,0.026184375233639624
0.44048404650132894,0.5216290580386431,0.03788689546002786
0.4407167441010063,0.516876466983521,0.04240678891547295
0.44047038178154474,0.519495909271146,0.040033708947309225
0.4579558732132533,0.4989829908431357,0.04306113594361098
0.4430109638290756,0.5161078924672327,0.04088114370369159
0.470799712659721,0.48866206177644544,0.040538225563833435
0.4953801105837034,0.4745386315575776,0.030081257858718857
0.5009459547684714,0.4628868702140708,0.036167175017457864
0.4378098825966808,0.5271957069445319,0.034994410458787234
0.48346582725033543,0.4890390829504893,0.027495089799175153
0.4918020973796386,0.4737949150396139,0.03440298758074742
0.44931388597334804,0.5074347806018912,0.04325133342476073
0.45619590570945673,0.5120664259663245,0.031737668324218746
0.4453386282985645,0.5119595429299019,0.042701828771533494
0.43881219726662635,0.519692710080373,0.04149509265300074
0.46610009889023746,0.5010892921041719,0.03281060900559052
0.46726131754633954,0.49108442294682286,0.04165425950683773
0.44117611408373786,0.5159574608733839,0.042866425042878166
0.4489808286468879,0.5155133600928946,0.03550581126021743
0.45383020627525167,0.5054533358251128,0.04071645789963541
0.44658090037485876,0.5147348543281887,0.03868424529695272
0.45530311803034496,0.5039133875968899,0.04078349437276526
0.4767330442124537,0.48836900075191203,0.03489795503563418
0.45549623689794433,0.49779877818598867,0.04670498491606707
0.4404999846786462,0.5195715152182577,0.039928500103095885
0.44594402573302117,0.5250277422483866,0.029028232018592334
0.4387502470490767,0.5197009692945931,0.0415487836563301
0.4425612927062709,0.5234390826139939,0.033999624679735024
0.4406798389880938,0.5202310023851444,0.039089158626761766
0.461651685029134,0.4976196149905287,0.04072869998033711
0.44122935576480643,0.5198171141075898,0.03895353012760393
0.49527539815552885,0.4661570674204647,0.03856753442400635
0.5009383090374573,0.45981848664306085,0.03924320431948195
0.4572769284061729,0.4972333498315822,0.04548972176224493
0.49431148826840265,0.4791924460821259,0.026496065649471472
0.4820732110497141,0.4518364427296343,0.06609034622065164
0.47066872840013335,0.49347713223170575,0.03585413936816126
0.43790126648306604,0.520865568052745,0.041233165464188884
0.44389618668310243,0.5297781338768177,0.026325679440079897
0.468171310821934,0.49260455952268867,0.03922412965537731
0.4691643854589437,0.48516998991188176,0.04566562462917457
0.45322999762626265,0.5038726683701361,0.04289733400360102
0.455687783166978,0.5041969001679507,0.04011531666507133
0.44044902792399315,0.5171068373656902,0.042444134710316724
0.4449329498441413,0.5197747779033185,0.035292272252540384
0.4414784437899699,0.5203884027423997,0.03813315346763021
0.46274726493384477,0.49608376607450005,0.04116896899165517
0.4477527858599712,0.5120900955094356,0.040157118630592965
0.46880302056419376,0.49210159394692604,0.03909538548888016
0.476986187329942,0.4880943261732525,0.03491948649680549
0.4661728322069485,0.4952593929509107,0.03856777484214087
0.4674627599907127,0.4985135007136946,0.034023739295592784
0.44242542112096533,0.5235753087816541,0.03399927009738067
0.4757436055426496,0.48120425376912246,0.04305214068822781
0.4463799009924762,0.5125542768829798,0.04106582212454391
0.4842558529325035,0.47022941698002574,0.04551473008747074
0.44019756369552504,0.5203588321558207,0.03944360414865414
0.4681577239128399,0.49084585555617266,0.040996420530987426
0.4548431622011405,0.5020721637200637,0.04308467407879582
0.4523708678023829,0.5070665124428408,0.040562619754776194
0.46314062366800346,0.49766652835347297,0.03919284797852359
0.4445921200674359,0.512964645871757,0.04244323406080703
0.4448889712400039,0.5126003020648547,0.04251072669514159
0.4467966477433454,0.5155087913313086,0.03769456092534596
0.44497181702659455,0.5134153248324227,0.04161285814098257
0.47279871500492715,0.4916079494970585,0.035593335498014474
0.45375680666853013,0.5057252076035389,0.04051798572793101
0.4607603323009742,0.5127681166663132,0.02647155103271267
0.4948027049340571,0.4731467929946181,0.03205050207132477
0.4702931423219275,0.4962291529976238,0.03347770468044878
0.4452381297210942,0.512902688593631,0.041859181685274506
0.43902292583924446,0.5191763395093635,0.04180073465139176
0.45410289947425764,0.5089367324335522,0.03696036809219012
0.44144376749732905,0.5172908530903665,0.041265379412304265
0.4644509152706641,0.502772321938475,0.032776762790860954
0.45803083634472563,0.5001325969220979,0.041836566733176435
0.4419071907394635,0.5183109712975185,0.039781837963018
0.43854604767148364,0.521394431258119,0.04005952107039733
0.4362707868329629,0.5231784358941641,0.040550777272872866
0.4550270579835348,0.5051506584429896,0.03982228357347575
0.5132295566884273,0.4536227464834938,0.033147696828078804
0.4861418943165083,0.47128489071396784,0.04257321496952411
0.47132142707563307,0.4888561918839116,0.03982238104045526
0.4477582645868226,0.5083864685329018,0.04385526688027566
0.43893190667521825,0.5202010997364118,0.04086699358836989
0.44136923603089007,0.5162270793206009,0.04240368464850902
0.4706556997524673,0.490637562312969,0.03870673793456394
0.4870184812343542,0.48680194712928254,0.02617957163636334
0.44338768825539077,0.5025390488947138,0.054073262849895255
0.5005496215667751,0.46587519433302577,0.03357518410019913
0.4715474309234007,0.48535688366664637,0.04309568540995306
0.4550339872207001,0.5187510041374324,0.02621500864186748
0.472146149240427,0.488779698685548,0.03907415207402472
0.4499022614584222,0.5209606611780839,0.029137077363493902
0.4495898252678846,0.5128154705448195,0.03759470418729594
0.464316935439276,0.5028142697897819,0.03286879477094222
0.44782616586553536,0.5069867881938198,0.04518704594064491
0.48155959521939007,0.47710121658117116,0.04133918819943871
0.5012345730640311,0.4655011764532772,0.03326425048269165
0.4402852417355907,0.5222075911642221,0.03750716710018713
0.4576330894905929,0.5029617736932721,0.03940513681613482
0.49053949937007424,0.46918180226690925,0.04027869836301647
0.47218269025462073,0.49478846467247056,0.033028845072908895
0.450559485411348,0.5064213324521842,0.04301918213646789
0.46556793232422716,0.4834450105432177,0.05098705713255525
0.47491824845289804,0.45434929810041835,0.07073245344668344
0.47619373318626346,0.486554771757327,0.03725149505640962
0.44991573632995474,0.5137155884648171,0.0363686752052283
0.4815999788174006,0.477450760825201,0.040949260357398425
0.4525059444004719,0.5046160329279521,0.04287802267157579
0.4381085545813302,0.5201842851638657,0.04170716025480415
0.45970941448938446,0.5077868026686461,0.03250378284196935
0.43934824927460325,0.5201051879484289,0.0405465627769679
0.4569247253557817,0.5075238433872289,0.03555143125698928
0.48726515927752845,0.4771894285654147,0.03554541215705679
0.4565702704239321,0.5011233504681258,0.04230637910794234
0.49447194595176175,0.47488643553859977,0.030641618509638584
0.44192357371388064,0.515602678544603,0.04247374774151647
0.4522932553953823,0.5125310202062464,0.03517572439837111
0.4480942331670464,0.5137593514197415,0.03814641541321192
0.4591535995876396,0.49833774050992635,0.04250865990243398
0.4400071717413352,0.5302814856253919,0.029711342633272783
0.44252866562127896,0.5156963742685561,0.04177496011016502
0.4805224699700949,0.4789269404300897,0.040550589599815216
0.4697890937718196,0.48924302010684156,0.04096788612133872
0.46270065758281453,0.4986380741413457,0.03866126827583992
0.4932267600070268,0.4831906028406978,0.02358263715227529
0.4423063324518288,0.5195135504362148,0.03818011711195658
0.4591528645187071,0.472435040314947,0.06841209516634607
0.47177797208565087,0.49569127293727,0.03253075497707912
0.43937179305281326,0.5257332359170436,0.03489497103014333
0.4518914277405385,0.5055163793436183,0.042592192915843576
0.48239109831516735,0.4767373333893534,0.04087156829547932
0.46294247224561724,0.49238301902040765,0.04467450873397499
0.48098177765269695,0.4796402363247724,0.039377986022530787
0.459120583841605,0.5035129123082901,0.03736650385010489
0.4382814111795844,0.5295743383886533,0.032144250431762396
0.4583171635062845,0.49972335921805655,0.041959477275658644
0.46287670734568975,0.505410848041789,0.03171244461252138
0.4421082105427125,0.516294962009098,0.04159682744818941
0.49473979996162265,0.4650339557151029,0.04022624432327456
0.4393499983129472,0.5212806657671114,0.03936933591994136
0.4393489669676717,0.5220465608386032,0.038604472193725224
0.47296184887651205,0.49713388917058543,0.02990426195290244
0.4432566801947812,0.5148013381592541,0.04194198164596469
0.4417448767880004,0.5210360075093905,0.03721911570260911
0.4403681712274629,0.5221654520138439,0.03746637675869297
0.4572631248796125,0.5007501617369182,0.041986713383468856
0.4454989192489791,0.5133370652386109,0.0411640155124099
0.5005724756237637,0.4571688819877732,0.04225864238846305
0.44082150837539885,0.5211069421540531,0.03807154947054809
0.41133433785160695,0.5082604533672755,0.08040520878111744
0.4602538552386517,0.4967434312626014,0.0430027134987469
0.44060463819768064,0.5227867185900626,0.03660864321225663
0.49160834066047016,0.46880878435098416,0.03958287498854574
0.4582986426736063,0.5008187937326345,0.040882563593759316
0.45658647072577035,0.5088278002563037,0.034585729017926045
0.44980762328648854,0.5093179126663462,0.04087446404716513
0.44221468111669543,0.5049998170456451,0.05278550183765939
0.4430215695294353,0.5159062498955242,0.0410721805750405
0.4362210138778127,0.5230671477301445,0.040711838392042926
0.46410158654859807,0.49392766816680767,0.04197074528459429
0.4673651472925811,0.49275600310746487,0.03987884959995386
0.46023970915316137,0.4980082962707375,0.04175199457610079
0.4424757423455179,0.517831890954389,0.03969236670009322
0.43779608076883325,0.5218976159937854,0.04030630323738149
0.4391897020220627,0.51913941070006,0.041670887277877385
0.4386395706762308,0.5221807113275179,0.03917971799625118
0.4489491995729989,0.5113860984736512,0.03966470195334965
0.4558285521730948,0.501184089997971,0.04298735782893404
0.45734876467824465,0.5071756086139243,0.03547562670783112
0.451119179368973,0.510488961215686,0.03839185941534109
0.4450474273148405,0.5197199274704773,0.035232645214682015
0.4444796889593333,0.5120160221864201,0.043504288854246634
0.4470888785870864,0.5116225067434881,0.0412886146694255
0.49537696228815603,0.4746160826655552,0.030006955046288745
0.44154374702844734,0.5235066466189688,0.034949606352583644
0.4357127763457911,0.522191968583097,0.04209525507111187
0.4518465734556148,0.5153383203538716,0.03281510619051354
0.4504221532359864,0.5143549394930066,0.03522290727100706
0.48572969319179754,0.4693962462536146,0.044874060554587925
0.47386649316717555,0.4913523508503641,0.034781155982460364
0.46896764777935396,0.4917779269939005,0.03925442522674565
0.4991629489392606,0.45689126570792027,0.043945785352818775
0.4730931146643897,0.4787540747899701,0.04815281054563995
0.47016098781030397,0.49252915448341755,0.03730985770627844
0.4548472508997302,0.5040373439237578,0.04111540517651204
0.4400013608857714,0.5213237238913102,0.038674915222918514
0.446061166884753,0.5142204091669781,0.03971842394826884
0.43873283655007905,0.5171491225208285,0.044118040929092356
0.44512303021302935,0.5188143159066051,0.03606265388036566
0.496309434949015,0.4686291307150429,0.035061434335942235
0.4456809898898331,0.5121161310930037,0.04220287901716351
0.5000019732568067,0.4652174866442872,0.034780540098905854
0.4687004390362619,0.5028235178129349,0.028476043150803293
0.4773267612098718,0.4920004740296242,0.030672764760503998
0.44815709273913484,0.5191951568603463,0.03264775040051894
0.47965750747490027,0.4799318849497046,0.04041060757539529
0.44003870486926894,0.5189264277678256,0.041034867362905264
0.45774843825105127,0.5024283646625771,0.039823197086371866
0.4511200467059899,0.5095607440005254,0.03931920929348463
0.4391420771916039,0.5204398453991287,0.0404180774092674
0.44017159931583205,0.5268680793108194,0.03296032137334849
0.4460806913267051,0.5121811323030853,0.04173817637020954
0.43987131624523657,0.5250886127066374,0.03504007104812602
0.44830851800665944,0.5085125934002631,0.04317888859307747
0.4569216870616531,0.5082977859668193,0.03478052697152777
0.5142526086055481,0.4542076628693187,0.03153972852513304
0.4350406088448601,0.5198071042798333,0.04515228687530667
0.5011099027642207,0.4601600356658155,0.03873006156996382
0.48061979041683245,0.4750455470610111,0.04433466252215635
0.49429709759006996,0.4672890985444758,0.038413803865454094
0.507322626107419,0.4579107722186392,0.034766601673942125
0.44289544057768465,0.5207577007566379,0.03634685866567749
0.43030327630271903,0.49194499855856527,0.07775172513871541
0.4645283310532642,0.4927427293600986,0.04272893958663703
0.4477525285249138,0.5099291113366794,0.04231836013840659
0.47356909662882224,0.48835331009799393,0.03807759327318376
0.5064529032800432,0.45273030413316656,0.04081679258679011
0.4406734354010661,0.5199819662985662,0.039344598300367975
0.4414887768190493,0.518900320097001,0.039610903083949336
0.445497461327385,0.5151636408769824,0.0393388977956326
0.44044672446589545,0.5179537228678885,0.04159955266621598
0.44245811112848543,0.5211814801530454,0.036360408718468844
0.482182680374214,0.480577139826095,0.03724017979969096
0.4457424378478078,0.4971278273244073,0.057129734827784766
0.4607125671050643,0.5056393128306146,0.03364812006432087
0.48080646643992186,0.4812834034346847,0.03791013012539336
0.4388189649931486,0.5200793036919029,0.04110173131494834
0.4503993110430762,0.506736559216464,0.04286412974045989
0.487047744316252,0.4482075307434416,0.06474472494030653
0.5008616319859065,0.4615277451701806,0.03761062284391282
0.46581922538690157,0.5057386566862995,0.02844211792679915
0.4635360403655978,0.4937080430970932,0.04275591653730893
0.22558617651083937,0.21901933925551087,0.5553944842336499
0.44500822588078603,0.5147937216991338,0.040198052420080135
0.44473179061413126,0.5132014661562323,0.04206674322963656
0.4785616166765174,0.4839174442564752,0.037520939067007396
0.46426293432319116,0.49463089103147545,0.04110617464533351
0.4509375873118771,0.5076337076065068,0.04142870508161606
0.45863632267827786,0.4889926375586077,0.052371039763114094
0.4380390270650514,0.5281590705814847,0.033801902353463927
0.4426016452805868,0.5140773043898607,0.043321050329552635
0.48119361106178105,0.4796353894024527,0.039170999535766346
0.4515326117995356,0.5114315523351549,0.0370358358653093
0.47428602041677953,0.4948837943509271,0.03083018523229344
0.45069325935489823,0.5095914993541988,0.039715241290903036
0.47374099043027657,0.47344461717048136,0.05281439239924225
0.475626632341366,0.48462155061149137,0.03975181704714249
0.4556602732720535,0.5035988808948791,0.04074084583306741
0.43816666748683025,0.5193404163645285,0.042492916148640876
0.4641533842839524,0.493569069302111,0.0422775464139366
0.4707960819502097,0.4841191795770933,0.04508473847269685
0.49866505959798557,0.4636605468102911,0.03767439359172337
0.4822655065217714,0.48175796337270865,0.03597653010552009
0.4501586224916036,0.5089854133720574,0.04085596413633887
0.4388314295276727,0.5207924675231538,0.04037610294917346
0.4503158130529363,0.5145121338910185,0.035172053056045365
0.4629093303018054,0.5023841879434074,0.03470648175478701
0.4402005505730549,0.5199640391397214,0.039835410287223816
0.45711910401950795,0.5030801456104973,0.039800750369994566
0.43194510957769694,0.5137577421099943,0.054297148312308835
0.46954081531802183,0.48983856232718614,0.040620622354791774
0.4828030768816202,0.4741230163461358,0.043073906772243965
0.45302755086333774,0.5045428266704737,0.04242962246618826
0.4481219063090643,0.5113814546489269,0.04049663904200882
0.4725745526999821,0.4903011757893115,0.03712427151070657
0.446398449373695,0.5129604796523433,0.0406410709739618
0.4368911659893353,0.5213369657644215,0.04177186824624326
0.4663291251522338,0.5002199125479734,0.033450962299792907
0.4430303165426756,0.5193493403935109,0.03762034306381352
0.4450701343957121,0.5183905271064724,0.036539338497815314
0.44310712252252127,0.5159321713457912,0.04096070613168737
0.45243079052400786,0.5100849773095785,0.03748423216641359
0.4424618469585615,0.5220727992877708,0.035465353753667474
0.5141691567067301,0.45423234166696846,0.03159850162630135
0.49367479497421934,0.46606378733659815,0.04026141768918253
0.47194131466326505,0.49652202647090626,0.03153665886582866
0.47792399250540346,0.4819896782670723,0.04008632922752423
0.4511493853681097,0.5062367895527251,0.0426138250791651
0.4597143559995409,0.5011184930791021,0.0391671509213573
0.4591077102470398,0.5043648542429346,0.03652743551002539
0.4389914143168664,0.5195017881889247,0.0415067974942089
0.46266743388077797,0.4958664639031608,0.0414661022160612
0.44441423987516027,0.5204750347500673,0.03511072537477269
0.4713411696843878,0.4885449027489028,0.04011392756670941
0.4362878512723621,0.5129437366740037,0.05076841205363423
0.4458332565887123,0.5128529976979836,0.041313745713304054
0.44320822420169376,0.5161874120561417,0.04060436374216466
0.4854353079302329,0.4749769434288691,0.0395877486408979
0.48959569200483316,0.46886790454310534,0.0415364034520617
0.40226534878677694,0.4721263332014708,0.12560831801175196
0.48461929120241404,0.4760934496869564,0.03928725911062955
0.49833389445662757,0.46817072150273653,0.033495384040635706
0.4445171513288753,0.5134477219282388,0.04203512674288599
0.4639053114860558,0.4978230240987015,0.038271664415242504
0.4564819033281849,0.5061961176554618,0.03732197901635317
0.4556026272803492,0.5048805925144554,0.03951678020519521
0.44199487747394706,0.5158110611645965,0.04219406136145668
0.4580444682982781,0.501027077566465,0.040928454135257114
0.46412744757753643,0.49543102924515225,0.04044152317731145
0.44731954948483166,0.51882579213067,0.03385465838449813
0.44711810883534814,0.5138217721183678,0.03906011904628407
0.491395458739633,0.4763089198077836,0.03229562145258331
0.45660686007402423,0.5019395828560236,0.04145355706995222
0.5021962783416335,0.4554564759993402,0.042347245659025964
0.48803368570023725,0.4852147996960852,0.02675151460367745
0.47698445002175566,0.48876335413308675,0.03425219584515749
0.47313320394884345,0.4875063821773241,0.03936041387383256
0.48167476873203285,0.4790829073974085,0.03924232387055874
0.4697758554710649,0.48888610644813923,0.04133803808079579
0.44327286315147946,0.5137991202343292,0.04292801661419135
0.4419023927875678,0.517293295730592,0.040804311481840404
0.4471220961687055,0.5119247475408386,0.04095315629045602
0.4600453049603237,0.5046297277073587,0.035324967332317506
0.43388388120863214,0.5309351105493624,0.03518100824200527
0.4864124936091393,0.386902158374839,0.12668534801602166
0.4553353021030432,0.5028182668981516,0.041846430998804994
0.4526885651282837,0.5205489367436968,0.026762498128019323
0.45221019223231324,0.5075464321399994,0.040243375627687594
0.4410248971922183,0.5263352095788565,0.03263989322892495
0.47998454056580303,0.47801961081815664,0.04199584861604004
0.44121772082788685,0.5211807919515187,0.03760148722059478
0.48629458851858215,0.4705531849861508,0.043152226495267045
0.4416047647658588,0.5158690511192502,0.04252618411489087
0.4673329273373108,0.49052466877963136,0.0421424038830578
0.4374555646694019,0.5190680356756524,0.04347639965494567
0.4748694591582278,0.4865616883864044,0.03856885245536791
0.4665681940110287,0.49213773245636555,0.04129407353260574
0.4600617510733347,0.5145000188625378,0.025438230064127557
0.4394216515470646,0.5179325160943983,0.042645832358536834
0.45036028865280603,0.5082576997567023,0.041382011590491694
0.46564946530568263,0.49207166692816817,0.04227886776614928
0.4858409096547532,0.4723634624917072,0.04179562785353969
0.4393225279296102,0.521563616762078,0.039113855308311726
0.19326224577379444,0.6247058103536183,0.18203194387258723
0.4460711372889593,0.5128123023501548,0.041116560360885845
0.37500250275662245,0.5117872004084989,0.1132102968348787
0.4610008142759054,0.504423098772132,0.03457608695196262
0.4715758413898616,0.49168935109593953,0.036734807514198976
0.485756794105587,0.4732929695728741,0.04095023632153887
0.4989479709274768,0.46294210215329434,0.038109926919228966
0.45558234854319685,0.5043512574771779,0.04006639397962507
0.4708425412598816,0.4882818909283084,0.04087556781181013
0.44337432941297084,0.52153493935825,0.035090731228779086
0.43824429642948143,0.5211475453253754,0.04060815824514309
0.4476361326274136,0.5149593564295625,0.03740451094302386
0.45112437822483353,0.5037491782141881,0.045126443560978516
0.4823179342167306,0.48567095554212963,0.032011110241139736
0.4540405570423798,0.5084057199921943,0.0375537229654258
0.4390089103718515,0.5199824740395669,0.04100861558858173
0.4568148311347515,0.5100123015754494,0.03317286728979891
0.438228502752984,0.5201256682140382,0.041645829032977894
0.4097028186677388,0.5129521263651035,0.07734505496715782
0.43745272320064327,0.5215946525813885,0.040952624217968206
0.4632940893126524,0.5005254658250284,0.03618044486231895
0.4391874627464677,0.5190911996793159,0.04172133757421631
0.44368904580185325,0.5145765204761169,0.04173443372202997
0.49714266721466926,0.46847214970120493,0.034385183084125956
0.4625932055243858,0.4949195680935041,0.042487226382109965
0.4954199122941143,0.4651606584629474,0.039419429242938266
0.44012643376258465,0.5200344205950698,0.039839145642345475
0.4966559722545123,0.471041042808882,0.03230298493660569
0.4871773681827697,0.48875877355879077,0.024063858258439385
0.4428129852507456,0.5154558267071898,0.04173118804206449
0.44184438251440455,0.5159506817259517,0.04220493575964354
0.45339963085139895,0.5069451613574273,0.03965520779117373
0.451154953985131,0.516799094335282,0.03204595167958707
0.44918317809330344,0.5099014124706782,0.040915409436018256
0.461953472696373,0.49419720786390137,0.043849319439725594
0.43991912398492267,0.5194283382972349,0.04065253771784251
0.4380200917474085,0.5272446171769203,0.03473529107567111
0.44698903182883015,0.509396854448906,0.043614113722263904
0.4649159093374078,0.5053072018697398,0.02977688879285229
0.48198437170131875,0.47608328801762795,0.04193234028105344
0.4431994908871244,0.5133419762372853,0.04345853287559013
0.47190550069203496,0.4877648039259687,0.04032969538199638
0.46535718977891694,0.4904685748012981,0.04417423541978508
0.46067007326172943,0.5013650454830477,0.03796488125522296
0.487333515659926,0.47060182251314603,0.04206466182692781
0.4517058849770846,0.5043127895125477,0.04398132551036774
0.4428603727876878,0.5185647256877565,0.03857490152455569
0.48593384346100066,0.47727245007804786,0.03679370646095155
0.4507302916974126,0.516849524192726,0.0324201841098613
0.44534849591305364,0.5197287975819944,0.03492270650495207
0.4635418059578864,0.49962224115679255,0.03683595288532088
0.4577512644890242,0.5017726809615102,0.04047605454946547
0.47505128817351927,0.4907089964673611,0.03423971535911959
0.4655197166299047,0.4859936726612276,0.0484866107088675
0.4505428507897821,0.5141732974182346,0.03528385179198335
0.49153380604784896,0.45057575186962917,0.057890442082521885
0.44944834566654474,0.5082316986994498,0.042319955634005355
0.46144020564416094,0.49877092748285917,0.03978886687297983
0.4780982036722562,0.4842136351817061,0.03768816114603768
0.43228412636584074,0.524387491314813,0.04332838231934608
0.44884148462472956,0.5097539839123806,0.041404531462889894
0.46794482030735,0.4923636531289798,0.039691526563670226
0.4403148657974694,0.5190907699572995,0.04059436424523096
0.47597908080737444,0.48193599437614537,0.04208492481648018
0.44266390076785506,0.523830177577758,0.033505921654386824
0.4347208564852414,0.5269896789543632,0.03828946456039551
0.4542058456116074,0.4966094743651842,0.04918468002320821
0.5016998194228969,0.4579072871379763,0.040392893439126804
0.4500738232283368,0.5086541791006137,0.04127199767104926
0.47257434634084633,0.4977300348507865,0.029695618808367068
0.4820680445951633,0.4744281184936632,0.04350383691117353
0.4555205317697049,0.5119193398488996,0.03256012838139549
0.44022731412371957,0.5202498135412981,0.03952287233498232
0.4477729778308186,0.5139250041035266,0.038302018065654926
0.4420258989607657,0.5186904771764296,0.039283623862804644
0.4324635998763793,0.5287832700332475,0.03875313009037307
0.47322734789830234,0.4946984452651463,0.03207420683655133
0.4671059794631794,0.5057399902115111,0.027154030325309716
0.4400346783901888,0.5306873493577924,0.029277972252018745
0.4481493853572266,0.509436338842077,0.0424142758006964
0.4863843383533502,0.4721363728815704,0.04147928876507945
0.47520312980892837,0.48498977480820726,0.03980709538286433
0.487964718549857,0.45992716558692454,0.05210811586321853
0.45815066622498746,0.5027192567526193,0.03913007702239292
0.4485444441078804,0.5107020447060958,0.040753511186023675
0.4413122445233473,0.5139941074941382,0.044693647982514365
0.4387229710937606,0.520638478295033,0.04063855061120633
0.44101243856744726,0.5220477804218262,0.03693978101072662
0.47026429068424097,0.49468435877005273,0.03505135054570605
0.4703408877774851,0.47570950024128617,0.053949611981228815
0.44813742823427366,0.5103422756439511,0.04152029612177549
0.4455782077182043,0.5265135559475247,0.02790823633427107
0.46805517454691303,0.4904249254624339,0.04151989999065267
0.43984790395251977,0.5200370141074352,0.04011508194004486
0.44379310264823996,0.5158347671991714,0.04037213015258878
0.4526653227820207,0.5104894561988584,0.03684522101912092
0.43933121489888033,0.518182472244966,0.042486312856153605
0.441043813345465,0.5213871763224742,0.03756901033206087
0.4386848506599924,0.5227698098242787,0.038545339515729096
0.4426357668695009,0.5152268472534249,0.04213738587707414
0.45796002380163414,0.5008922506027291,0.041147725595636876
0.4752949438925234,0.4851015346715514,0.039603521435925014
0.485722807900546,0.4742613220741687,0.040015870025285095
0.48748705471522696,0.47290953943526665,0.0396034058495064
0.4566947032373252,0.5046762375303531,0.038629059232321725
0.43467469902357764,0.512027858087832,0.053297442888590306
0.4449124792413267,0.5156501361619455,0.03943738459672754
0.4628427524090211,0.5021600246481697,0.034997222942809075
0.4642334754348106,0.4886672659942736,0.04709925857091603
0.4638030133361146,0.49607930682924517,0.04011767983464039
0.439500841737847,0.5255986729456555,0.034900485316497594
0.46155033113419486,0.5016167527042156,0.036832916161589624
0.4626979712723937,0.5181252221733883,0.01917680655421782
0.48009247350378703,0.4772574314044621,0.04265009509175103
0.444580938321014,0.5145863675138398,0.04083269416514636
0.47484295952478095,0.48395204342909276,0.041204997046126235
0.4643399826167629,0.4955415081728627,0.04011850921037434
0.47243619718927715,0.4884435420845559,0.039120260726166894
0.4403787261571068,0.5188176787015043,0.040803595141388774
0.4512449789682048,0.5066180781020934,0.042136942929701916
0.44721934736856794,0.5117434310983904,0.04103722153304167
0.44143103909839326,0.517229215992963,0.041339744908643554
0.4435999315748332,0.5174479273606193,0.03895214106454761
0.4726527394531157,0.48598561707679283,0.04136164347009153
0.4998907791236109,0.46824599708029196,0.0318632237960971
0.4470195380426596,0.5191491809078903,0.03383128104945011
0.4406378084603406,0.5185984086145726,0.04076378292508648
0.4654082654935079,0.5082389720310928,0.026352762475399354
0.45830825991709295,0.5141950414134377,0.02749669866946921
0.4404709374964944,0.5181824723156556,0.04134659018785002
0.4931534647747528,0.46405531146143364,0.04279122376381348
0.45228824497614944,0.5070023736652512,0.04070938135859923
0.4388591916801552,0.5185970359214607,0.04254377239838412
0.44592399625074525,0.511834181976503,0.04224182177275174
0.45633205857236864,0.5023945512645521,0.04127339016307915
0.45499386348525006,0.5052606289556847,0.039745507559065356
0.44390197173705365,0.5137764621147061,0.04232156614824021
0.44772620070527364,0.5139212264165842,0.03835257287814212
0.4980128182906837,0.46891084013392637,0.033076341575389925
0.44323299170445923,0.5258638527069228,0.03090315558861797
0.4536784648818649,0.5091525128129246,0.037169022305210325
0.43643606964761833,0.5197906907005083,0.043773239651873276
0.45766477795075694,0.5020812129643936,0.04025400908484949
0.4526160713146499,0.505992253829053,0.04139167485629675
0.48363407541042314,0.47187755103102796,0.04448837355854866
0.47099408169646173,0.4913515353724432,0.037654382931095236
0.48796857379345104,0.47627458580502374,0.035756840401525325
0.4755518495059811,0.4856092804248252,0.03883887006919342
0.43977046044683776,0.519986070608972,0.04024346894419012
0.4788619315563027,0.47855007995316584,0.042587988490531595
0.461528240937611,0.5010011960770365,0.03747056298535231
0.44766669198156117,0.5125503865481671,0.039782921470271446
0.47828832588031267,0.49665060535429023,0.025061068765396974
0.4451205009894544,0.5132169784568382,0.04166252055370745
0.4429221350647394,0.5181874919822756,0.03889037295298496
0.46751276074793396,0.49553536119582603,0.03695187805623984
0.4938555583805225,0.4742842147701279,0.03186022684934978
0.46771429247676155,0.5080537102877865,0.024231997235452114
0.447049289988235,0.5113912718713369,0.04155943814042791
0.44197719762759496,0.5184356117107178,0.039587190661686936
0.4586770919104748,0.4999402085168951,0.0413826995726301
0.44979396069122496,0.5097674900689456,0.04043854923982948
0.44291834678392505,0.5170313631763273,0.04005029003974765
0.45702021933046033,0.49990745632063255,0.043072324348907086
0.44814076841033224,0.5134626160521346,0.03839661553753316
0.4595776171173633,0.5098529279236057,0.030569454959031
0.3742985663931406,0.5171538868025739,0.10854754680428526
0.44499288826663386,0.5185431199357249,0.03646399179764145
0.45710818800272746,0.5041447391844887,0.03874707281278382
0.47488264309026423,0.49103327115553347,0.03408408575420235
0.4514960796618202,0.5157367051655474,0.03276721517263244
0.46990889160711097,0.48943739740112074,0.04065371099176832
0.4720966134122316,0.5005163632445281,0.027387023343240446
0.43911707372797054,0.5194450923973882,0.04143783387464113
0.47687765249139547,0.48283488581181144,0.04028746169679291
0.44662847701772274,0.5116928861798172,0.04167863680246008
0.44692922320097356,0.5167539189290078,0.036316857870018544
0.462060431653943,0.5037536546136372,0.03418591373241959
0.47353636330649285,0.4843948374469342,0.04206879924657301
0.47311644174373496,0.4877276172212049,0.039155941035060295
0.4821409095182614,0.4786934811866159,0.039165609295122535
0.455718007014072,0.5171957631581752,0.027086229827752675
0.4573001126626335,0.5007546950564454,0.0419451922809208
0.4698013508976203,0.49105787302078435,0.039140776081595344
0.4622437840383368,0.5002589711865087,0.03749724477515437
0.4745805777493861,0.48449996521611044,0.04091945703450341
0.4824470098667207,0.4884200067935538,0.029132983339725527
0.47770408658165525,0.4869241394676812,0.03537177395066366
0.4858347383712182,0.4743906993915721,0.03977456223720983
0.48705888888134097,0.47270462375585726,0.040236487362801644
0.4780343404336777,0.4813690453144579,0.04059661425186447
0.4624661620731163,0.5001095480065318,0.037424289920351975
0.47480650776418765,0.4857409416531048,0.03945255058270738
0.47290629127850364,0.48992118093712467,0.0371725277843718
0.4543302056466839,0.5176086387151535,0.028061155638162694
0.490914923179267,0.47028112693044355,0.03880394989028941
0.4963817458905622,0.4359898801064216,0.06762837400301605
0.46003560723471043,0.49046898147507506,0.04949541129021438
0.4548463457536116,0.5103194574423758,0.03483419680401258
0.47577157342186477,0.4830841581210038,0.04114426845713139
0.44177678119756986,0.5224956129530071,0.03572760584942308
0.45119552472922486,0.5134829507142459,0.03532152455652907
0.4542107262845435,0.5037919090346412,0.04199736468081529
0.44028074517991267,0.5217668725185602,0.03795238230152701
0.4430933010803878,0.5207052140990609,0.0362014848205514
0.4386068834375062,0.5200672919366628,0.041325824625831224
0.45769120879190844,0.5011386169708387,0.041170174237252916
0.45453795304579425,0.503911667636694,0.04155037931751196
0.4442642299167903,0.5140498726843475,0.04168589739886221
0.44540966294891554,0.5184659920969666,0.036124344954117794
0.4424824036903623,0.5159314589686392,0.04158613734099855
0.4862680128972494,0.47810859762349883,0.03562338947925175
0.4888620315961267,0.4726475375713034,0.038490430832570074
0.4992048835051455,0.47687537126122315,0.023919745233631357
0.442009221103876,0.5200034583389603,0.037987320557163695
0.46656980533763937,0.49462864909639404,0.038801545565966586
0.4760399828083331,0.489345854532912,0.034614162658754846
0.45937401805610045,0.4993688665212525,0.04125711542264702
0.4819100291212651,0.47958880860529757,0.038501162273437264
0.4517857486345347,0.5141809486437473,0.034033302721717715
0.4481143129038617,0.5094212290415019,0.04246445805463644
0.4486488526488363,0.5088571403578103,0.04249400699335366
0.4575234721623522,0.4998564687114188,0.042620059126228786
0.4426064658279556,0.5189521877429509,0.03844134642909338
0.4612303295183839,0.501144537535791,0.037625132945825104
0.4580045867425887,0.5050910157246332,0.03690439753277796
0.4645837376794382,0.5037527752077327,0.031663487112829077
0.446388558183569,0.5139345737041161,0.03967686811231483
0.49259728551065335,0.47577964959156466,0.031623064897781834
0.45134368932298,0.5094788656774771,0.03917744499954282
0.4455820021556296,0.5123436717942065,0.04207432605016389
0.47934191456822495,0.4901749297414399,0.03048315569033509
0.4818321455788669,0.47832424515092553,0.039843609270207574
0.469686717882828,0.4878965990330991,0.042416683084072954
0.44232522717173983,0.5147730533447475,0.04290171948351256
0.46168608506819986,0.5066915104944886,0.03162240443731157
0.4507899250399303,0.5123200564184046,0.03689001854166493
0.45038856313139447,0.511521461249149,0.03808997561945662
0.47419178141515117,0.4726542698953446,0.053153948689503995
0.44907675964215427,0.5156925721879705,0.03523066816987515
0.44772183197444976,0.5127512467198169,0.03952692130573336
0.4419393499062258,0.5170139100495895,0.04104674004418461
0.46508858200030606,0.4921495629604574,0.04276185503923654
0.45724523961149294,0.5008533675803523,0.04190139280815496
0.45747237509802846,0.5051710802067683,0.037356544695203206
0.45429963122811656,0.49082766386375953,0.054872704908124015
0.442035684985362,0.5171368502801326,0.04082746473450538
0.49323886240977693,0.46519553335074665,0.041565604239476375
0.4469121108785096,0.5165528683140702,0.03653502080742007
0.44038115835356273,0.5215597726035252,0.038059069042911994
0.4535914118226035,0.5035325322401082,0.04287605593728817
0.46706593612869485,0.49232008133418187,0.04061398253712302
0.458380063154155,0.5018824440260474,0.039737492819797646
0.4876328478037567,0.48398725802544496,0.028379894170798354
0.4713331422603673,0.48922117910341467,0.039445678636218166
0.4813678260095974,0.4901141311429851,0.028518042847417557
0.451800310906503,0.5059529947730826,0.042246694320414224
0.48841976213241733,0.47655658484947944,0.035023653018103285
0.48798559683670456,0.47040327796743553,0.04161112519585988
0.44271603516676766,0.5152537033670139,0.042030261466218646
0.5096146309614841,0.43191461792081604,0.058470751117699886
0.4472990378313209,0.4271678043805976,0.12553315778808138
0.44651299968577773,0.5291109092069943,0.02437609110722774
0.4740697390842642,0.48558186763617195,0.040348393279563785
0.4454419566477794,0.5140213628142224,0.04053668053799818
0.4968954061745845,0.4649495086105258,0.038155085214889646
0.4771843618539598,0.4840080249935974,0.03880761315244266
0.43843199279825634,0.522172480436172,0.03939552676557143
0.44681130627834814,0.509310905991074,0.04387778773057794
0.459818097667241,0.4981314736963757,0.042050428636383225
0.48495305350967244,0.47361381488952403,0.041433131600803676
0.44236560452949125,0.5245407764138473,0.03309361905666143
0.4573555144170115,0.49969751283067526,0.04294697275231309
0.4429578689173717,0.5166632316396633,0.04037889944296486
0.4622403228672506,0.49912627051091074,0.03863340662183874
0.44747134924574755,0.5119320191338234,0.04059663162042889
0.46456871021694934,0.49719782389459866,0.03823346588845183
0.46775926055969724,0.4897408234211522,0.042499916019150395
0.43591400300448824,0.478354372040441,0.08573162495507099
0.4767801400673034,0.47954153498830215,0.043678324944394206
0.4493993595686133,0.5157175139399371,0.034883126491449507
0.4430749417379592,0.5228001116291052,0.03412494663293558
0.44258426599633205,0.5199278825248217,0.03748785147884616
0.46103386935877844,0.517017087767682,0.0219490428735395
0.4559569749650217,0.5065574452780998,0.03748557975687874
0.47983468145578256,0.48087848509037945,0.03928683345383794
0.46679565652235333,0.4917414952465825,0.04146284823106396
0.45661515747867004,0.5013514541186171,0.042033388402712736
0.4636546503012479,0.4979419604032893,0.03840338929546268
