0,1,2
0.4171276102256681,0.5445208619993535,0.03835152777497842
0.43318443090741354,0.5275359332118661,0.039279635880720476
0.42455967557289515,0.5358970125387174,0.03954331188838738
0.4282086700349724,0.5332821880162653,0.03850914194876225
0.5254046556987365,0.43482371517694557,0.03977162912431796
0.41787374339162126,0.5428412492214171,0.03928500738696143
0.6044600017652494,0.3582391850918383,0.03730081314291249
0.44929818660452525,0.5111006249770318,0.039601188418442866
0.4253524106557784,0.5194627796327888,0.055184809711432976
0.5129445447961233,0.4473215498066887,0.0397339053971881
0.54788001595841,0.4121485095453361,0.03997147449625399
0.45667391323372913,0.5038529910953805,0.03947309567089028
0.44331558908467006,0.5175691085142028,0.03911530240112715
0.43295400352922203,0.528019410967257,0.0390265855035206
0.4285806422651374,0.536478581008858,0.03494077672600472
0.420841031845777,0.5411643973519914,0.037994570802231314
0.4285960114263097,0.5321387189984376,0.039265269575252844
0.5627268053119002,0.3977051190544508,0.03956807563364895
0.41857086638847846,0.5431943869054457,0.038234746706075615
0.45551749378285017,0.5050095495915216,0.03947295662562832
0.49714587208375327,0.4666072634617018,0.03624686445454504
0.45860732321125963,0.5021795325612298,0.039213144227510474
0.46585091472727647,0.494969246384786,0.03917983888793766
0.4023271488608466,0.5582199268210843,0.039452924318069245
0.4248009262174209,0.5358677632928526,0.039331310489726365
0.4909441347605869,0.47037467588375953,0.03868118935565359
0.5885249361362113,0.37997249367111524,0.03150257019267358
0.5400674654100167,0.4190849633608085,0.04084757122917506
0.4132241484964873,0.554046001714638,0.032729849788874645
0.5133486545024065,0.4469793359991124,0.039672009498481244
0.471774025489703,0.48973035596842834,0.038495618541868656
0.41682568626812605,0.5438997899010671,0.03927452383080663
0.4743075295224153,0.4863188086922841,0.03937366178530062
0.4708125216827961,0.48976097223879345,0.039426506078410625
0.4127000006244095,0.5486947826423927,0.0386052167331979
0.46415806617532984,0.4963011920032907,0.03954074182137944
0.4209963180823026,0.5411618581830233,0.03784182373467405
0.44498614081713644,0.5170881534263221,0.037925705756541486
0.43524631647675294,0.5250934910380617,0.03966019248518525
0.43678636473089266,0.5244047489628687,0.038808886306238646
0.4241244329468596,0.5374786407150651,0.038396926338075205
0.4635072113751221,0.49622014159163164,0.04027264703324648
0.4117713095800218,0.5497125346937701,0.038516155726208125
0.44617771490989055,0.5142109543182802,0.03961133077182905
0.4538527029978837,0.5076008728381135,0.03854642416400271
0.49482413486449517,0.46570558962841385,0.039470275507090744
0.4443382268432468,0.5166140678113464,0.03904770534540664
0.5028987168481943,0.45717551939300544,0.03992576375880023
0.41840289309858103,0.5423908621116672,0.03920624478975168
0.43751429267176595,0.5246887342101729,0.037796973118061
0.4280780392836167,0.5324481326723078,0.03947382804407544
0.472052439342037,0.48854087222549264,0.03940668843247032
0.4573972231340027,0.5051024842641828,0.03750029260181453
0.4681301355420842,0.4921836706510625,0.03968619380685325
0.5398508225555866,0.4204458221556966,0.03970335528871671
0.43632993885120014,0.5252569188372993,0.038413142311500365
0.41187123154935795,0.5490223226892741,0.03910644576136795
0.453649483335274,0.5103397901157953,0.03601072654893055
0.46723824381842527,0.49250511375497563,0.040256642426599175
0.4509221250939128,0.5100946997750366,0.03898317513105051
0.4390749751281945,0.5220754966885214,0.038849528183284125
0.4292856305195165,0.5317923241223143,0.03892204535816928
0.4262788046530243,0.5373360078420111,0.03638518750496469
0.40887873822683446,0.5517282857686358,0.0393929760045299
0.40663237118811185,0.5462422537950067,0.0471253750168815
0.43198533571067005,0.5293696763302432,0.038644987959086906
0.4132430421561609,0.5474540095709373,0.03930294827290172
0.4102864544164717,0.5504542761183199,0.039259269465208496
0.4808256052023418,0.47953340262240607,0.03964099217525193
0.41619635236517105,0.5451177493405165,0.0386858982943125
0.4567340012660201,0.504246930929344,0.03901906780463558
0.40264577699340304,0.5591093781247902,0.03824484488180658
0.509259051256166,0.4509699782980749,0.039770970445759245
0.45224131507475884,0.5086577702483827,0.03910091467685859
0.4207644250151,0.5403921349877324,0.03884343999716766
0.45003244620596256,0.5110027231358565,0.03896483065818102
0.41268132451758605,0.5489522669716743,0.03836640851073958
0.4786117681740723,0.4822004009196683,0.039187830906259276
0.4796646992234184,0.48051597233636756,0.039819328440213915
0.44403146332677473,0.5166383980749111,0.03933013859831416
0.45216522663801445,0.5088431290133861,0.03899164434859959
0.4527869135651834,0.5079021678343585,0.03931091860045796
0.564096399143827,0.3966441695366129,0.03925943131956026
0.4180611611263454,0.5427552723611384,0.039183566512516095
0.42679479001456155,0.534196813050126,0.03900839693531258
0.42173117635108265,0.5396280373005122,0.03864078634840492
0.4430404143653092,0.5185999755197619,0.03835961011492879
0.4468590723877157,0.5153045889354493,0.037836338676835175
0.5063391713494444,0.45403253900337986,0.03962828964717584
0.49333379176261477,0.4674820823311835,0.03918412590620163
0.5279143391684865,0.43329049603440506,0.0387951647971083
0.44744839841630374,0.5139108647395425,0.038640736844153936
0.4452367984284744,0.5165769053366953,0.03818629623483041
0.44023493104405814,0.5203419415950782,0.03942312736086363
0.5792316082111105,0.38636988984447274,0.03439850194441658
0.4105152617275075,0.5599105677570272,0.02957417051546527
0.5470470309789918,0.41403286039155146,0.038920108629456523
0.4295165167025241,0.531602628177886,0.038880855119589997
0.44758723929649724,0.5145224100216766,0.037890350681826196
0.41443512597292304,0.5503600931353783,0.035204780891698574
0.46052284423380363,0.49996961098272197,0.039507544783474347
0.5562160098452975,0.4073874537076194,0.03639653644708302
0.5813983555173536,0.3783560335880531,0.04024561089459325
0.4785241656342025,0.48537957345495364,0.03609626091084371
0.4411516895114585,0.5204586074133171,0.038389703075224435
0.4562537990064552,0.5040766727009748,0.039669528292569714
0.4159192477186015,0.5413341473272698,0.04274660495412879
0.4256952971159307,0.5366752493133913,0.03762945357067797
0.42213376969977895,0.538845786195679,0.03902044410454211
0.43450163647206935,0.5261633770011819,0.03933498652674882
0.42584832589715993,0.5348451336948309,0.03930654040800935
0.577108114423343,0.39098049252742256,0.03191139304923458
0.4315358344264138,0.5290971672109422,0.03936699836264398
0.48432445619057857,0.47647035639282914,0.039205187416592256
0.507473483536129,0.4525746902353158,0.0399518262285554
0.47046147028833124,0.4898333086374652,0.03970522107420353
0.49945715787985695,0.44944917035811005,0.051093671762032895
0.4683792957993414,0.4920556941367898,0.03956501006386887
0.42101033582220043,0.5411635420233186,0.03782612215448076
0.5290149627799042,0.43236936511719004,0.03861567210290574
0.4857471660303552,0.4748773709599677,0.03937546300967702
0.41220787399634484,0.5484657709356346,0.039326355068020624
0.5422697557025736,0.41768947904251946,0.04004076525490708
0.42371157690866695,0.5375600338654292,0.03872838922590375
0.5302230811273309,0.4305853426169438,0.03919157625572538
0.42738294488230466,0.5307471577444749,0.04186989737322026
0.4569441773143637,0.5049748075655572,0.038081015120079074
0.4785838547306103,0.4815812571547563,0.03983488811463328
0.5035672670242448,0.45700798258642705,0.03942475038932809
0.4202974153993204,0.5417147517491381,0.037987832851541524
0.5468221641129377,0.4137243601423588,0.03945347574470355
0.5608367087612338,0.395735993739197,0.043427297499569244
0.439493442306361,0.5222548708967536,0.038251686796885336
0.5407005375418553,0.42055834927228025,0.038741113185864685
0.4538932356585566,0.5073742565033901,0.03873250783805327
0.4828508719745613,0.47900556118573473,0.03814356683970399
0.43897407030941393,0.5217453432358036,0.03928058645478234
0.41179861078375385,0.5491198778519246,0.039081511364321614
0.45085168821850974,0.5103882023579306,0.038760109423560105
0.47306411837439444,0.4878372496237965,0.03909863200180905
0.5097302379800185,0.450892030437257,0.039377731582724305
0.46844730418052594,0.49192760414249,0.03962509167698428
0.4247476439143029,0.5377047123301468,0.03754764375555025
0.4843011927637317,0.47656084243593927,0.03913796480032898
0.4132504311598934,0.5480621155332929,0.03868745330681378
0.4555956820208918,0.5057228066763526,0.038681511302755565
0.4725707227572307,0.4879368690927456,0.03949240815002371
0.4975906893243295,0.4625452897647874,0.039864020910883015
0.426206628786342,0.5342292769568069,0.03956409425685128
0.4455125129565433,0.5149090672717181,0.039578419771738614
0.43468683967472493,0.5262968183128943,0.03901634201238064
0.4337856673109691,0.5266501011707323,0.03956423151829831
0.487382888719006,0.473251507899218,0.039365603381775985
0.4424870460278813,0.518716239182935,0.03879671478918359
0.46360613873263634,0.49685170660582806,0.039542154661535565
0.413896258814797,0.5474706391718261,0.038633102013376684
0.42855103646148207,0.5325105931275206,0.03893837041099714
0.4609174204702894,0.5010492347928656,0.03803334473684517
0.4264621080206495,0.53835794281108,0.035179949168270434
0.481102830219552,0.47962702653003747,0.03927014325041085
0.4482707561343286,0.5131055051525034,0.0386237387131678
0.4560173752120613,0.5046687918702965,0.0393138329176422
0.5807017824617587,0.37955182636781765,0.03974639117042372
0.5070741841746987,0.4538644502144009,0.0390613656109002
0.4470320302161739,0.5137611328527822,0.03920683693104389
0.41804707338038655,0.5450675393116176,0.03688538730799586
0.45899907667876405,0.5019532130169253,0.039047710304310666
0.42180091842822476,0.5393923865839999,0.03880669498777508
0.4153658261428644,0.5470228929319831,0.03761128092515234
0.5228305489677298,0.4379827704152447,0.03918668061702556
0.413972374364401,0.5466464562087523,0.03938116942684679
0.41679062415376417,0.54400955707839,0.039199818767845764
0.5584598263053209,0.40156625543630375,0.039973918258375395
0.43834033027385705,0.5214595368691415,0.0402001328570016
0.4502733945041837,0.5024600058239632,0.047266599671853364
0.451436726316881,0.5118767281088722,0.03668654557424693
0.416490119642704,0.5443214517953471,0.03918842856194892
0.44613559832752026,0.5156581453186979,0.038206256353781935
0.48599119479966874,0.4749115703928996,0.03909723480743169
0.4647304238604455,0.49569224092451336,0.039577335215041066
0.48665003476385643,0.4750944996730473,0.03825546556309608
0.4309395552323154,0.5309575427206144,0.03810290204707029
0.4568525410341047,0.5056546050516777,0.037492853914217666
0.44548585801801516,0.5155947525128326,0.03891938946915224
0.4384643803374903,0.5250770398829275,0.036458579779581946
0.5381033577356249,0.4279704552708825,0.03392618699349255
0.5396717378331318,0.4207380977608643,0.03959016440600382
0.489317426534465,0.47324791852286247,0.037434654942672375
0.4369179532877924,0.523854531294712,0.039227515417495355
0.4720939751566646,0.48961179161909096,0.03829423322424448
0.4728470772598449,0.48838212784910734,0.03877079489104772
0.48161359098955114,0.48065512525877346,0.037731283751675594
0.42770527188550456,0.5337267122432338,0.03856801587126183
0.4208751403389332,0.5407142465335513,0.038410613127515335
0.45574722946556506,0.48777343999558476,0.05647933053885024
0.44979330523762867,0.5109872230088742,0.03921947175349723
0.511499974703444,0.4494289413470934,0.03907108394946269
0.4011098661985979,0.559868122995451,0.039022010805950975
0.525823412893048,0.4358966536543056,0.03827993345264648
0.42242780475436154,0.5384804711030337,0.03909172414260492
0.48799573493337733,0.47251033694386524,0.039493928122757566
0.5019250759247776,0.4586023366480993,0.039472587427123236
0.5078741924568677,0.4530463385660065,0.03907946897712572
0.5007462399270184,0.4591360405030416,0.04011771956993991
0.45021719134559274,0.5122505159401125,0.037532292714294764
0.42803743949727285,0.5324832654218709,0.039479295080856416
0.4633131229981865,0.497814647386628,0.038872229615185314
0.4746961751611802,0.4857440457591201,0.039559779079699854
0.505094829852423,0.45478623915871624,0.040118930988860706
0.4207822651722674,0.539904946262837,0.03931278856489595
0.4341093367372781,0.5267534967666859,0.03913716649603611
0.4158505873353121,0.5455329990197905,0.038616413644897415
0.44324139960041,0.5173507670070795,0.03940783339251039
0.4775885064293637,0.48296552960563693,0.03944596396499936
0.4543114513403762,0.507070140188085,0.03861840847153876
0.45043205564852634,0.5102909582848619,0.03927698606661179
0.4590280373847314,0.5060326470227341,0.034939315592534395
0.42320679271024236,0.5374587191359591,0.0393344881537986
0.4613098648052637,0.49941417501859475,0.03927596017614149
0.52210073041491,0.43937560811176957,0.03852366147332057
0.4464221547474311,0.5154437924022921,0.038134052850276795
0.41069939406693806,0.5513935866869226,0.037907019246139526
0.47828458957937825,0.48235599156973,0.03935941885089193
0.4860610080187764,0.4765097042495902,0.03742928773163365
0.47359545291626354,0.4868933493233256,0.039511197760410836
0.5095113160098292,0.45267976292462614,0.03780892106554473
0.42424942778286306,0.5373649799459821,0.03838559227115468
0.42125436328663063,0.5412580508040908,0.03748758590927865
0.41597416907454676,0.5468838938551259,0.03714193707032724
0.4678697653813627,0.49365848807568585,0.038471746542951865
0.5270282746331442,0.433258769177932,0.03971295618892372
0.42873328567450514,0.532445721933005,0.038820992392489755
0.4353873426193563,0.5252586741614987,0.03935398321914474
0.46940534801329,0.49171787657460597,0.03887677541210393
0.41360469266602945,0.5461034616775559,0.04029184565641448
0.4583166336559528,0.5046982661389139,0.03698510020513312
0.41912417299501553,0.5417372243841156,0.03913860262086875
0.5082123893247183,0.45220338761744233,0.039584223057839395
0.4441502367601131,0.5166381165705196,0.03921164666936753
0.4966864232566481,0.4629410841320697,0.040372492611282285
0.43162430938782775,0.5296549020345658,0.03872078857760633
0.42490133909587835,0.5354518853614648,0.03964677554265711
0.45838832858583256,0.5022585937958497,0.039353077618317585
0.5285722452796037,0.43152567703112116,0.03990207768927509
0.4161385624882605,0.5493486273201232,0.03451281019161595
0.44016429300139814,0.5251486727855648,0.03468703421303683
0.44941577023796003,0.5107772480071018,0.03980698175493821
0.4353938581312809,0.5249645674995993,0.03964157436911993
0.4367140891667252,0.524783156786741,0.03850275404653378
0.4446839415718969,0.515622830894658,0.03969322753344521
0.4136014027548315,0.5491066351780606,0.03729196206710794
0.41807909081416844,0.547986516087266,0.0339343930985657
0.4370117253294428,0.5252012327550378,0.037787041915519265
0.47881682217039884,0.4828465526813454,0.03833662514825582
0.473094032898252,0.48735512491382194,0.039550842187925886
0.43730382764845616,0.527232726612057,0.03546344573948692
0.442436904150751,0.5180121497401475,0.03955094610910121
0.47554143247382247,0.48540287855904674,0.0390556889671309
0.4116300702015192,0.5503596069212914,0.038010322877189265
0.46260522127568154,0.4979827040235828,0.03941207470073552
0.43321146087717216,0.527161591855754,0.039626947267073935
0.4221893798179301,0.5396712549049822,0.03813936527708783
0.43873153376150853,0.5226956177385994,0.03857284849989197
0.4232125457550888,0.5387507227589231,0.03803673148598805
0.5420882726871685,0.41757912881882714,0.04033259849400437
0.41092237561578204,0.5496811783624659,0.03939644602175209
0.5003459665355663,0.4629764800342636,0.036677553430170075
0.5445544764721795,0.4157391025840838,0.03970642094373674
0.44290795417074413,0.518995797014904,0.03809624881435194
0.4814084401969393,0.4788784570124547,0.039713102790606074
0.47152264851859393,0.49079960996274896,0.03767774151865707
0.46473608916845743,0.49637194863540013,0.03889196219614257
0.45247602326127667,0.4246299051800124,0.12289407155871099
0.4068671285421097,0.5529500210183055,0.04018285043958461
0.4242441280338768,0.5361986998075884,0.03955717215853483
0.4320924808233052,0.5293325063155515,0.03857501286114322
0.4956178787195366,0.46885484160988705,0.03552727967057611
0.5077924093487383,0.4516826112720527,0.04052497937920933
0.43386654925187046,0.5286495121188133,0.03748393862931593
0.48362539613589495,0.4823557094173128,0.034018894446792305
0.4861611411735348,0.47465995749399176,0.039178901332473336
0.4455262480441922,0.516697126257085,0.03777662569872285
0.4252977963870717,0.5350665555993186,0.03963564801360974
0.4356777791584355,0.5252882926749707,0.03903392816659383
0.4219408403986627,0.5400152236708178,0.03804393593051931
0.439639395693839,0.520849459988677,0.039511144317483905
0.4736228185142156,0.48822495868330973,0.038152222802474677
0.4791885136402458,0.48372653892769196,0.03708494743206225
0.42216369160402856,0.5385805752770327,0.03925573311893858
0.47020504231295807,0.490552078440985,0.03924287924605698
0.4175775764042405,0.5433264819584648,0.03909594163729485
0.4599452115893005,0.5011938564330819,0.0388609319776177
0.4154595234297284,0.5461218689164978,0.03841860765377388
0.40807526350566486,0.5425476338260934,0.04937710266824176
0.4221134343981504,0.5391625077900861,0.03872405781176349
0.5309452195723713,0.43061371529059644,0.03844106513703215
0.52116932964865,0.4391534940437383,0.03967717630761147
0.4524872583566145,0.5082971767646126,0.03921556487877309
0.5001162206359772,0.45990702747171264,0.039976751892310196
0.46085475391817077,0.49991769980273737,0.039227546279091925
0.4388715502821312,0.5238583881754071,0.03727006154246169
0.4742515404197346,0.4866002888390872,0.03914817074117806
0.42086833772279003,0.5420012018751302,0.03713046040207984
0.48904819623146034,0.4731265299549463,0.03782527381359318
0.42611750681682137,0.5350941949756518,0.03878829820752659
0.4139468106668526,0.5482536705228324,0.03779951881031502
0.42082935095938784,0.539740727675886,0.039429921364726124
0.41020637101225765,0.5502355697992612,0.03955805918848076
0.48313688430191576,0.4771109429136485,0.039752172784435796
0.44941487580784817,0.5103753891461544,0.040209735045997785
0.4498541834678648,0.5107416827639671,0.039404133768168086
0.41088398112926067,0.5500145346249641,0.03910148424577502
0.42819222012731484,0.5323680050572241,0.03943977481546117
0.43851614285898133,0.5228224894784518,0.038661367662567066
0.42483674662259824,0.5353982898303523,0.03976496354704939
0.5664517538210705,0.39391066595652935,0.03963758022240001
0.43308314601210907,0.5275487065684898,0.039368147419400944
0.4156259558616913,0.544850935159201,0.03952310897910757
0.4935652850910834,0.4673511256383151,0.039083589270601446
0.41473712677718727,0.5471592488876109,0.03810362433520172
0.4338530930231536,0.5283912896773321,0.037755617299514585
0.4178675537352366,0.5376890014372012,0.04444344482756225
0.4304084694470983,0.5318098694726038,0.03778166108029803
0.4046850183354799,0.5511923775437861,0.044122604120733766
0.4550055391223712,0.5086444842984392,0.03634997657918954
0.4702312445192766,0.4901348821950208,0.039633873285702406
0.4148843860179173,0.5457807565591786,0.0393348574229041
0.44693922965800176,0.5148951971659059,0.03816557317609232
0.42747188523207047,0.5330849003756061,0.03944321439232364
0.4079763205621492,0.5556472345786775,0.036376444859173435
0.487751004155082,0.47258775662525054,0.03966123921966748
0.5562820700768274,0.4056745039862729,0.038043425936899807
0.42178247681532977,0.5395456960345327,0.03867182715013741
0.4170060310716315,0.5439833207599347,0.03901064816843403
0.42708864678348885,0.5339819292191801,0.03892942399733075
0.40481384588260166,0.5557626370155281,0.03942351710187031
0.4149017106391209,0.5465994508549749,0.03849883850590397
0.44935303427617845,0.5121878449974491,0.03845912072637261
0.5347014223086066,0.42592984014446506,0.03936873754692824
0.4376011000300626,0.5233389178117195,0.039059982158218085
0.505874064615671,0.4545662601768718,0.03955967520745738
0.41830300798693487,0.5421894312174652,0.0395075607956
0.4681794921118678,0.49339499493099487,0.03842551295713714
0.42729755634749694,0.5348883403703864,0.03781410328211664
0.4243825377395346,0.5360312422784042,0.03958621998206119
0.4226786667148179,0.5396712052219893,0.03765012806319287
0.43325616457799376,0.5272211406334883,0.03952269478851799
0.4273709315391359,0.5307812280281777,0.041847840432686204
0.4821913357870221,0.47978438709060434,0.03802427712237348
0.4185442867810636,0.5423671058570356,0.03908860736190074
0.39548922056691693,0.5654304668120483,0.03908031262103478
0.4214780391852878,0.5441369299977638,0.034385030816948235
0.43431822717156304,0.5274312298883505,0.0382505429400865
0.4439417084432772,0.5181478997279961,0.037910391828726624
0.5797421806216025,0.38162359452875116,0.038634224849646084
0.4341380084308187,0.5257404017267256,0.04012158984245594
0.4285044114238002,0.5317761572362716,0.039719431339928446
0.46170234073360217,0.4988412004801968,0.039456458786201104
0.4152494972427326,0.5448288830249337,0.039921619732333574
0.4606419910257582,0.49982471195383077,0.03953329702041087
0.43634574810487253,0.5253108893645059,0.038343362530621664
0.43329762408369704,0.52737791885279,0.03932445706351299
0.4562845434450977,0.5056287613657008,0.03808669518920135
0.4240702105759666,0.5363958589810772,0.039533930442956215
0.4265888899900101,0.5345102197778627,0.038900890232127026
0.4556596603664547,0.5050675912904102,0.03927274834313498
0.4558998144099509,0.5062331643521237,0.03786702123792506
0.4993680443823189,0.4615010181306659,0.039130937487015086
0.42629763612164184,0.5343228492041342,0.039379514674223765
0.4567707540901866,0.5068392593988811,0.03638998651093223
0.4320514603457392,0.5352014484530699,0.032747091201190875
0.4191100253338101,0.5423242490116285,0.038565725654561074
0.47240541389929774,0.49082999816487854,0.036764587935823406
0.42146545509250255,0.5400767857781485,0.03845775912934916
0.41332918483546105,0.5480263295730455,0.038644485591493354
0.4298763473114661,0.5306008410626881,0.03952281162584596
0.4269482646172114,0.5362386811140367,0.03681305426875176
0.4819500757271238,0.4796382168148115,0.03841170745806488
0.46077204884381034,0.49960538236812624,0.03962256878806353
0.4572618738398733,0.5037436340424318,0.03899449211769491
0.39008233360105676,0.5705418082560916,0.03937585814285171
0.5127530353899822,0.44981737940264604,0.03742958520737174
0.40760126651136164,0.5607421348749294,0.03165659861370883
0.45794616662699356,0.4996730026621617,0.042380830710844815
0.42062050970609755,0.5409745121129219,0.03840497818098059
0.4352053353975658,0.5260931037544342,0.038701560847999944
0.5032296178695291,0.4522427508016522,0.04452763132881886
0.472460360933404,0.48795393028477885,0.039585708781817205
0.4213277779574784,0.5327231610373544,0.04594906100516704
0.44843525886417474,0.5120414372447981,0.039523303891027185
0.4138214479902852,0.5520081615439577,0.034170390465757115
0.42213608654171864,0.5407624032025483,0.03710151025573327
0.4402372542035986,0.5204993006900533,0.039263445106347925
0.45872679204136646,0.5021871029195328,0.03908610503910085
0.41153444044338017,0.5517047536079048,0.03676080594871504
0.5009058859759281,0.4584731790920035,0.040620934932068344
0.4869518808595685,0.47327729502484417,0.03977082411558707
0.47194335054121606,0.48886971913690325,0.03918693032188074
0.40695849595942296,0.5496704887608463,0.043371015279730606
0.47142767383238576,0.49033786219730324,0.03823446397031099
0.473130287202893,0.49089616098239736,0.03597355181470998
0.42795036760138416,0.5330028380877071,0.0390467943109088
0.4454453837734452,0.5149463361845225,0.03960828004203243
0.5386713750802881,0.42292907209201897,0.038399552827692834
0.4447570776868505,0.5183551029352867,0.03688781937786257
0.4911459249634545,0.47000512959284757,0.03884894544369784
0.5185100191317131,0.4426736709205569,0.0388163099477297
0.42597239579550306,0.5348494690909844,0.03917813511351241
0.4214093539010292,0.5390424550814424,0.03954819101752815
0.571955519162577,0.3880694976861468,0.03997498315127633
0.5750684258484207,0.3860090983718567,0.038922475779722666
0.421888620517666,0.5413983576615619,0.03671302182077191
0.5722933679597609,0.38634654329232604,0.04136008874791289
0.4491311449421647,0.511347524267542,0.039521330790293366
0.4280081101628753,0.5327026076965053,0.03928928214061916
0.5680088735687939,0.3929248414035535,0.039066285027652456
0.5073725502465978,0.45361715888465265,0.03901029086874967
0.5521700803805137,0.4080805836511584,0.03974933596832796
0.42234579292520247,0.5405338976359112,0.037120309438886355
0.4372536342699285,0.5237690078091168,0.03897735792095466
0.4229409368932915,0.5374945572016141,0.039564505905094215
0.5054913190245589,0.4555682940227444,0.03894038695269678
0.42898755474685013,0.5315918051943368,0.03942064005881295
0.5051002302930024,0.45557668447839267,0.03932308522860462
0.5022482984149303,0.4587005618441033,0.039051139740966447
0.5034075668436022,0.4566582171918782,0.03993421596451969
0.46520446367507373,0.49510748635665286,0.03968804996827342
0.43460585441210303,0.521597601900314,0.043796543687582845
0.4101266213173854,0.5476891887075688,0.04218418997504596
0.4759484199937066,0.4849157954293713,0.03913578457692209
0.49907294703564287,0.4621393720221966,0.038787680942160604
0.42592329789586253,0.5348120307612383,0.03926467134289945
0.4055320246039815,0.560907679841391,0.033560295554627514
0.5090197001850517,0.45108672566263575,0.03989357415231233
0.419004257654339,0.545292175668035,0.03570356667762571
0.46775992031072444,0.4925475660681684,0.03969251362110714
0.5043482583354764,0.45647222288534695,0.0391795187791764
0.43833283461495043,0.5228118540438744,0.03885531134117509
0.42402691485030963,0.538315291539268,0.03765779361042217
0.47554120064328687,0.4848485367103936,0.03961026264631937
0.41325963610401717,0.5477627501840948,0.03897761371188805
0.4143581014310568,0.546627016597741,0.039014881971201947
0.5153846277014448,0.445315549791463,0.03929982250709251
0.4322191922669809,0.5289502842374705,0.038830523495548365
0.46499999288887306,0.4956222826187211,0.039377724492405876
0.424942792995875,0.5361556505742622,0.03890155642986276
0.4183559696508715,0.5478145874143653,0.033829442934763164
0.4511083649184963,0.5092718330267638,0.03961980205473979
0.45674718359512956,0.5036024065716554,0.03965040983321489
0.5362603407366634,0.42391860684797816,0.0398210524153583
0.43195748714529847,0.5289031904987359,0.039139322355965483
0.4931168795759641,0.4672306243005601,0.03965249612347576
0.4343356427622838,0.5263440859969055,0.03932027124081036
0.4234842651271656,0.5372914962446254,0.039224238628209174
0.4351139968867711,0.5255781553218244,0.03930784779140468
0.4131418022286738,0.547108615337031,0.03974958243429529
0.4475952809810767,0.5132214915422881,0.039183227476634976
0.4162596257841669,0.5447739059797706,0.03896646823606231
0.4596536250250383,0.50106598883151,0.03928038614345188
0.4657023874355166,0.49534714679175584,0.03895046577272755
0.5659295980630595,0.3848792625641223,0.04919113937281825
0.42149517671008285,0.5393869752814847,0.039117848008432585
0.4215772077119447,0.5387582458565461,0.0396645464315091
0.4433788216269508,0.5172547498899079,0.03936642848314137
0.5209301141580953,0.4397120438318556,0.039357842010049035
0.4817911292363174,0.47872997583958177,0.039478894924100685
0.4502771185437771,0.5105754644788679,0.03914741697735496
0.43013755459304387,0.5170274386712354,0.052835006735720814
0.4999753613439467,0.4625409407358454,0.03748369792020814
0.44740318136765006,0.5185095117687731,0.03408730686357662
0.46700009495435574,0.49462846543542666,0.03837143961021753
0.446863826854248,0.5206227040745989,0.032513469071152996
0.44851632513109535,0.5124505614822567,0.039033113386648034
0.4477189299077666,0.5131746387152151,0.03910643137701834
0.4449850855208591,0.5157879040047632,0.039227010474377884
0.4517244791634238,0.5097039226494239,0.03857159818715213
0.43662022349745716,0.5240876071468309,0.03929216935571198
0.4141915204912564,0.5462941969835066,0.03951428252523696
0.42640337211151885,0.5347033894804881,0.03889323840799313
0.4543916178646345,0.5059720690116013,0.03963631312376443
0.45424891137994605,0.506812690908632,0.038938397711421734
0.4639983306246266,0.4979195637401446,0.03808210563522875
0.44843049119852463,0.5119717768863733,0.039597731915102075
0.5166052630254422,0.4455623409538327,0.03783239602072513
0.5450058292960085,0.4166965903532342,0.038297580350757636
0.41393577775934376,0.547533192047441,0.0385310301932153
0.5013972957844761,0.4589663000934849,0.03963640412203902
0.4440322053673306,0.5165099684435583,0.03945782618911094
0.4267369812778984,0.5345872962136692,0.038675722508432445
0.48126325445102086,0.4771126830305775,0.04162406251840153
0.46517073722627045,0.495436541505146,0.03939272126858359
0.4152068993257471,0.5452627030818612,0.03953039759239151
0.4160857010870633,0.544394704261322,0.03951959465161471
0.53327368771729,0.4269824742692614,0.03974383801344858
0.48696831866125767,0.4733649935070961,0.03966668783164621
0.494829847328313,0.4654520037815782,0.03971814889010881
0.4731733306366422,0.4899546311852223,0.03687203817813548
0.42681553350466794,0.5349729901486772,0.03821147634665485
0.4163196118532388,0.5476495964581579,0.0360307916886033
0.4358916922995833,0.5250245726185256,0.039083735081891016
0.4344412716935197,0.5256339094226613,0.039924818883819185
0.5072883268740604,0.452027616066654,0.04068405705928571
0.40822833186783003,0.5528415287403013,0.03893013939186844
0.4221892597208147,0.5385823545917514,0.03922838568743392
0.4549160173934262,0.5055182537024508,0.03956572890412287
0.4469416360132675,0.5134890126295717,0.0395693513571607
0.5666387743695985,0.39364198593511385,0.03971923969528759
0.4111807103290968,0.5498236832476615,0.03899560642324173
0.3992654830173726,0.5751855738442817,0.025548943138345593
0.42220821486290266,0.5384125977702342,0.03937918736686305
0.4206418919913365,0.5400208854131199,0.03933722259554353
0.44462768825785554,0.5168068984692055,0.03856541327293888
0.499551515602424,0.4615249565666416,0.03892352783093423
0.4302310866472638,0.5312974230870593,0.0384714902656769
0.45452466379629536,0.5060798559858753,0.039395480217829314
0.41601854868042615,0.5464950972411304,0.037486354078443196
0.5428044494348391,0.4173663254215732,0.03982922514358787
0.417533054939186,0.5438587022966541,0.03860824276415953
0.452413656392112,0.5010422945033701,0.046544049104517884
0.4274323179659849,0.5360463267778971,0.03652135525611794
0.44791301479010426,0.51369300281312,0.03839398239677593
0.46045813181845735,0.5007086696800555,0.03883319850148733
0.448566648377127,0.5128553482672372,0.03857800335563577
0.4157333196142619,0.5455200658790528,0.038746614506685234
0.42576787229135205,0.536409258949644,0.03782286875900396
0.43192002546397557,0.5295134231536485,0.038566551382376066
0.4130589788619077,0.5473887829863708,0.03955223815172154
0.431000489910156,0.5318813867842174,0.03711812330562626
0.4268609003343345,0.5342611395109375,0.03887796015472833
0.4804790843943263,0.48062426605456804,0.03889664955110571
0.4243581980273026,0.5363470206835144,0.03929478128918304
0.4863921966865363,0.47540564595833973,0.03820215735512377
0.4847094442832378,0.47609223944820916,0.039198316268552934
0.4152523118580309,0.5459459233311796,0.038801764810789126
0.4675474013089598,0.4932534019059418,0.0391991967850985
0.45639610723087104,0.505257712182879,0.03834618058624988
0.4983129477614026,0.4619000163628276,0.03978703587576954
0.4559927911480971,0.5022101957690592,0.04179701308284388
0.4165718052783252,0.5442824068826935,0.039145787838981164
0.46370866585451787,0.49738111806472807,0.03891021608075405
0.4280691526716457,0.5324984573378014,0.03943238999055293
0.4769107311270527,0.4900010084380398,0.0330882604349075
0.42364428399484705,0.5399393455235773,0.03641637048157568
0.41968945086882825,0.5413536877905498,0.03895686134062175
0.40854351573030445,0.5549946174250578,0.03646186684463775
0.4261035728063641,0.5275061850593697,0.04639024213426601
0.4198959947005036,0.5422704803911601,0.03783352490833637
0.4156230601842751,0.5454597673717562,0.0389171724439688
0.4452495522692693,0.5153391348692039,0.03941131286152696
0.4585666443771486,0.5022632082871976,0.03917014733565364
0.44355451800958734,0.5169060868514391,0.03953939513897355
0.4338613964370243,0.52745787986895,0.0386807236940257
0.4329066117003549,0.528104722630167,0.03898866566947782
0.41131934080568355,0.5514618900891484,0.0372187691051679
0.4409117530369235,0.5212429829416453,0.03784526402143114
0.4203363687841398,0.5400311937856235,0.03963243743023682
0.4080148881581503,0.5523082055399579,0.039676906301891725
0.43804192053769875,0.5238882685429599,0.03806981091934128
0.45902979249483605,0.5027906342970372,0.038179573208126726
0.5612663531945326,0.3993663792637007,0.03936726754176645
0.4669813206692478,0.49371032357311423,0.03930835575763786
0.47027038262691206,0.4909496037790773,0.03878001359401066
0.420475747176044,0.5403828728612315,0.03914137996272461
0.4997527081222639,0.46051624423114773,0.039731047646588476
0.4206984168586727,0.5407375474121104,0.038564035729216815
0.4259641548560222,0.5356268492276096,0.0384089959163681
0.4282848049904474,0.5331050012287125,0.038610193780840116
0.4362090599987574,0.5243441064455739,0.039446833555668505
0.43489360307119096,0.5285496869260008,0.036556710002808385
0.4385935608512072,0.52183814595946,0.039568293189332776
0.47803414176973863,0.48338047896809433,0.038585379262167166
0.424854234829884,0.5357644594801956,0.03938130568992042
0.47329226094707794,0.48731887316360045,0.03938886588932165
0.4269557108261791,0.5351666569285214,0.03787763224529957
0.40718547288362633,0.5518415900795446,0.040972937036828846
0.5077115202449504,0.46085033784391316,0.031438141911136606
0.4308015009945787,0.5309331733854533,0.038265325619967976
0.48590663165343384,0.4757096013315372,0.03838376701502889
0.5018310156517026,0.4584306535647404,0.03973833078355708
0.4620173792302693,0.49835793358103014,0.039624687188700686
0.42799634568775136,0.5397965595474005,0.03220709476484827
0.41353561269980527,0.5471757491876729,0.03928863811252186
0.42298241022351735,0.5376784491445586,0.039339140631924105
0.4269796367993983,0.5366833380726288,0.036337025127972974
0.4471579682506573,0.513253167406627,0.03958886434271579
0.4948488338983274,0.4666436643027381,0.03850750179893448
0.4795187170937378,0.48118761621317874,0.03929366669308366
0.49354251530080007,0.46831358328444195,0.0381439014147578
0.5256424403707812,0.43607597789456015,0.03828158173465871
0.4162630026371803,0.5442413860479569,0.039495611314862754
0.48060055888874265,0.480056786989706,0.039342654121551426
0.4095078786973889,0.5519457290276485,0.038546392274962524
0.5384422720700486,0.42205748895407785,0.03950023897587349
0.4515275819548878,0.5091943155471098,0.03927810249800225
0.42344580324110864,0.5375869844742447,0.0389672122846468
0.4259956499994226,0.5351847458427891,0.038819604157788394
0.4129048157941003,0.5481850016753451,0.03891018253055471
0.5005102357746821,0.4606131216914997,0.03887664253381838
0.45183130627596685,0.5092200724841182,0.038948621239915014
0.4378456512739402,0.5226225697372777,0.039531778988781976
0.41268422231139457,0.5488996494412958,0.03841612824730962
0.42856126240630055,0.5337424770539994,0.03769626053970013
0.44463805427046227,0.5169690058570647,0.03839293987247318
0.42743657178010647,0.5332461984733187,0.03931722974657492
0.42767478105404527,0.5235813595765196,0.04874385936943519
0.4705575380672996,0.49064998766575635,0.03879247426694393
0.4398967046623782,0.4838337757540892,0.07626951958353254
0.43439190355973506,0.5260519995443903,0.03955609689587465
0.4367139336361841,0.5250453464252645,0.038240719938551326
0.44920871455255657,0.5114358165344898,0.039355468912953606
0.4628692183247326,0.4988472102824538,0.03828357139281388
0.42394343890697217,0.5384101375641794,0.03764642352884807
0.4181322084127882,0.5446082368078137,0.03725955477939809
0.4457606344378329,0.5161408218357896,0.03809854372637768
0.43680329016361863,0.524144426623604,0.03905228321277728
0.45795205481664053,0.5032386039809464,0.03880934120241301
0.4268170567329031,0.5337070058550029,0.03947593741209417
0.408682013005892,0.5528168799076868,0.03850110708642114
0.47914044453168086,0.48230481043493534,0.038554745033383804
0.45800162443966186,0.5030874664674452,0.03891090909289317
0.41693200403301756,0.541226843211112,0.04184115275587051
0.42377574078267777,0.5366097434293088,0.039614515788013435
0.41571614018717595,0.5457236891498348,0.03856017066298933
0.4782350236654903,0.4835866219640596,0.0381783543704501
0.4271681958842245,0.534413447261762,0.038418356854013604
0.4974519933793536,0.46314226814736614,0.03940573847328037
0.4242520986395352,0.5368850731864134,0.03886282817405151
0.46123657556115927,0.49945330466811916,0.03931011977072169
0.4090191081429673,0.5247941300865577,0.06618676177047474
0.5323367650748241,0.4282731005491184,0.03939013437605775
0.47318112558677844,0.48716431384192677,0.03965456057129475
0.5080436594149301,0.4536230849145436,0.038333255670526346
0.4097535316534965,0.5526603860768129,0.037586082269690596
0.4459435103114446,0.5177627090060872,0.036293780682468184
0.48879428801793123,0.47285609197794987,0.03834962000411911
0.45375330287369,0.5037521396470912,0.04249455747921858
0.44882616112858625,0.5117008669446438,0.039472971926769816
0.4241417761162244,0.5373343335618513,0.03852389032192455
0.4188100303516746,0.5431794275711045,0.03801054207722103
0.4630280579798437,0.4984473209113706,0.03852462110878572
0.41284827043904737,0.5489022682929942,0.03824946126795824
0.44554232372500957,0.5148204843878124,0.03963719188717814
0.5455264406042394,0.4157375164138053,0.03873604298195523
0.4452185267226743,0.5152392173073878,0.03954225596993796
0.49245779936527995,0.46806709842184635,0.03947510221287369
0.45874898891130306,0.5031033589064458,0.03814765218225103
0.4980794168113078,0.4676764125037333,0.034244170684958795
0.42885771045427795,0.5320933857642453,0.03904890378147667
0.4573345391702349,0.5042546276293178,0.038410833200446956
0.43815506946199434,0.5224129478055882,0.039431982732417305
0.3999042010182601,0.5609982746000334,0.039097524381706515
0.4325550199085317,0.5303974340987498,0.037047545992718596
0.417812971185349,0.5434748439472357,0.038712184867415365
0.47504040487662014,0.4880828921971202,0.03687670292625955
0.4135270919395309,0.5480271644754872,0.03844574358498194
0.41271754179413783,0.547793324839713,0.03948913336614919
0.42781968632556605,0.5327367812061273,0.03944353246830656
0.4264798229696344,0.5339483734421533,0.03957180358821217
0.454264203220481,0.5067095033319547,0.03902629344756404
0.41513688521889325,0.5461640102875881,0.038699104493518446
0.5305496856896443,0.42780162989804826,0.0416486844123074
0.4158852214983235,0.545727770259244,0.03838700824243265
0.42521308804339447,0.537189161074796,0.03759775088180932
0.4086225322883964,0.5518454558159112,0.03953201189569248
0.4085197398625773,0.5530755304126147,0.0384047297248081
0.47830908994782384,0.48261770855345376,0.03907320149872256
0.43432051397429283,0.5384654622375012,0.027214023788205928
0.4780652358840888,0.4824988454011577,0.03943591871475357
0.48201030405366346,0.47820167393893026,0.039788022007406325
0.4300554089631016,0.5302724492444117,0.03967214179248656
0.4555829179832276,0.4988658635908323,0.04555121842594008
0.40990665252961633,0.5509711523035208,0.039122195166863015
0.5642223917363369,0.3771483762040807,0.05862923205958229
0.5912686257424113,0.37256276672755534,0.036168607530033446
0.4305085315715331,0.5317502822878087,0.03774118614065814
0.42429146991252614,0.5363156597006453,0.03939287038682874
0.4621674703981469,0.49824440352860566,0.03958812607324763
0.4253089762711019,0.5372087803645827,0.03748224336431523
0.4283255362535743,0.532990643149477,0.03868382059694868
0.4771889056855082,0.48464035251769183,0.03817074179679971
0.4423682008370804,0.5192022587776308,0.03842954038528885
0.4947404858127871,0.4658583926713063,0.03940112151590661
