0,1,2
0.4579373303121005,0.5000653286776819,0.0419973410102177
0.4593621698491342,0.5008476001156998,0.03979023003516543
0.45829927319074804,0.5000028815637774,0.04169784524547468
0.4578127353844292,0.5001319286584188,0.0420553359571521
0.4583073180064721,0.4996787026540683,0.042013979339459634
0.4582040380425382,0.5000972418244494,0.04169872013301238
0.4576947441551812,0.5005776285400362,0.04172762730478249
0.45832379619062436,0.4998740158601876,0.041802187949188385
0.45848609669226026,0.499803390045234,0.041710513262505855
0.4580241378411988,0.5001442826454127,0.04183157951338869
0.45840359197930974,0.49974575666137855,0.04185065135931165
0.457954491428275,0.5001033469080117,0.04194216166371327
0.45760326722967565,0.5003232606158703,0.04207347215445422
0.4578887467430601,0.5003705489615693,0.04174070429537078
0.45845924303426827,0.5002309326303803,0.04130982433535124
0.4584115930795267,0.4997141842235909,0.04187422269688233
0.45833248433390716,0.4996401185601327,0.04202739710596009
0.45820374030370004,0.500021755574959,0.041774504121341
0.45833243906294024,0.499643955512693,0.042023605424366714
0.4578489825152209,0.5002598855351792,0.04189113194960002
0.4575659276488893,0.5005525321322276,0.041881540218883136
0.4583874973670403,0.4997850690870725,0.0418274335458872
0.45767076328153483,0.5002610106791621,0.04206822603930293
0.4580897704757491,0.5001638882348189,0.041746341289432026
0.45840854489857524,0.49976358740120747,0.041827867700217264
0.45762920201750484,0.5005029893330444,0.04186780864945097
0.4583695060574019,0.49966619963367487,0.041964294308923074
0.4579956378975984,0.49996847983824716,0.04203588226415451
0.45777629658916075,0.5003870596072251,0.0418366438036143
0.45869524924714433,0.5004665891924095,0.040838161560446125
0.4582565586303528,0.4998763231954458,0.041867118174201474
0.45833928637975785,0.4996470249419574,0.042013688678284665
0.4583647093322666,0.4998992000917418,0.04173609057599156
0.45784353308613934,0.5003227444691593,0.041833722444701446
0.45808675929291826,0.500023440703115,0.04188980000396672
0.4583301754161898,0.4996388069205604,0.04203101766324968
0.45827791360639114,0.4995721440188694,0.042149942374739326
0.4582823343258545,0.4997783386677135,0.04193932700643197
0.4584781291949278,0.49987207037964265,0.04164980042542969
0.4583558465687782,0.49968014028027447,0.04196401315094757
0.46142223970201435,0.5036536975553498,0.03492406274263566
0.4576772093313589,0.5002498002141843,0.04207299045445696
0.45831215131732755,0.49975643941907133,0.04193140926360096
0.4575564119070866,0.5000632774625551,0.04238031063035816
0.45779588997867576,0.4999951910448558,0.04220891897646861
0.45781781159736645,0.49962998601547004,0.04255220238716343
0.458579775639313,0.5001178676742233,0.041302356686463634
0.4581630045903611,0.5002372761774913,0.04159971923214791
0.4587229642384235,0.5000234497589425,0.0412535860026338
0.458086291767309,0.5001077740319053,0.041805934200785884
0.45794372527030164,0.5001950002536196,0.04186127447607843
0.45869508924739705,0.5003720242169628,0.040932886535640305
0.45803901933384217,0.5002410099793461,0.04171997068681169
0.45837000033826547,0.49970295043333,0.041927049228404345
0.4583378475334162,0.4997909043877952,0.041871248078788635
0.4584599875126014,0.49982831307067405,0.04171169941672463
0.458414968599203,0.49973458977292695,0.041850441627869946
0.4580530399895478,0.5000764043761728,0.04187055563427908
0.4584485270556131,0.4997478760111842,0.04180359693320248
0.45840459716511633,0.49988217201923674,0.04171323081564681
0.45824003562153737,0.49991973001396356,0.04184023436449887
0.45795195676089756,0.5005611847662162,0.04148685847288622
0.45859222592993754,0.4999056907169353,0.04150208335312716
0.4581524893294897,0.50001537564931,0.04183213502120021
0.4584309628045122,0.4998396300131138,0.041729407182374195
0.45841673534520344,0.49994370737821475,0.04163955727658183
0.4580246332129848,0.5004606949693,0.041514671817715246
0.45830213747855963,0.5000038746965444,0.04169398782489588
0.4583530959601703,0.4995879770972516,0.04205892694257798
0.45831580512253606,0.49976478283924425,0.04191941203821973
0.4583591988362904,0.4998385860011682,0.04180221516254124
0.45916859312557873,0.5005916743204512,0.04023973255397032
0.45785962104519917,0.5002880839930492,0.04185229496175154
0.45833462108501755,0.49964347519364793,0.04202190372133429
0.45843980083472674,0.4998014522166347,0.04175874694863847
0.4583884235131017,0.4997243821713353,0.04188719431556295
0.45824012235294226,0.49985899499129743,0.041900882655760543
0.45837728148353984,0.4998563631310754,0.04176635538538496
0.4583784315204121,0.49989915232283433,0.041722416156753546
0.45886328539885063,0.500193322836556,0.04094339176459327
0.45831458845113154,0.4997363682308214,0.041949043318046844
0.45893712673412196,0.5007776286723414,0.040285244593536586
0.4583696393377659,0.49964713899252894,0.04198322166970506
0.4585108218680573,0.49991675570175237,0.04157242243019044
0.4582397483567343,0.4999828225055826,0.041777429137683064
0.4580887216101654,0.5002238622845352,0.041687416105299475
0.4583140295450513,0.49988153859215534,0.04180443186279342
0.4577681503859884,0.500340126481206,0.04189172313280547
0.45792275826520334,0.5003759342473676,0.041701307487429125
0.4589658462670536,0.5003272611957831,0.04070689253716323
0.4580193017330032,0.5001218269217642,0.04185887134523257
0.4583805368708654,0.4997469062958111,0.04187255683332345
0.4579653660837987,0.5002555412787668,0.04177909263743453
0.4583805313121481,0.4998063617672877,0.04181310692056401
0.4583977000327677,0.49983395229623995,0.04176834767099215
0.45836410017571744,0.49987429286463375,0.041761606959648735
0.4583665566798654,0.501138765973595,0.040494677346539505
0.4590864317171155,0.5009665227140315,0.039947045568852944
0.45832346252456174,0.49990618026849254,0.04177035720694575
0.45832848392795356,0.4997572223076954,0.04191429376435101
0.45837541990369557,0.4996851385916558,0.04193944150464856
0.4587628282168162,0.5001599140352658,0.0410772577479178
0.45787982639023067,0.5001407557994396,0.04197941781032983
0.457963795645272,0.5001217064411427,0.041914497913585265
0.45800203233169434,0.49988397012209357,0.04211399754621196
0.45802361012755793,0.5002017633230762,0.04177462654936603
0.45836576701802956,0.49975050566320584,0.04188372731876462
0.4579410555388341,0.5003556103016777,0.04170333415948807
0.45981457579474694,0.5014686484806689,0.03871677572458424
0.45829171867091567,0.49986801085187743,0.04184027047720681
0.45846881497982767,0.4998330051104182,0.041698179909753955
0.4579706553629925,0.5000843477326802,0.04194499690432723
0.4582658514507913,0.4997537094992407,0.041980439049968094
0.45757790422538935,0.5004504605986438,0.04197163517596656
0.458408634106249,0.4998565338706279,0.0417348320231233
0.45851440379978314,0.4997760367470018,0.04170955945321507
0.458767000234264,0.5001313639115509,0.04110163585418529
0.45830750823534094,0.4999578651324184,0.04173462663224074
0.45842417932303114,0.4998738990196467,0.041701921657322165
0.45847538712618413,0.4998896929966991,0.04163491987711671
0.4583386850119531,0.49970287738742586,0.04195843760062133
0.4583198022210672,0.49971482293762526,0.041965374841307586
0.45819850021544545,0.4999465584151547,0.04185494136939997
0.4584252716655914,0.4997519529783021,0.04182277535610632
0.4581901573701248,0.4999559271418142,0.04185391548806081
0.4581084299920114,0.5003021235698994,0.04158944643808921
0.4581198637951183,0.5000797124779072,0.04180042372697474
0.4583351754200625,0.49977580339739774,0.041889021182539614
0.4582933423347518,0.4995915691401955,0.0421150885250529
0.4583173952021871,0.49978306505199177,0.04189953974582134
0.45816409817961085,0.5001642249039965,0.041671676916392675
0.458257644714407,0.5001899920902646,0.0415523631953286
0.4584181082098921,0.5001217332363574,0.041460158553750556
0.4583842920548672,0.4998333095567932,0.041782398388339526
0.4583142245271974,0.49969369093880206,0.04199208453400065
0.45841680718501165,0.4996380042628296,0.041945188552158646
0.45820597068463553,0.4999499596597152,0.04184406965564923
0.4579549451168474,0.5002587528958116,0.041786301987341005
0.4577632095656021,0.5002809038514802,0.04195588658291763
0.45839706466408764,0.499820651554991,0.04178228378092136
0.45834247120532023,0.4996813237856587,0.04197620500902131
0.4585378747591625,0.49994139426489087,0.04152073097594656
0.4578741937357633,0.5000261248752492,0.042099681388987634
0.4581557052529323,0.5000458704142732,0.0417984243327945
0.44987411207400113,0.4941169009280713,0.05600898699792759
0.4582129508292162,0.4998934149290118,0.04189363424177211
0.45834166087145606,0.4999257007256298,0.041732638402914274
0.45828398264651854,0.5000055069889856,0.04171051036449553
0.45775293779413007,0.5001482279858637,0.04209883422000646
0.45837738106718684,0.5001344741833761,0.04148814474943731
0.4588902725205821,0.5002177408252015,0.0408919866542165
0.4578357420438157,0.5002729767256453,0.04189128123053913
0.45841246851791617,0.499926623634909,0.041660907847174786
0.4580831737588442,0.4998985808904351,0.0420182453507208
0.4582573150388043,0.4997272756578229,0.04201540930337272
0.4583505044216743,0.49968188459224006,0.04196761098608548
0.45821008431235316,0.5000418669805969,0.04174804870704985
0.4578813826706642,0.5002582769352772,0.04186034039405838
0.4583565717032866,0.4998795640319377,0.04176386426477574
0.4580896130891438,0.5001334313658299,0.041776955545026424
0.4584260525614413,0.4999000342067039,0.04167391323185466
0.458230025111262,0.5000978870476713,0.04167208784106669
0.45832638858452757,0.4997633074020271,0.041910304013445386
0.45820153121794566,0.5000674541069294,0.04173101467512494
0.45799223755098756,0.5002585927703839,0.04174916967862853
0.4581226918552585,0.5001051092830204,0.04177219886172124
0.45842091337477675,0.49972868614310745,0.04185040048211558
0.4584024940427554,0.49978006548458814,0.04181744047265629
0.4585536923220477,0.4998470624896348,0.04159924518831751
0.45864044963567163,0.49991296218321163,0.04144658818111698
0.45870025587860547,0.5001906609403687,0.04110908318102574
0.4578604532862188,0.5001221538652205,0.04201739284856069
0.45766112215704113,0.5005578452794196,0.041781032563539065
0.45832779308524924,0.4999507946621099,0.04172141225264087
0.4584402756759435,0.4997292898887658,0.041830434435290664
0.4586584453599211,0.4999548299905132,0.041386724649565575
0.4584417166974054,0.4997415712323753,0.04181671207021926
0.4584110671448416,0.4997432409992212,0.04184569185593716
0.4583939976775586,0.4999067524007784,0.04169924992166306
0.45829096785074824,0.4999810693709946,0.04172796277825709
0.4583053870149846,0.49997841783634184,0.04171619514867358
0.45834237430944214,0.4996260217435103,0.042031603947047295
0.4578389395178801,0.5000867340619413,0.04207432642017883
0.45835663643630326,0.49970242481036864,0.041940938753328154
0.45784859254026083,0.5000639227600762,0.042087484699662954
0.4585279954826111,0.5004697249358846,0.04100227958150412
0.45855720218230717,0.4999318571609039,0.04151094065678908
0.4584342845225011,0.49974902253803205,0.04181669293946692
0.4577925558322798,0.5006088120601112,0.04159863210760923
0.45768883328765,0.5003466491890144,0.04196451752333568
0.4582982717002545,0.4999688038774536,0.04173292442229194
0.4577885498124198,0.5002626832723223,0.041948766915257944
0.4583208567073462,0.4997186796185456,0.0419604636741083
0.45843795776847557,0.4997380282964828,0.0418240139350414
0.4583413869361054,0.4996446096527335,0.04201400341116135
0.4582821978049987,0.49980043405371466,0.04191736814128646
0.4583306199192789,0.49990608425369804,0.04176329582702303
0.4584923323502941,0.499992068372909,0.041515599276796905
0.4580714585739457,0.5001500773905438,0.04177846403551078
0.45834237133540323,0.4996421430924982,0.0420154855720984
0.4580963339668051,0.5001255962966581,0.04177806973653675
0.45843574818466815,0.49977201869661053,0.0417922331187213
0.4584486255747956,0.4997791629749813,0.041772211450222994
0.4584235612816041,0.49982871294452147,0.04174772577387418
0.4583583829871062,0.49963276695976283,0.04200885005313094
0.4577595909256401,0.5004936395190763,0.04174676955528357
0.45828908644224164,0.4998945831488861,0.04181633040887243
0.45739058351022305,0.49905117305617985,0.043558243433597155
0.458162788594266,0.4999942172865079,0.04184299411922615
0.45859075276039707,0.5001241156911574,0.0412851315484455
0.4580375411805797,0.49994818097927984,0.042014277840140495
0.45806074230671684,0.500141110709905,0.041798146983378304
0.4583267094062606,0.500316825144348,0.041356465449391304
0.45825076163076994,0.4999886988845146,0.04176053948471537
0.4587255603674004,0.5000511867153498,0.04122325291724991
0.4581081953133683,0.4998678674904657,0.042023937196166164
0.45843283709397264,0.4996498558400422,0.0419173070659852
0.45792793750022176,0.5002488151672496,0.041823247332528624
0.4580898497470343,0.5002600353988885,0.04165011485407702
0.45840414537815066,0.49980964152605933,0.041786213095789566
0.4582348616061218,0.4999188553425435,0.04184628305133471
0.458405284110302,0.4997484100108701,0.0418463058788278
0.4583795460933349,0.49974087187735994,0.04187958202930521
0.45838738438866145,0.49964723436163627,0.04196538124970219
0.45823936789423564,0.49988709073659726,0.04187354136916689
0.458388973752184,0.49994307744473804,0.041667948803077635
0.45848252204851553,0.4997505077741191,0.04176697017736528
0.45802452999781934,0.5001061378477658,0.04186933215441483
0.45840464687460497,0.49968780791623263,0.041907545209162414
0.4583716343754467,0.5000217571223291,0.04160660850222412
0.45836965191349177,0.4996781177871981,0.041952230299310084
0.457720722964374,0.5005814675879116,0.04169780944771446
0.45846644582165125,0.5001294179321215,0.04140413624622714
0.4583216053218807,0.4995627650190979,0.04211562965902155
0.45843762480785455,0.4999662753743453,0.04159609981780022
0.4584583833914833,0.49971160094969347,0.04183001565882343
0.4577955357982656,0.5003104088243191,0.04189405537741545
0.4581776255368091,0.5000558326038826,0.041766541859308434
0.45823930344351543,0.5000197033442204,0.04174099321226434
0.4577951219784433,0.5005185451943751,0.0416863328271817
0.45764490530123164,0.5006432245865925,0.041711870112175975
0.45819278047485434,0.5002388301316962,0.04156838939344923
0.45799475853805643,0.5003731044484777,0.04163213701346606
0.45834331756719604,0.49970719856973533,0.041949483863068494
0.4583015887722233,0.49958556426301115,0.04211284696476558
0.4581165202240471,0.49943764686539066,0.0424458329105622
0.4582983767602027,0.499714393008994,0.04198723023080352
0.45727712064947706,0.5006535583906528,0.04206932095986997
0.4578225383526681,0.5001207294829023,0.04205673216442942
0.4580005964786536,0.49995367938477336,0.04204572413657291
0.45832292780723816,0.49973474539345525,0.041942326799306644
0.4585706997266871,0.4998746515016528,0.04155464877165996
0.45851261420110084,0.5003179757666105,0.04116941003228852
0.45825361202464604,0.49994676945491984,0.0417996185204342
0.4583856869445445,0.49987485802387643,0.041739455031578936
0.45858332313396016,0.5011157139690757,0.04030096289696409
0.45831823535034144,0.4999806656051128,0.04170109904454584
0.45841139386195645,0.4997151331376608,0.04187347300038253
0.45839869305618675,0.499792470655561,0.041808836288252244
0.45840566444259806,0.49970331905567117,0.041891016501730584
0.45861289820439627,0.5001773742913616,0.04120972750424202
0.4580170391373085,0.4999403083512397,0.042042652511451915
0.46263640788100946,0.5057196125014355,0.03164397961755511
0.4581651367422671,0.49988539956316125,0.0419494636945716
0.45837550473581207,0.4998000765247345,0.0418244187394536
0.4584005766212878,0.49973870580675733,0.041860717571955065
0.45833053485747655,0.49977809449179317,0.04189137065073035
0.45850386700566886,0.4999630306860924,0.04153310230823886
0.45822660727518816,0.4997574114227403,0.0420159813020718
0.4581532733814013,0.4999264162645054,0.0419203103540932
0.4583747862824503,0.4997951128275618,0.04183010088998797
0.4584535144886226,0.4998914571103491,0.04165502840102823
0.458234283636246,0.5001277669875177,0.041637949376236306
0.4579955290132313,0.5002460491801212,0.041758421806647496
0.45822603147825,0.4999920583571785,0.04178191016457148
0.4582586985266787,0.5000239219902568,0.041717379483064414
0.4581322632167125,0.5000348133335641,0.041832923449723426
0.45816985017173084,0.5000566433043898,0.04177350652387958
0.4584996397632649,0.4999053307518596,0.04159502948487549
0.4583849586855714,0.49985084841312355,0.041764192901305126
0.45781153778202527,0.5003681136159432,0.041820348602031564
0.45819289605340346,0.49999758253435844,0.04180952141223812
0.4584417663426383,0.49978829688430565,0.041769936773056196
0.4584518354232548,0.4998655593939618,0.04168260518278352
0.4583343253766528,0.49962092170722205,0.04204475291612503
0.45811380328156437,0.4998660673426434,0.04202012937579217
0.45769616027107596,0.5004700465051698,0.041833793223754266
0.45805581701975717,0.4999460473255524,0.04199813565469031
0.4583590832808047,0.4996996669849884,0.04194124973420693
0.4584821172534593,0.49990268884549166,0.041615193901049154
0.45808097418416194,0.5000710411270732,0.041847984688764744
0.4584244653662469,0.49980208130047593,0.041773453333276915
0.458376184076039,0.49968981367027776,0.04193400225368324
0.45781233838258784,0.5003681601569484,0.0418195014604639
0.4578249921481192,0.5003293792008352,0.04184562865104549
0.4578299409311347,0.5002095842267366,0.04196047484212881
0.4584138659057041,0.4998091851542684,0.041776948940027515
0.45861016803317267,0.500014951435346,0.04137488053148116
0.4583856682468315,0.49985301820305683,0.041761313550111416
0.4578967869880479,0.500077764483581,0.04202544852837099
0.4582194549978715,0.499898535662613,0.04188200933951545
0.45825710376156775,0.5000303943908575,0.04171250184757477
0.4583787682413476,0.49975317258833846,0.04186805917031366
0.4563657441484012,0.4984826389261053,0.04515161692549318
0.4581519142532899,0.4998408945024615,0.04200719124424861
0.458375346603922,0.5000199578892138,0.041604695506864235
0.4584430130982198,0.49967911639994655,0.041877870501833545
0.45764001412003774,0.5004138856073719,0.04194610027259024
0.4584455706545116,0.4995668485154,0.04198758083008812
0.4584826997666001,0.4998539262222534,0.04166337401114642
0.45827737537678254,0.49985785935674226,0.04186476526647513
0.4583149454483698,0.49984990737311336,0.04183514717851701
0.4584209902477398,0.4997797082917525,0.04179930146050753
0.45840569020931304,0.49989487006092015,0.04169943972976686
0.45833803570312687,0.5002715633801643,0.04139040091670893
0.45831579591359906,0.4997197202569409,0.041964483829459935
0.45804738649247445,0.5001642050539005,0.04178840845362473
0.4584845964036244,0.4997206595757848,0.04179474402059079
0.46118594819382824,0.50399054623361,0.03482350557256177
0.4580440417359271,0.5000793646259569,0.0418765936381159
0.4583065233719081,0.49982338712692304,0.041870089501169
0.4581621959755396,0.4999262666664104,0.04191153735805001
0.4584693888169141,0.4998090245912283,0.04172158659185772
0.4582762057196717,0.5000004510601528,0.041723343220175596
0.45843987565958594,0.49967005280755666,0.041890071532857044
0.45842337205900824,0.49981094243142893,0.04176568550956273
0.45830579988891457,0.49970564398489176,0.041988556126193656
0.4586751178388682,0.5004355712623796,0.040889310898752286
0.45835051503935137,0.4997708547680003,0.04187863019264812
0.4587636045274028,0.500624029645608,0.040612365826989336
0.45846135018205075,0.49979510876264976,0.04174354105529937
0.45709094657711086,0.5005608403835214,0.04234821303936774
0.4583197024138829,0.5011947733017881,0.04048552428432925
0.4582724965317467,0.49973623597582345,0.04199126749243002
0.45826417800126795,0.4997832692658617,0.041952552732870435
0.45784064645764566,0.5000671911570626,0.042092162385291614
0.45824227359424136,0.4998488750183156,0.04190885138744265
0.4583098284341142,0.49972248153781673,0.041967690028068876
0.45830835673707204,0.49961312180673817,0.042078521456189726
0.45847855220103456,0.4998283552643178,0.04169309253464771
0.4583164785917056,0.4997281574335998,0.041955363974694675
0.45799851644906264,0.4999720922517454,0.042029391299191886
0.4583693938677704,0.4997996923119292,0.041830913820300145
0.4583289088773357,0.49962223540260936,0.04204885572005489
0.45883389876248154,0.5003643496000552,0.04080175163746322
0.45834641940234994,0.49991640893451617,0.04173717166313392
0.4582003248384257,0.500098236953379,0.041701438208195066
0.45777903551435306,0.5006026376576382,0.041618326828008666
0.4574914302822969,0.5009904639224553,0.0415181057952479
0.45827177952894016,0.49974455497543746,0.04198366549562245
0.45840492340542904,0.4999777830375013,0.04161729355706956
0.4586737750268452,0.5002853361544921,0.04104088881866286
0.4594149975962171,0.5013759552970298,0.03920904710675274
0.45796923139277823,0.5005672051907031,0.04146356341651863
0.45832103632412124,0.4996313683785383,0.04204759529734034
0.4577280038988671,0.5004770689014613,0.04179492719967157
0.4583649615193619,0.49980400936667346,0.041831029113964635
0.4583485865626789,0.499608011666823,0.04204340177049815
0.4583918498952357,0.4997861530223879,0.041821997082376404
0.45744924330467573,0.5005685511506465,0.041982205544677784
0.45763954547672975,0.5004150545838298,0.04194539993944052
0.45828773481399443,0.499984580182298,0.041727685003707764
0.4579696906523647,0.5001307296419871,0.04189957970564811
0.45831062099101916,0.4999484732075364,0.0417409058014446
0.45790658086905583,0.5003667858689381,0.041726633262005895
0.45830793001364156,0.4998841686420697,0.0418079013442889
0.45806083045992824,0.5000716004767496,0.04186756906332217
0.45807715243437996,0.5001103594637122,0.04181248810190811
0.4583871436882396,0.49971886120659137,0.04189399510516913
0.4582530170461472,0.4999576460068636,0.0417893369469893
0.45833149451065097,0.49969796095355135,0.04197054453579757
0.45910262825609066,0.500729561966731,0.04016780977717814
0.45791336122626874,0.5002813830237353,0.041805255749996016
0.4577419833972574,0.500354152863925,0.04190386373881758
0.4590342728315037,0.5004496762421934,0.040516050926302845
0.45824216582128224,0.5005289609350626,0.04122887324365494
0.459193815922453,0.5011247811933455,0.039681402884201536
0.45799384985400554,0.5002401023869874,0.04176604775900706
0.4583366627938515,0.4999208956938556,0.041742441512292915
0.45802497889402266,0.5001376868855628,0.04183733422041452
0.45833538030451276,0.4997739118858545,0.041890707809632693
0.45806723512131636,0.5001116497104765,0.04182111516820696
0.45822014273035977,0.499935135225036,0.041844722044604106
0.45830657734489455,0.4997902011919696,0.041903221463136
0.45751549228883887,0.5007682845271351,0.041716223184025965
0.45870039064526674,0.5002767105634447,0.04102289879128844
0.45839486500343735,0.49971674176741815,0.04188839322914463
0.45816444369028075,0.5000388418110596,0.04179671449865948
0.45797703989706184,0.5001501034913391,0.04187285661159894
0.4580225518382541,0.5002352146599859,0.04174223350175995
0.45836455548466537,0.4996333237941426,0.042002120721192256
0.4581448762721263,0.49989182891424166,0.041963294813631986
0.4593241458010008,0.5008982446027423,0.03977760959625675
0.4584416840825198,0.4997968865587009,0.041761429358779016
0.4580039377149908,0.49990061049087925,0.042095451794130156
0.4579908627657588,0.5001643956718584,0.04184474156238298
0.45824180206062787,0.49995622426031106,0.04180197367906101
0.45824803966917776,0.49996706106900385,0.0417848992618182
0.45800283540519815,0.49998345506262476,0.0420137095321771
0.4577227854532261,0.5004803725486345,0.04179684199813943
0.4586916957069378,0.4999766210368369,0.04133168325622556
0.4581395745026292,0.4999347349227862,0.04192569057458501
0.4593392319114844,0.5008169555687778,0.039843812519737815
0.4583271324039347,0.4997811786298892,0.04189168896617619
0.45832014829168066,0.49961811405895173,0.04206173764936763
0.4578923857578503,0.5003704187394922,0.04173719550265788
0.45805380610144575,0.5001044567078947,0.04184173719065941
0.4585470445848052,0.49981860163411335,0.04163435378108129
0.45846558899577217,0.4997720015039034,0.04176240950032437
0.4586081446270111,0.4999211777599122,0.04147067761307635
0.4585887823896365,0.4999324844205834,0.04147873318978021
0.45846209886375866,0.4998428591544888,0.04169504198175235
0.45806039446008523,0.5000656291595799,0.041873976380334736
0.4585169156821311,0.4998246557947938,0.041658428523075074
0.45835416219220604,0.4997798500818367,0.04186598772595721
0.45807023169437916,0.5001286469620252,0.04180112134359564
0.45833253468596913,0.4998634179756804,0.04180404733835058
0.45824799451741155,0.49973756193021956,0.04201444355236893
0.4576338071251251,0.501412790236583,0.040953402638292245
0.4578137718113501,0.5000835809476815,0.04210264724096841
0.45847715219753515,0.4997768191041466,0.041746028698318206
0.45838988147831583,0.4997978504985772,0.04181226802310683
0.4584609314204183,0.49973434117816856,0.04180472740141304
0.45839128055500017,0.4996513644702713,0.04195735497472851
0.4582430533311035,0.49984047362528417,0.04191647304361238
0.45841455162095013,0.49985892411561794,0.041726524263431757
0.4583155042081769,0.4996955036243878,0.04198899216743511
0.4581236385343125,0.5002145352317217,0.041661826233965756
0.45841458955508557,0.49968610729659463,0.04189930314832008
0.45839363378457004,0.5002088918954452,0.04139747431998479
0.4581357886844652,0.5000406398678436,0.04182357144769118
0.4583992862181593,0.4996502421374211,0.0419504716444199
0.4577851230876594,0.5002011009474175,0.04201377596492305
0.45824375876647483,0.4998862214577315,0.04187001977579344
0.4581290001346069,0.5000886471229491,0.041782352742444004
0.4581519988460014,0.49999045216488863,0.04185754898911011
0.4584020394736531,0.4997179815211412,0.041879979005205674
0.45834807041924736,0.4996704644250667,0.04198146515568583
0.45707915017769024,0.4987789756037632,0.044141874218546436
0.45832163633766987,0.4996994588195399,0.04197890484278995
0.4583816278974084,0.49988161230285183,0.04173675979973985
0.4592219950107112,0.5007460889038177,0.0400319160854712
0.45775123538699586,0.5002666164609736,0.0419821481520304
0.45832316108389537,0.49974345061238484,0.04193338830371952
0.4583024812046956,0.49993634009724836,0.041761178698055915
0.45823436807662904,0.4999778071917983,0.0417878247315724
0.45860588750188597,0.5003714607133735,0.04102265178474069
0.4578678492672178,0.5001709328113954,0.04196121792138676
0.4591654331503705,0.5016314464694346,0.03920312038019495
0.458462016939521,0.49981869836465803,0.04171928469582095
0.4603696072024569,0.5031580231450327,0.03647236965251031
0.4578704721219581,0.5000688862313621,0.042060641646679754
0.45837053949282025,0.49988294969336583,0.04174651081381389
0.45832343862521685,0.49968145399133684,0.04199510738344612
0.4583078038512623,0.4996217485140495,0.04207044763468804
0.45896987535172984,0.5007463847004108,0.04028373994785962
0.4584021420250443,0.49981758682669747,0.04178027114825818
0.4584421070032874,0.4997906622510999,0.041767230745612664
0.4579182381460289,0.500100839595431,0.041980922258540256
0.4583177896848548,0.5000829720109736,0.041599238304171594
0.4581437737019069,0.5000996575650999,0.041756568732993216
0.45776734613059017,0.5005319421198902,0.04170071174951967
0.4605936687129822,0.5025094027751006,0.036896928511917185
0.45839994971213843,0.4996961245322307,0.04190392575563094
0.45841189037224084,0.49978705793336153,0.04180105169439753
0.4584391806452322,0.4997567346279692,0.04180408472679858
0.45846274883566884,0.499946680225489,0.04159057093884234
0.4583854430559315,0.49985297512674665,0.041761581817321765
0.45827820052384255,0.49981549403543035,0.04190630544072692
0.4585277422228101,0.50009106907618,0.041381188701009944
0.45835505359726236,0.49987722028349063,0.04176772611924686
0.45834400774434836,0.49989130898132206,0.04176468327432964
0.4583065351888934,0.4998865854016448,0.0418068794094618
0.45828188416626264,0.4998248299581153,0.041893285875622154
0.4578219267445512,0.5003241808717921,0.04185389238365667
0.45830310454825335,0.49979648299118773,0.04190041246055891
0.4583405370593583,0.4996590666198532,0.042000396320788363
0.45842561566058915,0.49980308493736875,0.04177129940204187
0.4584416675874902,0.49978317871571126,0.041775153696798455
0.45791119484322884,0.500379104153422,0.041709701003349066
0.4572905721680488,0.500300173478846,0.04240925435310518
0.4583456642919161,0.5000246631925229,0.041629672515560816
0.45832243102444953,0.4996997758508323,0.041977793124718235
0.45813790637675805,0.49996412401220325,0.041897969611038734
0.4581416719483103,0.5000200244127829,0.04183830363890654
0.4583644890056353,0.49961101381371037,0.04202449718065426
0.4582000933635716,0.5001783426721711,0.04162156396425738
0.45835432256568437,0.4996138937218636,0.04203178371245197
0.4583884378136199,0.499969508733249,0.04164205345313111
0.45839537171822986,0.4997941355968116,0.04181049268495851
0.45829821228711753,0.5000897422643108,0.041612045448571416
0.4575123366147988,0.5003899037189163,0.04209775966628503
0.4579119079670692,0.5001620068066117,0.04192608522631903
0.45815484170944965,0.4998861905487406,0.04195896774180941
0.4580368386793858,0.5002214951228908,0.0417416661977234
0.45917178930859204,0.5005983903584567,0.04022982033295113
0.45858975891072584,0.5001043528861847,0.04130588820308945
0.4586029532662006,0.500108778086992,0.0412882686468077
0.45798353117054097,0.4999438626117821,0.04207260621767673
0.45832981687862706,0.49994181641908036,0.041728366702292706
0.4584338898002814,0.4999112154634002,0.041654894736318566
0.45837000106435155,0.49961970907758874,0.04201028985805957
0.4584294385136514,0.499705738288043,0.04186482319830533
0.46276199918598787,0.5058433909175544,0.03139460989645793
0.4582486296726169,0.5001992305260413,0.04155213980134186
0.4582902115595949,0.49977473259182226,0.04193505584858261
0.45852387039557096,0.4999891542234869,0.04148697538094218
0.45829902233450326,0.49968259827213135,0.04201837939336528
0.45759218004349084,0.5003639380132705,0.04204388194323882
0.45845302858359893,0.4998825900927647,0.041664381323636306
0.4583533463200133,0.49961304745663715,0.04203360622334961
0.45804353346591203,0.5000294114105426,0.04192705512354561
0.4581679041293756,0.5000132464991662,0.04181884937145809
0.4583098260503145,0.4997186417018723,0.04197153224781348
0.4580146327937232,0.5002966386213914,0.0416887285848855
0.45763187586579784,0.5003073658405758,0.04206075829362633
0.4583053974172031,0.49979614605483874,0.04189845652795807
0.45837483262610185,0.4996950467175003,0.041930120656397604
0.4583426874399416,0.49987263542510196,0.04178467713495651
0.4583931232695194,0.4999410771897512,0.041665799540729326
0.4583301594626804,0.49973468361860995,0.04193515691870969
0.45806229775717777,0.5001912548965849,0.041746447346237586
0.45846310049301753,0.49986204737147677,0.0416748521355057
0.4583502132005455,0.4997706349740212,0.04187915182543337
0.45810320426929785,0.5000777981521934,0.0418189975785086
0.4583139610155216,0.49976907075660043,0.04191696822787783
0.45832601690108254,0.4999077945677606,0.0417661885311568
0.45813061194675697,0.5000219565037818,0.041847431549461196
0.45837945028909305,0.4997298135099686,0.041890736200938625
0.45846978063587546,0.5001723637888732,0.04135785557525142
0.45861638587770287,0.5001199433956333,0.04126367072666391
0.4579736092518335,0.49997797213130624,0.04204841861686017
0.45853296863933235,0.4998642909816621,0.04160274037900562
0.4579051418384755,0.500125553728621,0.04196930443290353
0.457864818295932,0.500423797134092,0.04171138456997592
0.4579329609556245,0.49997765757050483,0.04208938147387058
0.4583487802310454,0.4999986912184879,0.04165252855046661
0.45705661854558055,0.49969692721751674,0.04324645423690258
0.4579822914804075,0.4999717326398575,0.04204597587973493
0.4583883885860976,0.4996466226535006,0.04196498876040173
0.4565627214020108,0.4987526857503194,0.04468459284766953
0.4583133294657872,0.4997358062528334,0.041950864281379355
0.45834794653429384,0.4995929878298695,0.04205906563583679
0.4579756226786469,0.5000156959252703,0.04200868139608274
0.45825443407255495,0.4998832714554503,0.04186229447199469
0.4585514926656587,0.500051998244452,0.041396509089889184
0.4584521236230462,0.4998479451586046,0.04169993121834939
0.45761819767213185,0.5002880119055891,0.04209379042227889
0.4579546657660529,0.4999486911245781,0.04209664310936897
0.45841629008647333,0.4998126587991823,0.04177105111434419
0.4585511415236638,0.4998048597484928,0.041643998727843454
0.45825031199590227,0.4998721230747229,0.04187756492937496
0.4582421027974149,0.5000281303330666,0.041729766869518334
0.45810089202228693,0.5000743663322358,0.04182474164547744
0.458237995290343,0.49984944777493895,0.041912556934718126
0.458321196042227,0.49999971702782353,0.04167908692994941
0.4584574327796026,0.49969007156082385,0.04185249565957335
0.45846345420566254,0.49979414576505254,0.04174240002928486
0.4583384517126798,0.49975552091005365,0.04190602737726643
0.45771813079732143,0.49998408633081104,0.042297782871867584
0.4566644414834741,0.4985078853398015,0.04482767317672438
0.45769817720401496,0.4992230505598496,0.043078772236135376
0.4581131837018677,0.500043709239543,0.0418431070585891
0.4583469163177565,0.5001404616650348,0.04151262201720853
0.45824932848115724,0.5000085117773271,0.04174215974151565
0.4579884141176054,0.5002626261892428,0.041748959693151816
0.4584083876030832,0.4998331793840325,0.04175843301288434
0.45846461028261765,0.49994169193294324,0.04159369778443917
0.45827159231713505,0.5001069943771655,0.04162141330569937
0.4581112653586115,0.5003261810974179,0.04156255354397051
0.45758945600672785,0.5006374486157447,0.04177309537752747
0.45787134856550443,0.5001233775840527,0.04200527385044322
0.45806869827951185,0.5003499622615071,0.04158133945898104
0.4584081383806518,0.4997777386886932,0.04181412293065508
0.45778329747038454,0.5001504018745061,0.0420663006551096
0.45821270010085324,0.4998965803582164,0.041890719540930446
0.45834795879848744,0.4999672689561419,0.04168477224537055
0.45787739250241005,0.5001524640639825,0.04197014343360742
0.4581677454376674,0.4999330501034476,0.041899204458884745
0.4581642501531045,0.4998481992078764,0.04198755063901899
0.45808523546049906,0.500005034029064,0.041909730510436956
0.4575593054649029,0.5005729670210861,0.041867727514010994
0.4579385467368874,0.5002942044051907,0.041767248857921664
0.45831602997882037,0.49992535647451375,0.04175861354666568
0.4584671576280827,0.499792962566617,0.04173987980530041
0.4583951154395747,0.49959786097632014,0.04200702358410502
0.4583567734167209,0.49984499555941814,0.041798231023860793
0.45867404984878524,0.5002528448965544,0.041073105254660194
0.4584483999977381,0.49974131056336163,0.04181028943890002
0.4585149753088237,0.4998396109323108,0.04164541375886535
0.45836869608688874,0.49973403851838416,0.041897265394727094
0.45848062133127043,0.49986027874827305,0.04165909992045647
0.45842839833399834,0.499725199077104,0.0418464025888975
0.4583240453222176,0.4998714727446753,0.04180448193310725
0.4581331435921695,0.5000451954139972,0.0418216609938334
0.4582342102743895,0.5000454958873843,0.041720293838226015
0.4584437502933225,0.49981369420605726,0.041742555500620435
0.458385252024923,0.4997442134176807,0.04187053455739649
0.458424104665124,0.4998520464135209,0.04172384892135523
0.45816324494631044,0.4999704955775718,0.04186625947611778
0.45980093902071145,0.5014920413282203,0.03870701965106829
0.4580307297249423,0.4999339586085865,0.0420353116664712
0.45827379165397386,0.49978212138009703,0.04194408696592907
0.4581085414323396,0.49987287947485876,0.0420185790928016
0.45763537542476745,0.5004064222016216,0.04195820237361102
0.4583152990538311,0.49986643716179163,0.04181826378437726
0.4579385905578771,0.5001871319025871,0.04187427753953616
0.4580729127843969,0.5002214859489112,0.04170560126669189
0.4583774519367321,0.49984129403152566,0.041781254031742196
0.4581227301686604,0.5001044676614371,0.041772802169902215
0.45827276346306206,0.500041554006831,0.041685682530106856
0.45822070084109434,0.4999071787616084,0.04187212039729726
0.45848000053408433,0.4998428383910164,0.04167716107489887
0.45791157876288535,0.5001620124060349,0.04192640883107957
0.45916590521040374,0.5007192946785047,0.040114800111091316
0.45781962643865043,0.5004897884093126,0.041690585152036885
0.459268110373771,0.5007257735764241,0.04000611604980504
0.4584576139487997,0.4999381546332107,0.041604231417989655
0.4584529144522188,0.4998006725970461,0.041746412950734994
0.45851583841756377,0.4998826015721771,0.04160156001025932
0.4582926811166277,0.49996250873920184,0.041744810144170294
0.4586910062777728,0.5003804779117321,0.04092851581049496
0.458116641810225,0.4999535034452351,0.04192985474453982
0.4581067494881915,0.50033471160072,0.04155853891108855
0.4576746089361396,0.5006155611720707,0.041709829891789604
0.4583194692618433,0.4999079564825461,0.041772574255610595
0.45865173004222737,0.5004743349734325,0.04087393498434025
0.4583636044913004,0.49966468073486703,0.041971714773832644
0.45792478110515167,0.5000928707398844,0.04198234815496384
0.4579315233506633,0.5001928595054312,0.041875617143905565
0.45845408715608554,0.4997119953029798,0.04183391754093462
0.4582415933365842,0.4999018230975493,0.04185658356586633
0.45829198260070153,0.4999433707821827,0.04176464661711559
0.4583581249778396,0.4999416195578596,0.041700255464300576
0.4584863327299401,0.49994544442062205,0.04156822284943775
0.45828916102775985,0.499878593715694,0.04183224525654609
0.45844182282923807,0.4997576848797317,0.04180049229103035
0.4584027629110956,0.4996969143022106,0.0419003227866938
0.4582257863009744,0.5000381015462999,0.041736112152725824
0.4602214796750033,0.5020249290129096,0.0377535913120871
0.45825995385941704,0.4998727014178897,0.04186734472269339
0.45788994866149213,0.5002783162208271,0.04183173511768085
0.457981986672247,0.49990905131005675,0.042108962017696434
0.45836593163538286,0.499978185434847,0.04165588292977016
0.45810674877102386,0.5000855343121456,0.04180771691683056
0.45829168079535343,0.4999207681278398,0.0417875510768065
0.4577180310298067,0.5005712795166944,0.04171068945349884
0.45822558148137343,0.5000855358558962,0.04168888266273012
0.45841022318898317,0.4997980361032478,0.041791740707769004
0.45821884836325305,0.500063415322246,0.041717736314500986
0.45823631238291923,0.49987473929125675,0.04188894832582394
0.4579604815632132,0.49992931297100157,0.042110205465785096
0.4578928192933142,0.5001586884651225,0.04194849224156349
0.458764417234025,0.5005050597905454,0.04073052297542952
0.4579144182312112,0.4999955452067788,0.04209003656200994
0.4577525106462504,0.5003494489238591,0.04189804042989046
0.45801898943245345,0.49994989961149905,0.04203111095604743
0.45801275212117654,0.4999532385133181,0.04203400936550529
0.45838465776545173,0.4996448647165008,0.0419704775180475
0.458178771852133,0.49998109479504266,0.04184013335282421
0.45846323416619833,0.4997834951104715,0.04175327072333
0.45829830926082,0.4999227486917055,0.041778942047474524
0.45843400070800366,0.4998635560571748,0.041702443234821585
0.4582058046951018,0.4999197928770474,0.041874402427850774
0.4584222327540497,0.49972558136369283,0.041852185882257545
0.45840379865635567,0.49991567960875505,0.041680521734889335
0.45837756078604314,0.4999369393669872,0.04168549984696965
0.45872378000539593,0.500526405961099,0.04074981403350505
0.45764337798749927,0.5003061575502776,0.042050464462223214
0.4578957152349358,0.5003848574463415,0.04171942731872274
0.45830901477218156,0.5001471134083582,0.041543871819460086
0.4579044414674492,0.5002735829520673,0.0418219755804835
0.4584922761617236,0.49985009285855964,0.041657630979716954
0.4583652328815266,0.49982030994397386,0.04181445717449981
0.4584201752586275,0.4996360534781969,0.04194377126317561
0.45838614779672743,0.500204154323809,0.04140969787946342
0.45837570050273846,0.49983538212663836,0.04178891737062349
0.4580304566692158,0.5002384914557989,0.041731051874985374
0.45848199004699014,0.4998259841652356,0.041692025787774305
0.4583359968281171,0.49987207062203,0.04179193254985282
